7 0.9863013698630136 0.3219178082191781 0.0273972602739726 0.0715372907153729
7 0.5365296803652968 0.69558599695586 0.0532724505327245 0.060882800608828
6 0.5821917808219178 0.893455098934551 0.0319634703196347 0.0182648401826484
6 0.5509893455098934 0.9117199391171994 0.0243531202435312 0.0334855403348554
6 0.5266362252663622 0.9505327245053272 0.0395738203957382 0.0350076103500761
6 0.5844748858447488 0.974124809741248 0.0213089802130898 0.030441400304414
6 0.617199391171994 0.969558599695586 0.0228310502283105 0.0243531202435312
7 0.2777777777777778 0.9604261796042618 0.0563165905631659 0.0791476407914764
5 0.3995433789954338 0.9497716894977168 0.1415525114155251 0.1004566210045662
7 0.3226788432267884 0.380517503805175 0.0821917808219178 0.076103500761035
7 0.4041095890410959 0.8546423135464232 0.0837138508371385 0.0928462709284627
7 0.4916286149162861 0.878234398782344 0.1004566210045662 0.0791476407914764
7 0.5144596651445966 0.7922374429223744 0.1095890410958904 0.0958904109589041
7 0.4611872146118721 0.756468797564688 0.0700152207001522 0.0791476407914764
5 0.7595129375951294 0.8904109589041096 0.1765601217656012 0.2191780821917808
5 0.7176560121765602 0.6712328767123288 0.1933028919330289 0.2161339421613394
7 0.6118721461187214 0.784627092846271 0.0639269406392694 0.0776255707762557
7 0.5136986301369864 0.5943683409436834 0.0898021308980213 0.0745814307458143
7 0.578386605783866 0.632420091324201 0.0578386605783866 0.0654490106544901
7 0.4604261796042618 0.6598173515981736 0.0989345509893455 0.1050228310502283
5 0.07382039573820395 0.9619482496194824 0.1445966514459665 0.076103500761035
5 0.2770167427701674 0.7853881278538812 0.1887366818873668 0.2404870624048706
5 0.0898021308980213 0.7922374429223744 0.1796042617960426 0.2024353120243531
5 0.0928462709284627 0.5707762557077626 0.1856925418569254 0.2526636225266362
5 0.2557077625570776 0.5509893455098934 0.2526636225266362 0.228310502283105
5 0.6689497716894978 0.393455098934551 0.2237442922374429 0.2176560121765601
5 0.4878234398782344 0.4208523592085236 0.2572298325722983 0.2450532724505327
7 0.665144596651446 0.530441400304414 0.0791476407914764 0.0471841704718417
7 0.6910197869101978 0.5296803652968036 0 0
5 0.484779299847793 0.1765601217656012 0.2115677321156773 0.2191780821917808
5 0.3691019786910198 0.06468797564687975 0.3363774733637747 0.1293759512937595
5 0.0882800608828006 0.09512937595129375 0.1765601217656012 0.1902587519025875
5 0.0898021308980213 0.23972602739726026 0.1796042617960426 0.1050228310502283
5 0.2770167427701674 0.19710806697108066 0.1917808219178082 0.1202435312024353
7 0.3051750380517504 0.2884322678843227 0.1111111111111111 0.0715372907153729
7 0.2557077625570776 0.3340943683409437 0.0821917808219178 0.0806697108066971
3 0.8143074581430746 0.09969558599695585 0.0487062404870624 0.0715372907153729
3 0.8592085235920852 0.1598173515981735 0.0380517503805175 0.0426179604261796
3 0.8767123287671232 0.4452054794520548 0.0395738203957382 0.0593607305936073
3 0.8744292237442922 0.6187214611872146 0.0380517503805175 0.0410958904109589
3 0.8995433789954338 0.6529680365296804 0.030441400304414 0.0547945205479452
3 0.8995433789954338 0.1354642313546423 0.0243531202435312 0.0395738203957382