5 0.921613394216134 0.04946727549467275 0.1324200913242009 0.0989345509893455
7 0.5806697108066972 0.1704718417047184 0.0806697108066971 0.0974124809741248
5 0.6727549467275494 0.1872146118721461 0.0882800608828006 0.1095890410958904
5 0.741248097412481 0.1628614916286149 0.1035007610350076 0.1248097412480974
5 0.5943683409436834 0.0532724505327245 0.0989345509893455 0.106544901065449
5 0.682648401826484 0.04794520547945205 0.0989345509893455 0.0958904109589041
0 0.3751902587519026 0.2937595129375951 0.1263318112633181 0.1248097412480974
0 0.4634703196347032 0.1796042617960426 0.1476407914764079 0.1187214611872146
0 0.5578386605783866 0.2937595129375951 0.1445966514459665 0.1187214611872146
0 0.3120243531202435 0.4687975646879756 0.1187214611872146 0.1126331811263318
0 0.6308980213089802 0.4406392694063927 0.1293759512937595 0.1050228310502283
0 0.5121765601217656 0.4665144596651446 0.1385083713850837 0.1293759512937595
0 0.17427701674277016 0.4756468797564688 0.1202435312024353 0.1141552511415525
0 0.3698630136986301 0.6430745814307458 0.1156773211567732 0.1019786910197869
0 0.1156773211567732 0.6187214611872146 0.0852359208523592 0.0867579908675799
0 0.7937595129375952 0.441400304414003 0.1050228310502283 0.121765601217656
0 0.3911719939117199 0.776255707762557 0.1187214611872146 0.1156773211567732
5 0.850076103500761 0.22298325722983256 0.1385083713850837 0.1324200913242009
5 0.9497716894977168 0.273972602739726 0.1004566210045662 0.1552511415525114
5 0.878234398782344 0.3234398782343988 0.091324200913242 0.0837138508371385
0 0.7473363774733638 0.591324200913242 0.0974124809741248 0.0958904109589041
0 0.9497716894977168 0.5487062404870624 0.0852359208523592 0.0928462709284627
0 0.7747336377473364 0.8485540334855404 0.106544901065449 0.1050228310502283
0 0.530441400304414 0.7427701674277016 0.1324200913242009 0.1187214611872146
0 0.24277016742770166 0.9147640791476408 0.1080669710806697 0.106544901065449
0 0.4368340943683409 0.9505327245053272 0.1126331811263318 0.0989345509893455
0 0.7100456621004566 0.6856925418569254 0.0898021308980213 0.1019786910197869
0 0.5898021308980214 0.9429223744292238 0.1111111111111111 0.0867579908675799
0 0.9611872146118722 0.6757990867579908 0.0776255707762557 0.0974124809741248
0 0.9322678843226788 0.9231354642313546 0.1111111111111111 0.1202435312024353
0 0.2846270928462709 0.7823439878234398 0.106544901065449 0.1248097412480974
0 0.2465753424657534 0.5974124809741248 0.0974124809741248 0.0928462709284627
0 0.06468797564687975 0.7747336377473364 0.0776255707762557 0.0882800608828006
0 0.6385083713850838 0.5540334855403348 0.0745814307458143 0.0791476407914764
0 0.5312024353120244 0.6179604261796042 0.0730593607305936 0.0791476407914764
0 0.1704718417047184 0.6902587519025876 0.0852359208523592 0.0776255707762557
0 0.8843226788432268 0.7663622526636226 0.091324200913242 0.1141552511415525
0 0.678082191780822 0.830289193302892 0.0989345509893455 0.0989345509893455
0 0.776255707762557 0.9459665144596652 0.106544901065449 0.0989345509893455
0 0.958904109589041 0.4383561643835616 0.0821917808219178 0.0974124809741248
0 0.708523592085236 0.2853881278538813 0.0715372907153729 0.0624048706240487
0 0.7937595129375952 0.3485540334855403 0.0654490106544901 0.076103500761035
0 0.710806697108067 0.3599695585996956 0.0791476407914764 0.0745814307458143
7 0.958904109589041 0.17123287671232876 0.0578386605783866 0.0593607305936073
7 0.8333333333333334 0.13470319634703196 0.0593607305936073 0.0745814307458143
7 0.928462709284627 0.1324200913242009 0.0578386605783866 0.0547945205479452
7 0.769406392694064 0.07686453576864535 0.0684931506849315 0.0684931506849315
7 0.8287671232876712 0.0289193302891933 0.0624048706240487 0.0578386605783866
7 0.7640791476407914 0.0228310502283105 0.0578386605783866 0.045662100456621
0 0.8470319634703196 0.6400304414003044 0.0867579908675799 0.0989345509893455
0 0.5578386605783866 0.8439878234398782 0.0958904109589041 0.0928462709284627
0 0.06164383561643835 0.4665144596651446 0.0806697108066971 0.0654490106544901