1 0.7754946727549468 0.2039573820395738 0.1445966514459665 0.1552511415525114
1 0.5920852359208524 0.16818873668188736 0.1491628614916286 0.1415525114155251
1 0.789193302891933 0.5928462709284628 0.1628614916286149 0.1750380517503805
1 0.7648401826484018 0.4368340943683409 0.0989345509893455 0.076103500761035
1 0.928462709284627 0.2732115677321157 0.091324200913242 0.1293759512937595
1 0.9041095890410958 0.4170471841704718 0.1248097412480974 0.136986301369863
1 0.6735159817351598 0.8660578386605784 0.0989345509893455 0.1248097412480974
1 0.8485540334855404 0.8318112633181126 0.1750380517503805 0.2359208523592085
5 0.5905631659056316 0.3812785388127854 0.2100456621004566 0.1780821917808219
5 0.573820395738204 0.54337899543379 0.213089802130898 0.15220700152207
5 0.515220700152207 0.7366818873668188 0.1476407914764079 0.1552511415525114
5 0.3736681887366819 0.8470319634703196 0.2085235920852359 0.1780821917808219
5 0.1780821917808219 0.8850837138508372 0.213089802130898 0.1476407914764079
5 0.2846270928462709 0.7115677321156774 0.319634703196347 0.1598173515981735
5 0.17579908675799086 0.5471841704718418 0.2237442922374429 0.1598173515981735
5 0.1735159817351598 0.3523592085235921 0.1704718417047184 0.1263318112633181
5 0.3523592085235921 0.3820395738203957 0.1902587519025875 0.1400304414003044
5 0.16514459665144596 0.20928462709284626 0.1171993911719939 0.1141552511415525
5 0.22602739726027396 0.09360730593607305 0.1476407914764079 0.1019786910197869
5 0.3363774733637747 0.1856925418569254 0.2100456621004566 0.167427701674277
5 0.04033485540334855 0.2496194824961948 0.0684931506849315 0.1856925418569254
5 0.0882800608828006 0.0958904109589041 0.0791476407914764 0.0882800608828006