5 0.7123287671232876 0.6339421613394216 0.1400304414003044 0.1476407914764079
5 0.784627092846271 0.563165905631659 0.0958904109589041 0.106544901065449
7 0.745814307458143 0.4474885844748858 0.060882800608828 0.060882800608828
5 0.639269406392694 0.11643835616438356 0.121765601217656 0.1324200913242009
5 0.4855403348554033 0.1354642313546423 0.1400304414003044 0.1187214611872146
5 0.1780821917808219 0.16057838660578386 0.182648401826484 0.1719939117199391
5 0.3592085235920852 0.23668188736681886 0.2009132420091324 0.1476407914764079
5 0.880517503805175 0.3493150684931507 0.1019786910197869 0.1293759512937595
5 0.8987823439878234 0.16210045662100456 0.1111111111111111 0.1933028919330289
5 0.7092846270928462 0.2983257229832572 0.1704718417047184 0.1704718417047184
5 0.7747336377473364 0.18340943683409436 0.0943683409436834 0.0867579908675799
5 0.7929984779299848 0.07990867579908675 0.0943683409436834 0.0989345509893455
5 0.1506849315068493 0.3287671232876712 0.121765601217656 0.0882800608828006
5 0.604261796042618 0.4056316590563166 0.136986301369863 0.1019786910197869
5 0.6339421613394216 0.5197869101978692 0.1445966514459665 0.0958904109589041
5 0.8538812785388128 0.4931506849315068 0.1095890410958904 0.136986301369863
5 0.1811263318112633 0.4687975646879756 0.106544901065449 0.1248097412480974
5 0.2534246575342466 0.3797564687975647 0.0989345509893455 0.0989345509893455
5 0.3744292237442922 0.3789954337899543 0.1095890410958904 0.121765601217656
5 0.0852359208523592 0.5722983257229832 0.1187214611872146 0.1035007610350076
5 0.4452054794520548 0.6210045662100456 0.2054794520547945 0.0882800608828006
5 0.469558599695586 0.4771689497716895 0.1263318112633181 0.1476407914764079
5 0.2876712328767123 0.502283105022831 0.106544901065449 0.121765601217656
5 0.5 0.3059360730593607 0.1111111111111111 0.1552511415525114
5 0.5654490106544902 0.21385083713850836 0.0837138508371385 0.0563165905631659
5 0.2602739726027397 0.6331811263318112 0.1643835616438356 0.1248097412480974
5 0.06164383561643835 0.6902587519025876 0.0806697108066971 0.0958904109589041
5 0.2678843226788432 0.8280060882800608 0.1248097412480974 0.1035007610350076
5 0.3523592085235921 0.7648401826484018 0.1019786910197869 0.0989345509893455
5 0.12252663622526636 0.9033485540334856 0.0806697108066971 0.0867579908675799
5 0.16210045662100456 0.7442922374429224 0.1598173515981735 0.1187214611872146
5 0.4573820395738204 0.7519025875190258 0.1171993911719939 0.106544901065449
5 0.9071537290715372 0.7199391171993912 0.1339421613394216 0.1491628614916286
5 0.9147640791476408 0.589041095890411 0.0578386605783866 0.060882800608828
5 0.3409436834094368 0.0821917808219178 0.1248097412480974 0.1187214611872146
5 0.6202435312024354 0.7595129375951294 0.1750380517503805 0.1400304414003044
5 0.5083713850837138 0.8866057838660578 0.167427701674277 0.1445966514459665
5 0.7907153729071538 0.8736681887366818 0.1445966514459665 0.1248097412480974
5 0.9010654490106544 0.9140030441400304 0.106544901065449 0.0867579908675799