5 0.8875379939209727 0.6095890410958904 0.22492401215805471 0.1506849315068493
5 0.8525835866261399 0.9079147640791476 0.22492401215805471 0.1841704718417047
5 0.08662613981762918 0.0898021308980213 0.17325227963525835 0.1796042617960426
5 0.17325227963525835 0.16818873668188736 0.16717325227963525 0.1506849315068493
5 0.29711246200607905 0.06164383561643835 0.12006079027355623 0.1171993911719939
5 0.5379939209726444 0.05859969558599695 0.0911854103343465 0.1080669710806697
5 0.7682370820668692 0.06316590563165905 0.32066869300911854 0.1171993911719939
5 0.8457446808510638 0.2602739726027397 0.1656534954407295 0.2678843226788432
5 0.6854103343465046 0.2549467275494673 0.1580547112462006 0.2602739726027397
5 0.5600303951367781 0.2656012176560122 0.08662613981762918 0.1841704718417047
5 0.44376899696048633 0.24277016742770166 0.1458966565349544 0.1171993911719939
5 0.4012158054711246 0.12252663622526636 0.1276595744680851 0.0958904109589041
5 0.44832826747720367 0.0715372907153729 0.08814589665653495 0.1004566210045662
5 0.3168693009118541 0.2085235920852359 0.09574468085106383 0.1308980213089802
5 0.15501519756838905 0.34779299847793 0.1945288753799392 0.1872146118721461
5 0.034954407294832825 0.24885844748858446 0.057750759878419454 0.0502283105022831
5 0.03343465045592705 0.3835616438356164 0.060790273556231005 0.1643835616438356
5 0.05623100303951368 0.5578386605783866 0.1094224924012158 0.1476407914764079
7 0.14361702127659576 0.4741248097412481 0.06231003039513678 0.0502283105022831
5 0.2393617021276596 0.5083713850837138 0.09878419452887538 0.121765601217656
5 0.2803951367781155 0.3736681887366819 0.1474164133738602 0.1080669710806697
5 0.44148936170212766 0.3668188736681887 0.16869300911854104 0.1278538812785388
5 0.5015197568389058 0.1628614916286149 0.06382978723404255 0.0730593607305936
5 0.6063829787234043 0.4520547945205479 0.19756838905775076 0.1248097412480974
5 0.385258358662614 0.4863013698630137 0.1656534954407295 0.1111111111111111
5 0.4612462006079027 0.5722983257229832 0.135258358662614 0.136986301369863
5 0.12082066869300911 0.6430745814307458 0.1838905775075988 0.1719939117199391
5 0.07066869300911854 0.8592085235920852 0.1413373860182371 0.1415525114155251
5 0.1838905775075988 0.7831050228310502 0.1276595744680851 0.0745814307458143
5 0.09422492401215805 0.9634703196347032 0.1884498480243161 0.0730593607305936
5 0.3161094224924012 0.7823439878234398 0.1276595744680851 0.1339421613394216
5 0.23480243161094225 0.8873668188736682 0.13221884498480244 0.1095890410958904
5 0.46048632218844987 0.7579908675799086 0.1580547112462006 0.136986301369863
5 0.256838905775076 0.6872146118721462 0.0790273556231003 0.0654490106544901
5 0.31155015197568386 0.6057838660578386 0.08206686930091185 0.1035007610350076
0 0.6200607902735562 0.8744292237442922 0.08206686930091185 0.1506849315068493
0 0.7165653495440729 0.6681887366818874 0.10182370820668693 0.1156773211567732
0 0.6314589665653495 0.6506849315068494 0.05319148936170213 0.1050228310502283
0 0.7317629179331308 0.5144596651445966 0.07142857142857142 0.1400304414003044
0 0.7629179331306991 0.7777777777777778 0.20972644376899696 0.1004566210045662
5 0.8882978723404256 0.4292237442922374 0.21732522796352582 0.213089802130898
1 0.9665653495440729 0.0730593607305936 0.0668693009118541 0.1430745814307458
1 0.9665653495440729 0.21080669710806696 0.0668693009118541 0.1263318112633181