5 0.0974124809741248 0.15905631659056316 0.1095890410958904 0.1902587519025875
5 0.08143074581430745 0.3546423135464231 0.1019786910197869 0.1796042617960426
5 0.07838660578386605 0.515220700152207 0.0806697108066971 0.1111111111111111
5 0.10578386605783865 0.8660578386605784 0.1141552511415525 0.228310502283105
5 0.1567732115677321 0.6339421613394216 0.1552511415525114 0.1324200913242009
5 0.17884322678843226 0.7557077625570776 0.0837138508371385 0.0989345509893455
5 0.8089802130898022 0.8356164383561644 0.0958904109589041 0.1248097412480974
5 0.5791476407914764 0.8919330289193302 0.0654490106544901 0.0639269406392694
5 0.6818873668188736 0.8120243531202436 0.0730593607305936 0.0806697108066971
5 0.7336377473363774 0.7595129375951294 0.045662100456621 0.0487062404870624
5 0.9246575342465754 0.5220700152207002 0.1141552511415525 0.1035007610350076
5 0.8135464231354642 0.2968036529680365 0.2207001522070015 0.395738203957382
5 0.6210045662100456 0.3066971080669711 0.1400304414003044 0.1750380517503805
5 0.5806697108066972 0.15220700152207 0.0684931506849315 0.091324200913242
5 0.662861491628615 0.182648401826484 0.0806697108066971 0.091324200913242
5 0.22602739726027396 0.1126331811263318 0.1019786910197869 0.1248097412480974
5 0.17123287671232876 0.4855403348554033 0.0837138508371385 0.1491628614916286
5 0.2534246575342466 0.3736681887366819 0.1141552511415525 0.1324200913242009
5 0.24581430745814306 0.256468797564688 0.1111111111111111 0.1171993911719939
5 0.2686453576864536 0.5517503805175038 0.0867579908675799 0.1598173515981735
5 0.2754946727549467 0.9094368340943684 0.1552511415525114 0.1293759512937595
5 0.2945205479452055 0.8006088280060882 0.1415525114155251 0.0882800608828006
5 0.2815829528158295 0.7054794520547946 0.091324200913242 0.1111111111111111
5 0.3744292237442922 0.617199391171994 0.0882800608828006 0.1171993911719939
5 0.769406392694064 0.6179604261796042 0.1476407914764079 0.1948249619482496
5 0.9140030441400304 0.7404870624048706 0.1324200913242009 0.2237442922374429
5 0.8721461187214612 0.9147640791476408 0.0730593607305936 0.0943683409436834
5 0.4611872146118721 0.8736681887366818 0.1400304414003044 0.1552511415525114
5 0.578386605783866 0.7785388127853882 0.121765601217656 0.0837138508371385
5 0.380517503805175 0.7343987823439878 0.076103500761035 0.0989345509893455
5 0.4665144596651446 0.7313546423135464 0.1111111111111111 0.0958904109589041
5 0.4908675799086758 0.6681887366818874 0.1141552511415525 0.1035007610350076
5 0.6103500761035008 0.678082191780822 0.1248097412480974 0.1263318112633181
5 0.4802130898021309 0.5806697108066972 0.0958904109589041 0.0806697108066971
5 0.5928462709284628 0.601978691019787 0.0684931506849315 0.0654490106544901
5 0.662861491628615 0.4855403348554033 0.1324200913242009 0.1552511415525114
5 0.5357686453576864 0.4969558599695586 0.121765601217656 0.0806697108066971
5 0.3850837138508371 0.4444444444444444 0.1491628614916286 0.197869101978691
5 0.4992389649923896 0.3942161339421613 0.1095890410958904 0.1187214611872146
5 0.3546423135464231 0.2914764079147641 0.0943683409436834 0.1019786910197869
5 0.4375951293759513 0.2686453576864536 0.0837138508371385 0.1141552511415525
5 0.525875190258752 0.2831050228310502 0.0654490106544901 0.1035007610350076
5 0.6293759512937596 0.10121765601217655 0.0806697108066971 0.0958904109589041
5 0.4786910197869102 0.13926940639269406 0.1141552511415525 0.1750380517503805
5 0.3386605783866058 0.1445966514459665 0.1141552511415525 0.15220700152207