5 0.0547945205479452 0.2975646879756469 0.0578386605783866 0.1628614916286149
5 0.1202435312024353 0.2496194824961948 0.0882800608828006 0.1035007610350076
5 0.2663622526636225 0.14383561643835616 0.15220700152207 0.1598173515981735
5 0.454337899543379 0.2640791476407915 0.1476407914764079 0.1415525114155251
5 0.1156773211567732 0.4079147640791476 0.1248097412480974 0.1248097412480974
5 0.14687975646879756 0.5646879756468798 0.0958904109589041 0.1643835616438356
5 0.21537290715372906 0.4474885844748858 0.0532724505327245 0.0578386605783866
5 0.228310502283105 0.3721461187214612 0.076103500761035 0.0684931506849315
5 0.17884322678843226 0.3143074581430746 0.0532724505327245 0.0654490106544901
5 0.2945205479452055 0.4018264840182648 0.1171993911719939 0.106544901065449
5 0.2625570776255708 0.3165905631659056 0.0837138508371385 0.0791476407914764
5 0.3234398782343988 0.2648401826484018 0.0837138508371385 0.0791476407914764
5 0.3219178082191781 0.5235920852359208 0.1719939117199391 0.1187214611872146
5 0.21993911719939116 0.6400304414003044 0.0837138508371385 0.1019786910197869
5 0.1308980213089802 0.7853881278538812 0.1400304414003044 0.1187214611872146
5 0.08447488584474885 0.6902587519025876 0.1111111111111111 0.1324200913242009
5 0.2519025875190259 0.7077625570776256 0.0563165905631659 0.076103500761035
5 0.3143074581430746 0.860730593607306 0.1019786910197869 0.1567732115677321
5 0.3249619482496195 0.73896499238965 0.0715372907153729 0.0867579908675799
5 0.439117199391172 0.3881278538812785 0.0867579908675799 0.076103500761035
5 0.3295281582952816 0.639269406392694 0.0532724505327245 0.060882800608828
5 0.4474885844748858 0.5920852359208524 0.106544901065449 0.1095890410958904
5 0.4741248097412481 0.4703196347031963 0.0715372907153729 0.0730593607305936
5 0.5502283105022832 0.5464231354642314 0.1019786910197869 0.1400304414003044
5 0.3964992389649924 0.6986301369863014 0.0502283105022831 0.060882800608828
5 0.4292237442922374 0.9010654490106544 0.121765601217656 0.121765601217656
5 0.4398782343987823 0.7945205479452054 0.0882800608828006 0.060882800608828
5 0.4954337899543379 0.6910197869101978 0.1171993911719939 0.0639269406392694
5 0.5395738203957382 0.8165905631659056 0.0684931506849315 0.1445966514459665
5 0.6407914764079148 0.8280060882800608 0.1248097412480974 0.2100456621004566
5 0.7511415525114156 0.8584474885844748 0.0806697108066971 0.1339421613394216
5 0.8203957382039574 0.8888888888888888 0.0882800608828006 0.136986301369863
5 0.910958904109589 0.8866057838660578 0.0958904109589041 0.1445966514459665
5 0.6095890410958904 0.6666666666666666 0.0806697108066971 0.0791476407914764
5 0.7404870624048706 0.6735159817351598 0.1598173515981735 0.1293759512937595
5 0.8774733637747336 0.7480974124809742 0.0958904109589041 0.0958904109589041
5 0.8964992389649924 0.6248097412480974 0.1095890410958904 0.0867579908675799
5 0.7975646879756468 0.4779299847792998 0.0882800608828006 0.136986301369863
5 0.6910197869101978 0.5692541856925418 0.1339421613394216 0.1248097412480974
5 0.617199391171994 0.439117199391172 0.0806697108066971 0.0867579908675799
5 0.5837138508371386 0.3264840182648402 0.0867579908675799 0.1141552511415525
5 0.6872146118721462 0.3926940639269406 0.0715372907153729 0.0730593607305936
5 0.7785388127853882 0.34779299847793 0.0867579908675799 0.1171993911719939
5 0.9025875190258752 0.3508371385083714 0.1248097412480974 0.1111111111111111
5 0.7519025875190258 0.2161339421613394 0.136986301369863 0.136986301369863
5 0.606544901065449 0.2519025875190259 0.0867579908675799 0.0958904109589041
5 0.5380517503805176 0.1491628614916286 0.1263318112633181 0.1339421613394216
5 0.4162861491628615 0.1187214611872146 0.1111111111111111 0.1400304414003044
5 0.13470319634703196 0.11643835616438356 0.0806697108066971 0.0684931506849315
5 0.8812785388127854 0.11491628614916286 0.121765601217656 0.1019786910197869
5 0.6788432267884322 0.07077625570776255 0.1248097412480974 0.0958904109589041
5 0.07838660578386605 0.9094368340943684 0.0989345509893455 0.0989345509893455
5 0.1948249619482496 0.9558599695585996 0.0943683409436834 0.0639269406392694