5 0.9232522796352584 0.11702127659574468 0.1534954407294833 0.16717325227963525
5 0.9620060790273556 0.8723404255319149 0.07598784194528875 0.1641337386018237
5 0.5889057750759878 0.736322188449848 0.15045592705167174 0.16261398176291794
5 0.42629179331306993 0.71580547112462 0.16869300911854104 0.14285714285714285
5 0.33890577507598785 0.5889057750759878 0.1519756838905775 0.10486322188449848
5 0.6884498480243161 0.40501519756838905 0.0911854103343465 0.12613981762917933
5 0.5957446808510638 0.3791793313069909 0.0668693009118541 0.08358662613981763
5 0.8396656534954408 0.2674772036474164 0.12917933130699089 0.1580547112462006
5 0.9559270516717325 0.32674772036474165 0.08814589665653495 0.22188449848024316
5 0.628419452887538 0.06610942249240122 0.1474164133738602 0.11702127659574468
5 0.4848024316109423 0.07066869300911854 0.11854103343465046 0.135258358662614
5 0.36854103343465044 0.060790273556231005 0.11398176291793313 0.12158054711246201
5 0.2712765957446808 0.11398176291793313 0.11398176291793313 0.1398176291793313
5 0.09650455927051672 0.06155015197568389 0.19300911854103345 0.12310030395136778
5 0.18693009118541035 0.35106382978723405 0.13069908814589665 0.11854103343465046
5 0.3898176291793313 0.20820668693009117 0.1413373860182371 0.14285714285714285
5 0.8259878419452887 0.44376899696048633 0.18085106382978725 0.1519756838905775
5 0.790273556231003 0.5775075987841946 0.2066869300911854 0.11246200607902736
5 0.756079027355623 0.6671732522796353 0.17477203647416414 0.1033434650455927
5 0.48936170212765956 0.898176291793313 0.1458966565349544 0.20364741641337386
5 0.32750759878419455 0.9635258358662614 0.16261398176291794 0.0729483282674772
5 0.1656534954407295 0.9756838905775076 0.1337386018237082 0.0486322188449848
5 0.33358662613981765 0.8206686930091185 0.15653495440729484 0.0911854103343465
5 0.6299392097264438 0.2393617021276596 0.2507598784194529 0.1838905775075988
5 0.776595744680851 0.08814589665653495 0.12462006079027356 0.17325227963525835
5 0.7781155015197568 0.78419452887538 0.17325227963525835 0.10638297872340426
5 0.6458966565349544 0.9156534954407295 0.14893617021276595 0.135258358662614
5 0.8465045592705167 0.9680851063829787 0.20972644376899696 0.06382978723404255
5 0.053951367781155016 0.9551671732522796 0.09574468085106383 0.08966565349544073
5 0.5980243161094225 0.6041033434650456 0.10182370820668693 0.08358662613981763
5 0.6246200607902735 0.5151975683890577 0.1094224924012158 0.0911854103343465
5 0.5075987841945289 0.48632218844984804 0.11246200607902736 0.13069908814589665
5 0.4673252279635258 0.3518237082066869 0.19300911854103345 0.135258358662614
5 0.35714285714285715 0.4270516717325228 0.15501519756838905 0.17325227963525835
5 0.08814589665653495 0.8001519756838906 0.13677811550151975 0.1413373860182371
5 0.0547112462006079 0.6299392097264438 0.1094224924012158 0.18693009118541035
5 0.09498480243161095 0.4278115501519757 0.18693009118541035 0.22340425531914893
5 0.2613981762917933 0.24924012158054712 0.11550151975683891 0.10030395136778116
5 0.0980243161094225 0.24468085106382978 0.19300911854103345 0.11854103343465046
5 0.9566869300911854 0.7408814589665653 0.08054711246200608 0.08662613981762918
5 0.9513677811550152 0.6117021276595744 0.0972644376899696 0.15045592705167174
7 0.8913373860182371 0.7462006079027356 0.04711246200607903 0.057750759878419454
5 0.810790273556231 0.8822188449848024 0.13221884498480244 0.07750759878419453
5 0.20288753799392098 0.898176291793313 0.1656534954407295 0.0911854103343465
5 0.1952887537993921 0.7082066869300911 0.12917933130699089 0.12158054711246201
5 0.25151975683890576 0.5091185410334347 0.09878419452887538 0.15501519756838905
5 0.48404255319148937 0.5843465045592705 0.11398176291793313 0.10790273556231003