5 0.9025875190258752 0.05251141552511415 0.1948249619482496 0.1050228310502283
5 0.9726027397260274 0.2267884322678843 0.0547945205479452 0.1643835616438356
5 0.8599695585996956 0.1948249619482496 0.1278538812785388 0.1095890410958904
5 0.7313546423135464 0.15905631659056316 0.1263318112633181 0.1506849315068493
5 0.6484018264840182 0.09056316590563165 0.1948249619482496 0.1780821917808219
5 0.4916286149162861 0.2222222222222222 0.121765601217656 0.1156773211567732
5 0.6750380517503806 0.2937595129375951 0.1415525114155251 0.136986301369863
5 0.806697108066971 0.332572298325723 0.0943683409436834 0.1689497716894977
5 0.928462709284627 0.4132420091324201 0.1430745814307458 0.2146118721461187
5 0.7229832572298326 0.4497716894977169 0.1491628614916286 0.1476407914764079
5 0.7815829528158296 0.6590563165905632 0.2115677321156773 0.2100456621004566
5 0.8006088280060882 0.5350076103500762 0.0791476407914764 0.0532724505327245
5 0.9459665144596652 0.6126331811263318 0.1080669710806697 0.1902587519025875
5 0.9497716894977168 0.8584474885844748 0.1004566210045662 0.2831050228310502
5 0.832572298325723 0.9003044140030442 0.1552511415525114 0.1963470319634703
5 0.7184170471841704 0.9611872146118722 0.1095890410958904 0.0776255707762557
5 0.7092846270928462 0.832572298325723 0.1887366818873668 0.197869101978691
5 0.5905631659056316 0.7123287671232876 0.1582952815829528 0.1613394216133942
5 0.4277016742770167 0.6187214611872146 0.1095890410958904 0.1902587519025875
5 0.4284627092846271 0.7831050228310502 0.1080669710806697 0.1445966514459665
7 0.5053272450532724 0.6818873668188736 0.0487062404870624 0.1035007610350076
5 0.5494672754946728 0.9041095890410958 0.1430745814307458 0.1887366818873668
5 0.5669710806697108 0.5487062404870624 0.1567732115677321 0.1445966514459665
5 0.573820395738204 0.3736681887366819 0.136986301369863 0.1902587519025875
5 0.2678843226788432 0.7899543378995434 0.182648401826484 0.243531202435312
5 0.3462709284627093 0.9330289193302892 0.2480974124809741 0.1248097412480974
5 0.12100456621004566 0.728310502283105 0.1354642313546423 0.1598173515981735
5 0.0273972602739726 0.7602739726027398 0.0547945205479452 0.1293759512937595
5 0.10730593607305935 0.910958904109589 0.2146118721461187 0.1780821917808219
5 0.3964992389649924 0.4117199391171994 0.2085235920852359 0.2115677321156773
5 0.2990867579908676 0.573820395738204 0.1354642313546423 0.182648401826484
5 0.15601217656012176 0.5372907153729072 0.1506849315068493 0.213089802130898
5 0.07686453576864535 0.6164383561643836 0.1476407914764079 0.1095890410958904
5 0.03729071537290715 0.4467275494672755 0.0745814307458143 0.2450532724505327
5 0.17884322678843226 0.3462709284627093 0.2328767123287671 0.2176560121765601
5 0.0289193302891933 0.0898021308980213 0.0578386605783866 0.1643835616438356
5 0.04185692541856925 0.2541856925418569 0.0837138508371385 0.1339421613394216
5 0.10730593607305935 0.1278538812785388 0.1080669710806697 0.182648401826484
5 0.3592085235920852 0.2146118721461187 0.1339421613394216 0.1704718417047184
5 0.4726027397260274 0.0745814307458143 0.1506849315068493 0.1491628614916286
5 0.23972602739726026 0.11643835616438356 0.1628614916286149 0.2024353120243531
5 0.3508371385083714 0.0639269406392694 0.1415525114155251 0.1278538812785388