5 0.2656012176560122 0.2328767123287671 0.2389649923896499 0.197869101978691
5 0.3318112633181126 0.07382039573820395 0.2100456621004566 0.1385083713850837
5 0.4764079147640791 0.2648401826484018 0.182648401826484 0.121765601217656
5 0.5700152207001522 0.06316590563165905 0.1232876712328767 0.1232876712328767
5 0.4726027397260274 0.1567732115677321 0.1171993911719939 0.0852359208523592
5 0.4771689497716895 0.0578386605783866 0.0806697108066971 0.1156773211567732
5 0.3013698630136986 0.6879756468797564 0.1126331811263318 0.15220700152207
5 0.8074581430745814 0.8089802130898022 0.1293759512937595 0.1354642313546423
5 0.07077625570776255 0.289193302891933 0.1415525114155251 0.182648401826484
5 0.0958904109589041 0.7899543378995434 0.1430745814307458 0.1461187214611872
5 0.5083713850837138 0.60882800608828 0.136986301369863 0.1552511415525114
5 0.9124809741248098 0.9147640791476408 0.1750380517503805 0.1704718417047184
5 0.8660578386605784 0.6133942161339422 0.1400304414003044 0.167427701674277
5 0.906392694063927 0.3797564687975647 0.1872146118721461 0.2115677321156773
5 0.5251141552511416 0.8789954337899544 0.1796042617960426 0.1111111111111111
5 0.941400304414003 0.7579908675799086 0.1171993911719939 0.136986301369863
5 0.9748858447488584 0.6834094368340944 0.0502283105022831 0.106544901065449
5 0.9345509893455098 0.5380517503805176 0.1308980213089802 0.1050228310502283
5 0.878234398782344 0.167427701674277 0.1248097412480974 0.1948249619482496
5 0.286910197869102 0.9406392694063926 0.1141552511415525 0.1187214611872146
5 0.678082191780822 0.7420091324200914 0.1263318112633181 0.1445966514459665
5 0.7115677321156774 0.5045662100456622 0.1659056316590563 0.1780821917808219
5 0.4307458143074581 0.7450532724505328 0.1278538812785388 0.1385083713850837
5 0.5547945205479452 0.7496194824961948 0.1354642313546423 0.1324200913242009
5 0.3569254185692542 0.8584474885844748 0.1476407914764079 0.1187214611872146
5 0.3980213089802131 0.958904109589041 0.0745814307458143 0.0700152207001522
5 0.09512937595129375 0.9490106544901066 0.1050228310502283 0.1019786910197869
5 0.4277016742770167 0.5 0.1704718417047184 0.1141552511415525
5 0.730593607305936 0.639269406392694 0.1248097412480974 0.0852359208523592
6 0.5928462709284628 0.4824961948249619 0.0745814307458143 0.0882800608828006
5 0.1841704718417047 0.8896499238964992 0.1187214611872146 0.0898021308980213
5 0.7503805175038052 0.9094368340943684 0.15220700152207 0.1811263318112633
5 0.3264840182648402 0.3675799086757991 0.1171993911719939 0.0715372907153729
5 0.1506849315068493 0.0700152207001522 0.15220700152207 0.1339421613394216
5 0.0745814307458143 0.5844748858447488 0.1430745814307458 0.1704718417047184
7 0.258751902587519 0.5745814307458144 0.0974124809741248 0.0776255707762557
5 0.1476407914764079 0.4505327245053272 0.1126331811263318 0.1278538812785388
5 0.0273972602739726 0.4322678843226788 0.0547945205479452 0.1035007610350076
7 0.730593607305936 0.1476407914764079 0.1613394216133942 0.167427701674277
7 0.6887366818873668 0.0243531202435312 0.1019786910197869 0.0487062404870624
7 0.4855403348554033 0.969558599695586 0.0974124809741248 0.060882800608828
5 0.5996955859969558 0.9665144596651446 0.1248097412480974 0.060882800608828
7 0.3835616438356164 0.624048706240487 0.0730593607305936 0.0882800608828006
5 0.8082191780821918 0.04033485540334855 0.1035007610350076 0.0745814307458143
6 0.6316590563165906 0.2907153729071537 0.0943683409436834 0.1552511415525114
6 0.9604261796042618 0.11187214611872145 0.0791476407914764 0.1354642313546423
5 0.7617960426179604 0.3203957382039574 0.1050228310502283 0.1598173515981735
5 0.2549467275494673 0.4330289193302892 0.0989345509893455 0.1811263318112633
7 0.0289193302891933 0.1400304414003044 0.0578386605783866 0.106544901065449
5 0.0228310502283105 0.7184170471841704 0.045662100456621 0.091324200913242
5 0.02511415525114155 0.9246575342465754 0.0502283105022831 0.1506849315068493
5 0.4147640791476408 0.4010654490106545 0.0593607305936073 0.0624048706240487
7 0.6202435312024354 0.5943683409436834 0.0654490106544901 0.1019786910197869
7 0.7952815829528158 0.7146118721461188 0.0745814307458143 0.0502283105022831