6 0.8335866261398176 0.23820395738203956 0.10182370820668693 0.1111111111111111
6 0.8723404255319149 0.5920852359208524 0.0911854103343465 0.1248097412480974
0 0.8351063829787234 0.80441400304414 0.09878419452887538 0.0867579908675799
6 0.9019756838905775 0.7100456621004566 0.041033434650455926 0.0380517503805175
6 0.9673252279635258 0.5547945205479452 0.05015197568389058 0.0837138508371385
6 0.8525835866261399 0.6788432267884322 0.02735562310030395 0.0426179604261796
6 0.9513677811550152 0.6689497716894978 0.0182370820668693 0.0228310502283105
5 0.6352583586626139 0.1735159817351598 0.1033434650455927 0.1796042617960426
5 0.46580547112462006 0.20015220700152206 0.17477203647416414 0.1750380517503805
5 0.6101823708206687 0.380517503805175 0.23860182370820668 0.213089802130898
6 0.7530395136778115 0.5837138508371386 0.013677811550151976 0.0410958904109589
6 0.9027355623100304 0.3637747336377473 0.02735562310030395 0.0273972602739726
6 0.9376899696048632 0.4178082191780822 0.02735562310030395 0.0228310502283105
6 0.9688449848024316 0.4003044140030441 0.025835866261398176 0.0243531202435312
5 0.4126139817629179 0.3439878234398782 0.08662613981762918 0.1095890410958904
5 0.12462006079027356 0.3242009132420091 0.10638297872340426 0.1248097412480974
5 0.2530395136778115 0.3409436834094368 0.13221884498480244 0.1339421613394216
5 0.23252279635258358 0.5532724505327246 0.270516717325228 0.1567732115677321
5 0.13297872340425532 0.4284627092846271 0.09878419452887538 0.0684931506849315
5 0.06534954407294832 0.6301369863013698 0.06382978723404255 0.091324200913242
5 0.1580547112462006 0.8318112633181126 0.1033434650455927 0.0806697108066971
5 0.1466565349544073 0.7359208523592086 0.11398176291793313 0.0563165905631659
5 0.1519756838905775 0.6666666666666666 0.10638297872340426 0.0730593607305936
5 0.08130699088145897 0.8873668188736682 0.1413373860182371 0.1095890410958904
5 0.1656534954407295 0.9383561643835616 0.12158054711246201 0.0684931506849315
5 0.28343465045592703 0.9178082191780822 0.12917933130699089 0.1400304414003044
5 0.2507598784194529 0.7907153729071538 0.0911854103343465 0.0837138508371385
5 0.34574468085106386 0.7808219178082192 0.09878419452887538 0.0639269406392694
5 0.28343465045592703 0.6894977168949772 0.12917933130699089 0.0943683409436834
5 0.5919452887537994 0.9003044140030442 0.09878419452887538 0.1171993911719939
5 0.6702127659574468 0.8386605783866058 0.0790273556231003 0.1035007610350076
5 0.7036474164133738 0.9200913242009132 0.0729483282674772 0.0684931506849315
5 0.5113981762917933 0.8082191780821918 0.1474164133738602 0.1491628614916286
5 0.4148936170212766 0.8729071537290716 0.11854103343465046 0.1263318112633181
5 0.3890577507598784 0.6339421613394216 0.057750759878419454 0.1111111111111111
5 0.5562310030395137 0.05403348554033485 0.12462006079027356 0.0958904109589041
3 0.13677811550151975 0.0487062404870624 0.0364741641337386 0.0365296803652968