1 0.9202127659574468 0.8143074581430746 0.12613981762917933 0.197869101978691
1 0.7819148936170213 0.895738203957382 0.14437689969604864 0.1476407914764079
5 0.6291793313069909 0.8926940639269406 0.0911854103343465 0.1445966514459665
5 0.6648936170212766 0.7549467275494672 0.17477203647416414 0.0943683409436834
5 0.5212765957446809 0.6529680365296804 0.1945288753799392 0.106544901065449
5 0.7758358662613982 0.19101978691019786 0.15653495440729484 0.1628614916286149
5 0.5075987841945289 0.14231354642313546 0.182370820668693 0.1263318112633181
5 0.12993920972644377 0.1187214611872146 0.16261398176291794 0.1552511415525114
5 0.1344984802431611 0.2785388127853881 0.15653495440729484 0.1552511415525114
5 0.2629179331306991 0.3097412480974125 0.09422492401215805 0.1019786910197869
5 0.2750759878419453 0.14840182648401826 0.09422492401215805 0.0989345509893455
5 0.49164133738601823 0.4550989345509893 0.11702127659574468 0.1643835616438356
7 0.45288753799392095 0.2785388127853881 0.1033434650455927 0.0791476407914764
5 0.33206686930091184 0.4589041095890411 0.13221884498480244 0.1750380517503805
5 0.16185410334346503 0.4550989345509893 0.19300911854103345 0.1704718417047184
5 0.22492401215805471 0.5905631659056316 0.12462006079027356 0.0882800608828006
5 0.10030395136778116 0.6445966514459666 0.09422492401215805 0.0958904109589041
5 0.1884498480243161 0.7275494672754946 0.16717325227963525 0.1248097412480974
5 0.32750759878419455 0.6712328767123288 0.11094224924012158 0.1035007610350076
5 0.4034954407294833 0.784627092846271 0.11094224924012158 0.1111111111111111
5 0.3981762917933131 0.91324200913242 0.12158054711246201 0.091324200913242
5 0.17097264437689969 0.8576864535768646 0.2507598784194529 0.1171993911719939
5 0.925531914893617 0.18036529680365296 0.11854103343465046 0.2176560121765601
5 0.3518237082066869 0.0547945205479452 0.16261398176291794 0.1095890410958904
5 0.8039513677811551 0.0517503805175038 0.17933130699088146 0.091324200913242
5 0.5197568389057751 0.8234398782343988 0.12158054711246201 0.2009132420091324