5 0.8972602739726028 0.4696048632218845 0.2054794520547945 0.3677811550151976
5 0.708523592085236 0.9224924012158054 0.1659056316590563 0.15501519756838905
5 0.9147640791476408 0.8465045592705167 0.1704718417047184 0.3069908814589666
5 0.14687975646879756 0.9673252279635258 0.1567732115677321 0.06534954407294832
5 0.4817351598173516 0.5053191489361702 0.4185692541856925 0.35106382978723405
7 0.8919330289193302 0.08054711246200608 0.2161339421613394 0.16109422492401215
0 0.7815829528158296 0.2317629179331307 0.1750380517503805 0.21124620060790272
7 0.1765601217656012 0.3305471124620061 0.2404870624048706 0.20212765957446807
5 0.3302891933028919 0.12993920972644377 0.3622526636225266 0.25987841945288753
7 0.4589041095890411 0.2689969604863222 0.1659056316590563 0.1094224924012158
7 0.6225266362252664 0.23100303951367782 0.1461187214611872 0.1762917933130699
7 0.0745814307458143 0.0972644376899696 0.1491628614916286 0.1945288753799392
5 0.4885844748858447 0.8586626139817629 0.1704718417047184 0.14893617021276595
5 0.1491628614916286 0.6641337386018237 0.1643835616438356 0.1702127659574468
5 0.21080669710806696 0.8077507598784195 0.1232876712328767 0.12006079027355623
3 0.936834094368341 0.2188449848024316 0.1263318112633181 0.1337386018237082
5 0.378234398782344 0.9506079027355623 0.1963470319634703 0.09878419452887538
5 0.558599695585997 0.9521276595744681 0.1308980213089802 0.09574468085106383
5 0.726027397260274 0.7667173252279635 0.1704718417047184 0.16261398176291794
3 0.23211567732115676 0.4946808510638298 0.0684931506849315 0.08966565349544073
0 0.6864535768645358 0.09650455927051672 0.121765601217656 0.10790273556231003
0 0.7785388127853882 0.38069908814589665 0.1750380517503805 0.19300911854103345
3 0.0197869101978691 0.31762917933130697 0.0395738203957382 0.20972644376899696