5 0.6133942161339422 0.5639269406392694 0.1704718417047184 0.1598173515981735
5 0.6453576864535768 0.7671232876712328 0.1582952815829528 0.1613394216133942
5 0.9200913242009132 0.789193302891933 0.1385083713850837 0.1750380517503805
5 0.4642313546423135 0.910958904109589 0.1856925418569254 0.1780821917808219
5 0.13622526636225266 0.7298325722983258 0.1202435312024353 0.1506849315068493
5 0.3668188736681887 0.4764079147640791 0.1735159817351598 0.213089802130898
5 0.7062404870624048 0.393455098934551 0.1796042617960426 0.1841704718417047
5 0.8242009132420092 0.4855403348554033 0.1811263318112633 0.2222222222222222
5 0.2983257229832572 0.700152207001522 0.1765601217656012 0.1765601217656012
5 0.454337899543379 0.6286149162861492 0.1050228310502283 0.1004566210045662
5 0.1917808219178082 0.3082191780821918 0.1613394216133942 0.1841704718417047
5 0.06925418569254185 0.9665144596651446 0.1232876712328767 0.0669710806697108
5 0.636986301369863 0.910958904109589 0.1659056316590563 0.1263318112633181
5 0.2313546423135464 0.9170471841704718 0.1552511415525114 0.1659056316590563
5 0.0410958904109589 0.4817351598173516 0.0821917808219178 0.1841704718417047
5 0.2222222222222222 0.5365296803652968 0.1856925418569254 0.1111111111111111
5 0.4779299847792998 0.756468797564688 0.0943683409436834 0.106544901065449
5 0.860730593607306 0.9193302891933028 0.1567732115677321 0.1308980213089802
5 0.9474885844748858 0.5981735159817352 0.1050228310502283 0.15220700152207
5 0.9550989345509894 0.4337899543378995 0.0898021308980213 0.1582952815829528
5 0.2207001522070015 0.4459665144596651 0.1095890410958904 0.0821917808219178
5 0.830289193302892 0.7336377473363774 0.1659056316590563 0.1643835616438356
5 0.7853881278538812 0.6308980213089802 0.1126331811263318 0.1080669710806697
5 0.9748858447488584 0.9155251141552512 0.0502283105022831 0.0928462709284627
5 0.9452054794520548 0.974124809741248 0.1095890410958904 0.0517503805175038
5 0.7617960426179604 0.9748858447488584 0.1263318112633181 0.0502283105022831
5 0.624048706240487 0.9687975646879756 0.1095890410958904 0.0593607305936073
5 0.7465753424657534 0.875951293759513 0.0989345509893455 0.1232876712328767
7 0.9467275494672754 0.317351598173516 0.106544901065449 0.0654490106544901
5 0.7070015220700152 0.2709284627092846 0.1811263318112633 0.0730593607305936
7 0.8333333333333334 0.3371385083713851 0.0715372907153729 0.0563165905631659
7 0.9003044140030442 0.2420091324200913 0.1263318112633181 0.091324200913242
7 0.791476407914764 0.2343987823439878 0.1035007610350076 0.1035007610350076
5 0.9277016742770168 0.0684931506849315 0.1445966514459665 0.136986301369863
7 0.789193302891933 0.0943683409436834 0.1080669710806697 0.121765601217656
7 0.678082191780822 0.060882800608828 0.1385083713850837 0.121765601217656
7 0.7876712328767124 0.015220700152207 0.0989345509893455 0.030441400304414
5 0.4604261796042618 0.06621004566210045 0.2176560121765601 0.1324200913242009
5 0.2511415525114155 0.0654490106544901 0.1917808219178082 0.1308980213089802
5 0.3713850837138508 0.8683409436834094 0.182648401826484 0.1872146118721461
5 0.22907153729071536 0.8264840182648402 0.1019786910197869 0.0974124809741248
5 0.04185692541856925 0.8987823439878234 0.0806697108066971 0.1293759512937595
5 0.0943683409436834 0.8356164383561644 0.1461187214611872 0.1400304414003044
5 0.0380517503805175 0.6491628614916286 0.076103500761035 0.1476407914764079
5 0.12252663622526636 0.5799086757990868 0.1354642313546423 0.1461187214611872
5 0.0958904109589041 0.4634703196347032 0.0791476407914764 0.0806697108066971
5 0.4741248097412481 0.4726027397260274 0.0745814307458143 0.0898021308980213
5 0.5205479452054794 0.4018264840182648 0.1187214611872146 0.1035007610350076
5 0.0563165905631659 0.3493150684931507 0.1126331811263318 0.1415525114155251
5 0.3926940639269406 0.2557077625570776 0.1552511415525114 0.1400304414003044
5 0.5547945205479452 0.21689497716894976 0.1476407914764079 0.1445966514459665