0 0.2602739726027397 0.167427701674277 0.1339421613394216 0.1400304414003044
5 0.5654490106544902 0.1080669710806697 0.2267884322678843 0.2161339421613394
5 0.7792998477929984 0.04033485540334855 0.1948249619482496 0.0806697108066971
5 0.9505327245053272 0.0669710806697108 0.0989345509893455 0.1187214611872146
5 0.9033485540334856 0.5844748858447488 0.1933028919330289 0.2070015220700152
7 0.9535768645357686 0.8226788432267884 0.0928462709284627 0.0806697108066971
5 0.6796042617960426 0.8789954337899544 0.2237442922374429 0.2420091324200913
5 0.4832572298325723 0.7290715372907154 0.1689497716894977 0.3531202435312024
5 0.8082191780821918 0.14687975646879756 0.1643835616438356 0.1232876712328767
5 0.530441400304414 0.3523592085235921 0.1902587519025875 0.2328767123287671
5 0.7876712328767124 0.3013698630136986 0.2359208523592085 0.1552511415525114
5 0.9512937595129376 0.2115677321156773 0.0974124809741248 0.1461187214611872
5 0.95662100456621 0.3797564687975647 0.0867579908675799 0.1750380517503805
5 0.6689497716894978 0.6757990867579908 0.1415525114155251 0.1461187214611872
5 0.6940639269406392 0.4817351598173516 0.1917808219178082 0.1811263318112633
5 0.5395738203957382 0.5471841704718418 0.1141552511415525 0.1232876712328767
5 0.4231354642313546 0.9649923896499238 0.1126331811263318 0.0700152207001522
5 0.13013698630136986 0.20776255707762556 0.2541856925418569 0.4124809741248097
5 0.02815829528158295 0.3713850837138508 0.0563165905631659 0.1856925418569254
5 0.23515981735159816 0.9208523592085236 0.2267884322678843 0.1582952815829528
7 0.8691019786910198 0.9345509893455098 0.0639269406392694 0.0943683409436834
7 0.9680365296803652 0.941400304414003 0.0639269406392694 0.1171993911719939
7 0.4299847792998478 0.2161339421613394 0.1019786910197869 0.0730593607305936
5 0.1887366818873668 0.6202435312024354 0.3774733637747336 0.4063926940639269