5 0.30623100303951367 0.5875190258751902 0.256838905775076 0.3013698630136986
5 0.33282674772036475 0.80441400304414 0.1519756838905775 0.1141552511415525
5 0.2127659574468085 0.9345509893455098 0.1641337386018237 0.1308980213089802
5 0.385258358662614 0.9353120243531202 0.1474164133738602 0.1293759512937595
5 0.44756838905775076 0.2374429223744292 0.21732522796352582 0.243531202435312
5 0.7682370820668692 0.5319634703196348 0.1838905775075988 0.1537290715372907
5 0.5182370820668692 0.8713850837138508 0.1945288753799392 0.2237442922374429
5 0.878419452887538 0.0745814307458143 0.17933130699088146 0.1491628614916286
5 0.601823708206687 0.3797564687975647 0.11854103343465046 0.2633181126331811
5 0.8806990881458967 0.7245053272450532 0.16261398176291794 0.2070015220700152
5 0.8905775075987842 0.9117199391171994 0.2188449848024316 0.1765601217656012
5 0.6930091185410334 0.9299847792998478 0.14285714285714285 0.1400304414003044
5 0.952887537993921 0.578386605783866 0.09422492401215805 0.1400304414003044
5 0.8791793313069909 0.3531202435312024 0.24164133738601823 0.2831050228310502
5 0.7386018237082067 0.1613394216133942 0.23404255319148937 0.2404870624048706
7 0.5053191489361702 0.7245053272450532 0.09270516717325228 0.0639269406392694
5 0.6162613981762918 0.6149162861491628 0.24772036474164133 0.1643835616438356
4 0.1405775075987842 0.7572298325722984 0.028875379939209727 0.0258751902587519
4 0.1838905775075988 0.802130898021309 0.030395136778115502 0.0273972602739726
4 0.24088145896656535 0.3675799086757991 0.016717325227963525 0.0136986301369863
4 0.2674772036474164 0.2754946727549467 0.0121580547112462 0.0182648401826484
3 0.2074468085106383 0.2465753424657534 0.025835866261398176 0.0334855403348554
4 0.2803951367781155 0.2503805175038052 0.013677811550151976 0.0197869101978691
4 0.303951367781155 0.22754946727549466 0.0182370820668693 0.0167427701674277
4 0.2378419452887538 0.2009132420091324 0.034954407294832825 0.0182648401826484
4 0.13601823708206687 0.1719939117199391 0.025835866261398176 0.0182648401826484
3 0.22340425531914893 0.1415525114155251 0.08206686930091185 0.076103500761035
4 0.26063829787234044 0.1780821917808219 0.016717325227963525 0.015220700152207
4 0.22644376899696048 0.0471841704718417 0.0364741641337386 0.0426179604261796
4 0.13601823708206687 0.01293759512937595 0.022796352583586626 0.0197869101978691
4 0.3882978723404255 0.0487062404870624 0.019756838905775075 0.0182648401826484
4 0.28799392097264437 0.04794520547945205 0.022796352583586626 0.0228310502283105
4 0.3252279635258359 0.0624048706240487 0.0425531914893617 0.030441400304414
4 0.2948328267477204 0.11339421613394216 0.0547112462006079 0.0745814307458143
3 0.11930091185410334 0.2534246575342466 0.022796352583586626 0.0197869101978691
3 0.11094224924012158 0.3508371385083714 0.015197568389057751 0.0197869101978691
3 0.057750759878419454 0.1659056316590563 0.0121580547112462 0.0182648401826484