5 0.7245053272450532 0.665144596651446 0.2070015220700152 0.2343987823439878
1 0.0593607305936073 0.669710806697108 0.1187214611872146 0.1400304414003044
5 0.2541856925418569 0.4353120243531202 0.1613394216133942 0.1461187214611872
5 0.8340943683409436 0.9467275494672754 0.1156773211567732 0.091324200913242
5 0.3820395738203957 0.2146118721461187 0.228310502283105 0.197869101978691
5 0.1004566210045662 0.0745814307458143 0.2009132420091324 0.136986301369863
5 0.3333333333333333 0.0624048706240487 0.197869101978691 0.0943683409436834
5 0.30441400304414 0.7777777777777778 0.1339421613394216 0.1552511415525114
5 0.5007610350076104 0.4855403348554033 0.2161339421613394 0.2404870624048706
7 0.3333333333333333 0.6552511415525114 0.2617960426179604 0.0837138508371385
6 0.0654490106544901 0.2823439878234399 0.0639269406392694 0.0776255707762557
6 0.7534246575342466 0.3333333333333333 0.0578386605783866 0.0578386605783866
6 0.6080669710806698 0.9885844748858448 0.1171993911719939 0.0228310502283105
6 0.6179604261796042 0.9360730593607306 0.1095890410958904 0.045662100456621
6 0.7450532724505328 0.4901065449010654 0.0776255707762557 0.0821917808219178
5 0.9649923896499238 0.1019786910197869 0.0700152207001522 0.197869101978691
6 0.8866057838660578 0.0258751902587519 0.0654490106544901 0.0517503805175038
6 0.9185692541856926 0.5144596651445966 0.0502283105022831 0.0730593607305936
6 0.9634703196347032 0.906392694063927 0.045662100456621 0.0410958904109589
7 0.728310502283105 0.95662100456621 0.0776255707762557 0.0867579908675799
6 0.715372907153729 0.8691019786910198 0.0273972602739726 0.030441400304414
6 0.0380517503805175 0.7831050228310502 0.0334855403348554 0.0350076103500761
6 0.1552511415525114 0.8470319634703196 0.0395738203957382 0.0289193302891933
6 0.1887366818873668 0.8112633181126332 0.0273972602739726 0.030441400304414
3 0.4809741248097412 0.9018264840182648 0.0243531202435312 0.0228310502283105
6 0.5312024353120244 0.8919330289193302 0.0487062404870624 0.0243531202435312
6 0.02359208523592085 0.4322678843226788 0.0441400304414003 0.0243531202435312
6 0.684931506849315 0.07990867579908675 0.0334855403348554 0.0289193302891933
6 0.6270928462709284 0.2663622526636225 0.030441400304414 0.0334855403348554
6 0.6864535768645358 0.2207001522070015 0.045662100456621 0.0395738203957382
6 0.6270928462709284 0.1933028919330289 0.0426179604261796 0.030441400304414
6 0.6811263318112634 0.16514459665144596 0.0319634703196347 0.0380517503805175
6 0.9322678843226788 0.6164383561643836 0.0654490106544901 0.0426179604261796
6 0.9840182648401826 0.7031963470319634 0.0319634703196347 0.0487062404870624
6 0.7617960426179604 0.8584474885844748 0.0350076103500761 0.0334855403348554
3 0.2945205479452055 0.9687975646879756 0.0258751902587519 0.0197869101978691
6 0.3850837138508371 0.952054794520548 0.0273972602739726 0.0197869101978691
6 0.863013698630137 0.3295281582952816 0.030441400304414 0.0380517503805175
7 0.2945205479452055 0.589041095890411 0.1902587519025875 0.0547945205479452
5 0.091324200913242 0.971841704718417 0.182648401826484 0.0563165905631659
6 0.9764079147640792 0.9885844748858448 0.0471841704718417 0.0228310502283105
6 0.1582952815829528 0.58675799086758 0.0487062404870624 0.0258751902587519
3 0.00989345509893455 0.5662100456621004 0.0197869101978691 0.045662100456621
3 0.21841704718417046 0.8181126331811264 0.0228310502283105 0.0197869101978691
3 0.9726027397260274 0.5601217656012176 0.0334855403348554 0.0213089802130898
3 0.1872146118721461 0.882800608828006 0.0213089802130898 0.015220700152207
3 0.0563165905631659 0.4421613394216134 0.0213089802130898 0.0167427701674277