1 0.8736681887366818 0.2701674277016743 0.2070015220700152 0.1719939117199391
5 0.8881278538812786 0.923896499238965 0.2237442922374429 0.15220700152207
5 0.7070015220700152 0.8089802130898022 0.2146118721461187 0.1719939117199391
5 0.60882800608828 0.9140030441400304 0.258751902587519 0.1719939117199391
1 0.3234398782343988 0.3112633181126332 0.3881278538812785 0.4216133942161339
1 0.5996955859969558 0.23363774733637746 0.1491628614916286 0.1628614916286149
1 0.5958904109589042 0.3759512937595129 0.1628614916286149 0.1248097412480974
1 0.5662100456621004 0.0806697108066971 0.1248097412480974 0.1491628614916286
1 0.4505327245053272 0.04185692541856925 0.0943683409436834 0.0806697108066971
1 0.3097412480974125 0.05403348554033485 0.1719939117199391 0.0958904109589041
1 0.1019786910197869 0.286910197869102 0.1430745814307458 0.1841704718417047
0 0.0882800608828006 0.3881278538812785 0.1461187214611872 0.1278538812785388
0 0.05707762557077625 0.06316590563165905 0.1111111111111111 0.1232876712328767
5 0.0182648401826484 0.2024353120243531 0.0334855403348554 0.2617960426179604
5 0.1461187214611872 0.5730593607305936 0.2070015220700152 0.2846270928462709
5 0.0197869101978691 0.4634703196347032 0.0395738203957382 0.0898021308980213
5 0.02511415525114155 0.563165905631659 0.0502283105022831 0.106544901065449
5 0.12404870624048706 0.8592085235920852 0.2480974124809741 0.2815829528158295
5 0.05859969558599695 0.715372907153729 0.1171993911719939 0.1796042617960426
0 0.926179604261796 0.11948249619482496 0.1232876712328767 0.1232876712328767
0 0.8378995433789954 0.10730593607305935 0.1171993911719939 0.1506849315068493
7 0.769406392694064 0.02511415525114155 0.0410958904109589 0.0380517503805175
0 0.7100456621004566 0.13774733637747336 0.1354642313546423 0.1476407914764079
0 0.969558599695586 0.7382039573820396 0.060882800608828 0.1004566210045662
0 0.9649923896499238 0.8310502283105022 0.0700152207001522 0.0730593607305936
0 0.8706240487062404 0.730593607305936 0.1187214611872146 0.1095890410958904
0 0.9550989345509894 0.5616438356164384 0.0898021308980213 0.0882800608828006
0 0.9573820395738204 0.6468797564687976 0.0852359208523592 0.076103500761035
0 0.8006088280060882 0.6537290715372908 0.091324200913242 0.0806697108066971
0 0.6940639269406392 0.6613394216133942 0.1339421613394216 0.0837138508371385
0 0.860730593607306 0.5791476407914764 0.1171993911719939 0.1293759512937595
7 0.8249619482496194 0.525875190258752 0.0547945205479452 0.0532724505327245
0 0.5989345509893456 0.6286149162861492 0.1324200913242009 0.167427701674277
0 0.5136986301369864 0.7876712328767124 0.1324200913242009 0.0837138508371385
0 0.2975646879756469 0.6484018264840182 0.0898021308980213 0.1308980213089802
0 0.4634703196347032 0.6727549467275494 0.0837138508371385 0.1248097412480974
0 0.23363774733637746 0.530441400304414 0.1232876712328767 0.1141552511415525
0 0.3272450532724505 0.5342465753424658 0.060882800608828 0.0852359208523592
0 0.3462709284627093 0.821917808219178 0.1872146118721461 0.1278538812785388
0 0.4223744292237443 0.9474885844748858 0.1080669710806697 0.1050228310502283
0 0.3013698630136986 0.9474885844748858 0.1339421613394216 0.1050228310502283
0 0.4398782343987823 0.5768645357686454 0.1035007610350076 0.0700152207001522
0 0.3736681887366819 0.6872146118721462 0.0806697108066971 0.0958904109589041
0 0.7298325722983258 0.545662100456621 0.1202435312024353 0.1415525114155251
0 0.7397260273972602 0.3926940639269406 0.091324200913242 0.106544901065449