7 0.9322678843226788 0.15653495440729484 0.1354642313546423 0.09422492401215805
0 0.5167427701674278 0.6048632218844985 0.1141552511415525 0.1945288753799392
0 0.4063926940639269 0.9293313069908815 0.1643835616438356 0.1413373860182371
0 0.4200913242009132 0.6276595744680851 0.0700152207001522 0.182370820668693
0 0.3051750380517504 0.6831306990881459 0.1415525114155251 0.1899696048632219
0 0.1689497716894977 0.7477203647416414 0.106544901065449 0.12462006079027356
0 0.08447488584474885 0.7986322188449848 0.1293759512937595 0.1717325227963526
0 0.939117199391172 0.4369300911854103 0.121765601217656 0.17477203647416414
0 0.8964992389649924 0.29711246200607905 0.1765601217656012 0.11398176291793313
0 0.8181126331811264 0.38677811550151975 0.1476407914764079 0.19908814589665655
0 0.6894977168949772 0.3822188449848024 0.1187214611872146 0.19300911854103345
0 0.7024353120243532 0.22416413373860183 0.1598173515981735 0.11702127659574468
0 0.867579908675799 0.08434650455927052 0.1248097412480974 0.12917933130699089
0 0.5319634703196348 0.3708206686930091 0.1902587519025875 0.1580547112462006
0 0.4063926940639269 0.439209726443769 0.1126331811263318 0.12462006079027356
0 0.3120243531202435 0.47416413373860183 0.1035007610350076 0.1702127659574468
0 0.14535768645357686 0.17401215805471124 0.1780821917808219 0.16261398176291794
0 0.6316590563165906 0.060790273556231005 0.1491628614916286 0.12158054711246201
7 0.6902587519025876 0.12006079027355623 0.0563165905631659 0.06382978723404255
0 0.5540334855403348 0.2553191489361702 0.1400304414003044 0.0972644376899696
0 0.3082191780821918 0.303951367781155 0.1324200913242009 0.07598784194528875
0 0.10578386605783865 0.6056231003039514 0.1324200913242009 0.09270516717325228
0 0.21841704718417046 0.5501519756838906 0.0745814307458143 0.2188449848024316
0 0.13470319634703196 0.49012158054711247 0.0806697108066971 0.13221884498480244
0 0.2968036529680365 0.8525835866261399 0.1035007610350076 0.11854103343465046
0 0.317351598173516 0.21428571428571427 0.1385083713850837 0.1033434650455927
0 0.19710806697108066 0.371580547112462 0.0989345509893455 0.11702127659574468
0 0.07077625570776255 0.3373860182370821 0.1385083713850837 0.16109422492401215
0 0.4322678843226788 0.24696048632218845 0.0852359208523592 0.15045592705167174
0 0.4786910197869102 0.0858662613981763 0.1385083713850837 0.1717325227963526
0 0.2579908675799087 0.04331306990881459 0.0806697108066971 0.08662613981762918
0 0.3257229832572298 0.09042553191489362 0.1735159817351598 0.14437689969604864
3 0.9330289193302892 0.9164133738601824 0.1339421613394216 0.16717325227963525
3 0.09512937595129375 0.056990881458966566 0.1780821917808219 0.09878419452887538