5 0.8480243161094225 0.06534954407294832 0.15501519756838905 0.1276595744680851
5 0.3525835866261398 0.16033434650455927 0.17933130699088146 0.16261398176291794
5 0.20820668693009117 0.09498480243161095 0.19148936170212766 0.1899696048632219
5 0.5516717325227963 0.89209726443769 0.2188449848024316 0.21580547112462006
5 0.378419452887538 0.9209726443768997 0.1458966565349544 0.1519756838905775
5 0.14209726443768997 0.912613981762918 0.1534954407294833 0.12310030395136778
5 0.067629179331307 0.8259878419452887 0.12310030395136778 0.14437689969604864
5 0.25227963525835867 0.9521276595744681 0.08206686930091185 0.09574468085106383
0 0.9354103343465046 0.1884498480243161 0.12917933130699089 0.17325227963525835
0 0.9232522796352584 0.33890577507598785 0.15045592705167174 0.1337386018237082
0 0.5683890577507599 0.09270516717325228 0.11246200607902736 0.16717325227963525
0 0.6246200607902735 0.23100303951367782 0.11550151975683891 0.1276595744680851
0 0.75 0.19680851063829788 0.09270516717325228 0.1656534954407295
0 0.7484802431610942 0.3495440729483283 0.17477203647416414 0.15501519756838905
0 0.9202127659574468 0.9346504559270516 0.1595744680851064 0.13069908814589665
0 0.9308510638297872 0.8016717325227963 0.135258358662614 0.12917933130699089
0 0.7150455927051672 0.7948328267477204 0.1474164133738602 0.09422492401215805
0 0.763677811550152 0.8898176291793313 0.1778115501519757 0.1534954407294833
0 0.7401215805471124 0.6306990881458967 0.1519756838905775 0.14893617021276595
0 0.5258358662613982 0.6968085106382979 0.11246200607902736 0.10486322188449848
0 0.9635258358662614 0.587386018237082 0.0729483282674772 0.13829787234042554
0 0.8913373860182371 0.49012158054711247 0.13221884498480244 0.1534954407294833
0 0.9460486322188449 0.6998480243161094 0.10790273556231003 0.09270516717325228
0 0.8449848024316109 0.6975683890577508 0.0911854103343465 0.0911854103343465
0 0.8662613981762918 0.6200607902735562 0.10030395136778116 0.10638297872340426
0 0.7180851063829787 0.4848024316109423 0.22036474164133737 0.1337386018237082
0 0.5022796352583586 0.4726443768996961 0.20820668693009117 0.15501519756838905
0 0.5425531914893617 0.5972644376899696 0.22492401215805471 0.10638297872340426
0 0.5539513677811551 0.31382978723404253 0.13221884498480244 0.12917933130699089
0 0.18009118541033434 0.2553191489361702 0.15045592705167174 0.10638297872340426
0 0.4278115501519757 0.31990881458966564 0.1413373860182371 0.1474164133738602
0 0.31534954407294835 0.3882978723404255 0.15045592705167174 0.1595744680851064
0 0.10486322188449848 0.364741641337386 0.20972644376899696 0.13069908814589665
0 0.21580547112462006 0.45288753799392095 0.1580547112462006 0.16109422492401215