5 0.8249619482496194 0.4209726443768997 0.2252663622526636 0.24620060790273557
5 0.60882800608828 0.4696048632218845 0.2100456621004566 0.20364741641337386
5 0.7123287671232876 0.5782674772036475 0.1643835616438356 0.12917933130699089
5 0.6080669710806698 0.29027355623100304 0.2207001522070015 0.16109422492401215
5 0.4505327245053272 0.39969604863221886 0.1856925418569254 0.22188449848024316
5 0.4299847792998478 0.27583586626139817 0.1506849315068493 0.09878419452887538
7 0.24581430745814306 0.1831306990881459 0.0898021308980213 0.07750759878419453
0 0.1872146118721461 0.41717325227963525 0.091324200913242 0.09270516717325228
7 0.0974124809741248 0.034954407294832825 0.1156773211567732 0.0668693009118541
5 0.02359208523592085 0.36246200607902734 0.0471841704718417 0.1413373860182371
5 0.0547945205479452 0.493161094224924 0.106544901065449 0.18085106382978725
5 0.03729071537290715 0.6595744680851063 0.0745814307458143 0.17325227963525835
5 0.2557077625570776 0.9057750759878419 0.2374429223744292 0.1884498480243161
5 0.9619482496194824 0.9027355623100304 0.076103500761035 0.1945288753799392
5 0.9170471841704718 0.7021276595744681 0.1659056316590563 0.3069908814589666
5 0.8660578386605784 0.10258358662613981 0.1887366818873668 0.1717325227963526
5 0.9817351598173516 0.12310030395136778 0.0365296803652968 0.22796352583586627
5 0.9748858447488584 0.2872340425531915 0.0502283105022831 0.0972644376899696
5 0.9764079147640792 0.378419452887538 0.0471841704718417 0.06382978723404255
5 0.7427701674277016 0.030395136778115502 0.1796042617960426 0.0547112462006079
5 0.8447488584474886 0.23024316109422494 0.1735159817351598 0.1656534954407295
5 0.619482496194825 0.067629179331307 0.15220700152207 0.12917933130699089
5 0.6811263318112634 0.14817629179331307 0.1506849315068493 0.14437689969604864
5 0.4961948249619482 0.08890577507598785 0.167427701674277 0.1778115501519757
5 0.30441400304414 0.06003039513677812 0.2404870624048706 0.11702127659574468
0 0.8006088280060882 0.9095744680851063 0.106544901065449 0.10486322188449848
0 0.8082191780821918 0.6375379939209727 0.1917808219178082 0.09574468085106383
0 0.6864535768645358 0.9635258358662614 0.1035007610350076 0.0729483282674772
0 0.723744292237443 0.7348024316109423 0.1019786910197869 0.08662613981762918
0 0.6232876712328768 0.7408814589665653 0.0837138508371385 0.10486322188449848
0 0.667427701674277 0.8617021276595744 0.1019786910197869 0.11854103343465046
0 0.8028919330289194 0.7477203647416414 0.0593607305936073 0.11854103343465046
0 0.045662100456621 0.9133738601823708 0.091324200913242 0.1702127659574468
0 0.1263318112633181 0.7340425531914894 0.0974124809741248 0.15501519756838905
0 0.2952815829528158 0.736322188449848 0.1095890410958904 0.15045592705167174
0 0.5357686453576864 0.6557750759878419 0.0974124809741248 0.13221884498480244
0 0.4931506849315068 0.7758358662613982 0.1187214611872146 0.09878419452887538
0 0.7526636225266362 0.8290273556231003 0.0715372907153729 0.08662613981762918
0 0.5616438356164384 0.9050151975683891 0.1035007610350076 0.09574468085106383
0 0.4337899543378995 0.8943768996960486 0.0974124809741248 0.08966565349544073
0 0.3972602739726027 0.7348024316109423 0.0791476407914764 0.135258358662614