5 0.9117199391171994 0.41641337386018235 0.1765601217656012 0.24924012158054712
5 0.9444444444444444 0.6428571428571429 0.1111111111111111 0.1702127659574468
5 0.4741248097412481 0.7879939209726444 0.2267884322678843 0.20820668693009117
5 0.23668188736681886 0.9042553191489362 0.2420091324200913 0.1884498480243161
5 0.3363774733637747 0.5227963525835866 0.380517503805175 0.3069908814589666
5 0.05555555555555555 0.4065349544072948 0.1050228310502283 0.31155015197568386
5 0.895738203957382 0.12006079027355623 0.2085235920852359 0.24012158054711247
5 0.6575342465753424 0.07522796352583587 0.2557077625570776 0.1474164133738602
5 0.1887366818873668 0.0790273556231003 0.2709284627092846 0.1519756838905775
5 0.4185692541856925 0.041033434650455926 0.167427701674277 0.08206686930091185
7 0.9345509893455098 0.7948328267477204 0.1035007610350076 0.11550151975683891
7 0.649923896499239 0.3525835866261398 0.136986301369863 0.14285714285714285
7 0.5859969558599696 0.17249240121580547 0.1278538812785388 0.17477203647416414
0 0.4611872146118721 0.1276595744680851 0.0882800608828006 0.09422492401215805
0 0.802130898021309 0.7127659574468085 0.1156773211567732 0.12158054711246201
0 0.7663622526636226 0.5691489361702128 0.1445966514459665 0.14437689969604864
0 0.606544901065449 0.5843465045592705 0.1385083713850837 0.135258358662614
0 0.6917808219178082 0.8351063829787234 0.1537290715372907 0.12310030395136778
0 0.469558599695586 0.9460486322188449 0.1567732115677321 0.10790273556231003
0 0.12252663622526636 0.7249240121580547 0.1598173515981735 0.14285714285714285
0 0.1750380517503805 0.3100303951367781 0.1400304414003044 0.11854103343465046
0 0.6788432267884322 0.708966565349544 0.1187214611872146 0.10182370820668693
0 0.12252663622526636 0.20288753799392098 0.1445966514459665 0.09270516717325228
0 0.2534246575342466 0.23252279635258358 0.1111111111111111 0.1337386018237082