5 0.878234398782344 0.852359208523592 0.2252663622526636 0.2070015220700152
5 0.4680365296803653 0.8333333333333334 0.1780821917808219 0.2054794520547945
5 0.9101978691019786 0.4779299847792998 0.1796042617960426 0.1613394216133942
5 0.9018264840182648 0.6537290715372908 0.1537290715372907 0.2115677321156773
5 0.2503805175038052 0.9345509893455098 0.1841704718417047 0.1308980213089802
5 0.08751902587519025 0.9170471841704718 0.1750380517503805 0.1659056316590563
5 0.9193302891933028 0.228310502283105 0.1613394216133942 0.1735159817351598
5 0.8059360730593608 0.1552511415525114 0.2633181126331811 0.2465753424657534
5 0.0806697108066971 0.654490106544901 0.1430745814307458 0.2252663622526636
5 0.5076103500761036 0.6560121765601218 0.1202435312024353 0.1126331811263318
5 0.4231354642313546 0.2800608828006088 0.1613394216133942 0.1491628614916286
5 0.14535768645357686 0.2420091324200913 0.1933028919330289 0.2374429223744292
5 0.11187214611872145 0.4208523592085236 0.2237442922374429 0.1415525114155251
5 0.2777777777777778 0.3280060882800609 0.1445966514459665 0.2146118721461187
5 0.6468797564687976 0.604261796042618 0.2252663622526636 0.1491628614916286
5 0.7245053272450532 0.7488584474885844 0.258751902587519 0.1552511415525114
5 0.6415525114155252 0.895738203957382 0.1841704718417047 0.1232876712328767
5 0.8462709284627092 0.3592085235920852 0.1582952815829528 0.091324200913242
5 0.6293759512937596 0.0593607305936073 0.0958904109589041 0.1187214611872146
5 0.6735159817351598 0.3165905631659056 0.1567732115677321 0.136986301369863
5 0.5684931506849316 0.4741248097412481 0.1537290715372907 0.1476407914764079
5 0.3729071537290715 0.1248097412480974 0.1735159817351598 0.1704718417047184
5 0.1263318112633181 0.07382039573820395 0.1308980213089802 0.1476407914764079
5 0.3987823439878234 0.6986301369863014 0.0730593607305936 0.1126331811263318
5 0.2968036529680365 0.8181126331811264 0.1308980213089802 0.1263318112633181
5 0.7024353120243532 0.3972602739726027 0.1263318112633181 0.121765601217656
5 0.5038051750380518 0.0928462709284627 0.106544901065449 0.1643835616438356
5 0.6126331811263318 0.21385083713850836 0.1476407914764079 0.1263318112633181
5 0.5494672754946728 0.2831050228310502 0.0974124809741248 0.1187214611872146
5 0.7557077625570776 0.5213089802130898 0.1598173515981735 0.1385083713850837
5 0.9398782343987824 0.939117199391172 0.1202435312024353 0.1156773211567732
7 0.7853881278538812 0.943683409436834 0.0791476407914764 0.0821917808219178
5 0.7214611872146118 0.971841704718417 0.121765601217656 0.0563165905631659
5 0.5646879756468798 0.95662100456621 0.1856925418569254 0.0867579908675799
5 0.1613394216133942 0.8051750380517504 0.1004566210045662 0.1156773211567732
5 0.3797564687975647 0.9505327245053272 0.1080669710806697 0.0958904109589041
7 0.2085235920852359 0.7054794520547946 0.106544901065449 0.0776255707762557
5 0.3904109589041096 0.5091324200913242 0.2176560121765601 0.1567732115677321
5 0.2831050228310502 0.5662100456621004 0.1917808219178082 0.2100456621004566
7 0.21385083713850836 0.636986301369863 0.0715372907153729 0.0684931506849315
5 0.4284627092846271 0.3964992389649924 0.1111111111111111 0.0776255707762557
5 0.5235920852359208 0.3797564687975647 0.121765601217656 0.0898021308980213
5 0.3493150684931507 0.0273972602739726 0.1263318112633181 0.0547945205479452
5 0.24733637747336376 0.07990867579908675 0.1019786910197869 0.1598173515981735
5 0.23820395738203956 0.1095890410958904 0.0715372907153729 0.0091324200913242
5 0.03272450532724505 0.0532724505327245 0.0624048706240487 0.106544901065449
5 0.0380517503805175 0.1841704718417047 0.0730593607305936 0.1339421613394216