5 0.7557077625570776 0.5441400304414004 0.1354642313546423 0.1841704718417047
5 0.6385083713850838 0.5852359208523592 0.1019786910197869 0.1841704718417047
5 0.893455098934551 0.7945205479452054 0.1248097412480974 0.1491628614916286
5 0.958904109589041 0.693302891933029 0.0821917808219178 0.1050228310502283
5 0.7534246575342466 0.9018264840182648 0.0852359208523592 0.1111111111111111
5 0.8310502283105022 0.9429223744292238 0.0547945205479452 0.0684931506849315
5 0.8858447488584474 0.9771689497716894 0.045662100456621 0.045662100456621
5 0.649923896499239 0.7359208523592086 0.1095890410958904 0.0989345509893455
5 0.7534246575342466 0.6940639269406392 0.0669710806697108 0.1430745814307458
5 0.4010654490106545 0.73896499238965 0.1019786910197869 0.0837138508371385
5 0.393455098934551 0.6621004566210046 0.0532724505327245 0.0578386605783866
5 0.4140030441400304 0.5966514459665144 0.076103500761035 0.0487062404870624
5 0.2899543378995434 0.743531202435312 0.0898021308980213 0.1111111111111111
5 0.4360730593607306 0.9048706240487062 0.1171993911719939 0.0837138508371385
5 0.4231354642313546 0.22298325722983256 0.0852359208523592 0.0745814307458143
5 0.05403348554033485 0.2374429223744292 0.1080669710806697 0.1004566210045662
5 0.03272450532724505 0.3226788432267884 0.0654490106544901 0.0487062404870624
5 0.0624048706240487 0.4345509893455099 0.1035007610350076 0.0806697108066971
5 0.0471841704718417 0.5372907153729072 0.0943683409436834 0.1004566210045662
5 0.15753424657534246 0.2633181126331811 0.0837138508371385 0.060882800608828
5 0.15449010654490106 0.3546423135464231 0.0654490106544901 0.0639269406392694
5 0.3302891933028919 0.3668188736681887 0.0821917808219178 0.0821917808219178
5 0.3858447488584475 0.2937595129375951 0.1050228310502283 0.0487062404870624
5 0.24277016742770166 0.3165905631659056 0.0745814307458143 0.0669710806697108
5 0.2511415525114155 0.24277016742770166 0.1035007610350076 0.0441400304414003
5 0.16971080669710806 0.4353120243531202 0.0867579908675799 0.0639269406392694
5 0.1780821917808219 0.5197869101978692 0.091324200913242 0.0715372907153729
5 0.3378995433789954 0.4840182648401826 0.091324200913242 0.076103500761035
5 0.2549467275494673 0.4117199391171994 0.0867579908675799 0.0928462709284627
5 0.2686453576864536 0.5144596651445966 0.0898021308980213 0.0791476407914764
5 0.2823439878234399 0.5898021308980214 0.0928462709284627 0.0471841704718417
5 0.3888888888888889 0.1567732115677321 0.0989345509893455 0.0669710806697108
5 0.4497716894977169 0.4961948249619482 0.0898021308980213 0.091324200913242
5 0.5372907153729072 0.5083713850837138 0.060882800608828 0.0821917808219178
5 0.6232876712328768 0.8926940639269406 0.1354642313546423 0.1354642313546423
5 0.8942161339421614 0.4010654490106545 0.0745814307458143 0.0624048706240487
5 0.9360730593607306 0.5722983257229832 0.0669710806697108 0.0639269406392694
5 0.5593607305936074 0.12404870624048706 0.1050228310502283 0.0745814307458143
5 0.07838660578386605 0.0791476407914764 0.0684931506849315 0.0426179604261796
5 0.10426179604261795 0.14079147640791476 0.0532724505327245 0.0471841704718417
5 0.1659056316590563 0.1856925418569254 0.0487062404870624 0.0730593607305936
5 0.0547945205479452 0.3736681887366819 0.0791476407914764 0.0350076103500761
5 0.1050228310502283 0.3097412480974125 0.0639269406392694 0.0563165905631659
5 0.0167427701674277 0.6187214611872146 0.0334855403348554 0.0563165905631659
5 0.08447488584474885 0.6796042617960426 0.0471841704718417 0.0350076103500761
5 0.22450532724505326 0.7792998477929984 0.0410958904109589 0.0578386605783866
5 0.941400304414003 0.9901065449010654 0.0532724505327245 0.0197869101978691
5 0.5220700152207002 0.7488584474885844 0.0517503805175038 0.0547945205479452
5 0.5471841704718418 0.6742770167427702 0.0684931506849315 0.0700152207001522
5 0.3401826484018265 0.6765601217656012 0.0624048706240487 0.0532724505327245
0 0.6301369863013698 0.2625570776255708 0.0821917808219178 0.0837138508371385
0 0.7191780821917808 0.3462709284627093 0.0898021308980213 0.0715372907153729
0 0.6719939117199392 0.13013698630136986 0.0837138508371385 0.0837138508371385
0 0.7617960426179604 0.1917808219178082 0.0776255707762557 0.0700152207001522
0 0.19254185692541856 0.6621004566210046 0.0624048706240487 0.0943683409436834