5 0.9147640791476408 0.5380517503805176 0.167427701674277 0.1537290715372907
5 0.9155251141552512 0.4269406392694064 0.1689497716894977 0.1080669710806697
5 0.8592085235920852 0.167427701674277 0.1506849315068493 0.15220700152207
5 0.7534246575342466 0.3356164383561644 0.1308980213089802 0.1324200913242009
5 0.7191780821917808 0.4885844748858447 0.1719939117199391 0.1582952815829528
5 0.6940639269406392 0.18493150684931506 0.121765601217656 0.1050228310502283
5 0.6149162861491628 0.273972602739726 0.121765601217656 0.1308980213089802
5 0.4961948249619482 0.2777777777777778 0.1126331811263318 0.1171993911719939
5 0.350076103500761 0.10882800608828005 0.1339421613394216 0.1232876712328767
5 0.213089802130898 0.10578386605783865 0.1278538812785388 0.1354642313546423
5 0.1035007610350076 0.3135464231354642 0.121765601217656 0.1308980213089802
5 0.319634703196347 0.3242009132420091 0.1187214611872146 0.1248097412480974
5 0.2009132420091324 0.3797564687975647 0.1461187214611872 0.1415525114155251
5 0.3432267884322679 0.4124809741248097 0.1171993911719939 0.1156773211567732
5 0.4459665144596651 0.1613394216133942 0.106544901065449 0.1095890410958904
5 0.4832572298325723 0.3858447488584475 0.1598173515981735 0.1354642313546423
5 0.04033485540334855 0.19558599695585996 0.0806697108066971 0.1202435312024353
5 0.1476407914764079 0.18797564687975646 0.1400304414003044 0.1445966514459665
5 0.3645357686453577 0.21993911719939116 0.1202435312024353 0.1080669710806697
5 0.0426179604261796 0.09360730593607305 0.0852359208523592 0.0867579908675799
7 0.1232876712328767 0.0395738203957382 0.076103500761035 0.0791476407914764
7 0.2724505327245053 0.02968036529680365 0.091324200913242 0.0593607305936073
5 0.9315068493150684 0.3409436834094368 0.0943683409436834 0.106544901065449
5 0.5646879756468798 0.07382039573820395 0.1643835616438356 0.1476407914764079
5 0.7465753424657534 0.06316590563165905 0.1719939117199391 0.1263318112633181
0 0.9353120243531202 0.7222222222222222 0.0715372907153729 0.0776255707762557
0 0.8318112633181126 0.7168949771689498 0.0837138508371385 0.076103500761035
0 0.7397260273972602 0.6293759512937596 0.0700152207001522 0.0806697108066971
0 0.9619482496194824 0.898021308980213 0.0730593607305936 0.0669710806697108
0 0.6286149162861492 0.7115677321156774 0.0700152207001522 0.0593607305936073
0 0.6012176560121766 0.5730593607305936 0.0547945205479452 0.0502283105022831
0 0.5441400304414004 0.6704718417047184 0.0532724505327245 0.0563165905631659
0 0.4056316590563166 0.7062404870624048 0.0624048706240487 0.060882800608828
0 0.24124809741248096 0.6666666666666666 0.0654490106544901 0.0547945205479452
0 0.2815829528158295 0.5669710806697108 0.060882800608828 0.0624048706240487
0 0.17123287671232876 0.5060882800608828 0.0745814307458143 0.0806697108066971
0 0.0730593607305936 0.5882800608828006 0.0730593607305936 0.0715372907153729
0 0.1963470319634703 0.7952815829528158 0.0639269406392694 0.0563165905631659
0 0.3089802130898021 0.7519025875190258 0.0578386605783866 0.045662100456621
0 0.02815829528158295 0.8569254185692542 0.0532724505327245 0.0578386605783866
0 0.3736681887366819 0.563165905631659 0.0654490106544901 0.0547945205479452
0 0.8257229832572298 0.8645357686453576 0.0624048706240487 0.045662100456621
0 0.08904109589041095 0.6818873668188736 0.0684931506849315 0.0578386605783866
0 0.7602739726027398 0.7625570776255708 0.0593607305936073 0.0487062404870624
0 0.4779299847792998 0.5517503805175038 0.060882800608828 0.0471841704718417
0 0.9703196347031964 0.7983257229832572 0.0593607305936073 0.0532724505327245
0 0.4231354642313546 0.617199391171994 0.0517503805175038 0.0502283105022831
0 0.7123287671232876 0.7062404870624048 0.0487062404870624 0.0547945205479452
0 0.06773211567732115 0.4809741248097412 0.0593607305936073 0.0487062404870624
0 0.14992389649923896 0.617199391171994 0.0532724505327245 0.0502283105022831
0 0.0989345509893455 0.7785388127853882 0.0517503805175038 0.0502283105022831
0 0.23972602739726026 0.5357686453576864 0.0563165905631659 0.0547945205479452
0 0.1248097412480974 0.5426179604261796 0.0578386605783866 0.0593607305936073
0 0.8995433789954338 0.6438356164383562 0.0578386605783866 0.0547945205479452
5 0.4619482496194825 0.895738203957382 0.0928462709284627 0.0715372907153729
5 0.5669710806697108 0.9299847792998478 0.0684931506849315 0.0578386605783866
5 0.5076103500761036 0.791476407914764 0.0624048706240487 0.060882800608828
5 0.1735159817351598 0.9444444444444444 0.1491628614916286 0.1111111111111111