5 0.2945205479452055 0.18340943683409436 0.1750380517503805 0.1506849315068493
5 0.5547945205479452 0.8272450532724506 0.1293759512937595 0.1993911719939117
5 0.8158295281582952 0.3866057838660578 0.2313546423135464 0.1643835616438356
5 0.1308980213089802 0.8812785388127854 0.2617960426179604 0.2313546423135464
5 0.7754946727549468 0.6575342465753424 0.1445966514459665 0.1643835616438356
5 0.8888888888888888 0.865296803652968 0.2222222222222222 0.2694063926940639
5 0.1704718417047184 0.6636225266362252 0.2557077625570776 0.1856925418569254
5 0.3120243531202435 0.7366818873668188 0.1248097412480974 0.1095890410958904
5 0.3866057838660578 0.8797564687975646 0.2222222222222222 0.1917808219178082
5 0.7709284627092846 0.5144596651445966 0.1385083713850837 0.0791476407914764
5 0.9155251141552512 0.5190258751902588 0.1080669710806697 0.121765601217656
5 0.6095890410958904 0.6248097412480974 0.1567732115677321 0.2420091324200913
5 0.2480974124809741 0.4550989345509893 0.228310502283105 0.2557077625570776
5 0.9018264840182648 0.1111111111111111 0.1963470319634703 0.1917808219178082
5 0.5388127853881278 0.1019786910197869 0.197869101978691 0.136986301369863
5 0.4284627092846271 0.3485540334855403 0.2480974124809741 0.167427701674277
5 0.4345509893455099 0.5091324200913242 0.1628614916286149 0.1689497716894977
5 0.4581430745814307 0.6811263318112634 0.1308980213089802 0.1415525114155251
5 0.632420091324201 0.34779299847793 0.1476407914764079 0.1719939117199391
5 0.3645357686453577 0.05098934550989345 0.1171993911719939 0.1019786910197869
5 0.6796042617960426 0.9444444444444444 0.2480974124809741 0.1111111111111111
5 0.7450532724505328 0.2070015220700152 0.0989345509893455 0.1491628614916286
7 0.5821917808219178 0.2252663622526636 0.1111111111111111 0.0852359208523592
5 0.5745814307458144 0.02968036529680365 0.1415525114155251 0.0593607305936073
5 0.754185692541857 0.0517503805175038 0.1963470319634703 0.1004566210045662
5 0.9642313546423136 0.4315068493150685 0.0715372907153729 0.1385083713850837
5 0.910958904109589 0.6491628614916286 0.1080669710806697 0.1385083713850837
5 0.20928462709284626 0.2861491628614916 0.1567732115677321 0.1156773211567732
5 0.5578386605783866 0.4079147640791476 0.1080669710806697 0.1035007610350076
5 0.8919330289193302 0.4170471841704718 0.136986301369863 0.1430745814307458
5 0.7442922374429224 0.7907153729071538 0.0821917808219178 0.1141552511415525
5 0.6666666666666666 0.8203957382039574 0.1004566210045662 0.1491628614916286
5 0.4748858447488584 0.9649923896499238 0.1613394216133942 0.0700152207001522
5 0.4375951293759513 0.1719939117199391 0.1324200913242009 0.1796042617960426
5 0.9117199391171994 0.2724505327245053 0.1430745814307458 0.1735159817351598
5 0.197869101978691 0.0821917808219178 0.1765601217656012 0.1643835616438356