5 0.04794520547945205 0.1080669710806697 0.0958904109589041 0.2161339421613394
5 0.939117199391172 0.3888888888888889 0.121765601217656 0.4246575342465753
5 0.8698630136986302 0.8234398782343988 0.2602739726027397 0.3531202435312024
5 0.9223744292237442 0.060882800608828 0.0700152207001522 0.121765601217656
5 0.987062404870624 0.106544901065449 0.0258751902587519 0.136986301369863
5 0.76103500761035 0.1430745814307458 0.1856925418569254 0.1461187214611872
5 0.8188736681887366 0.03272450532724505 0.121765601217656 0.0654490106544901
5 0.7937595129375952 0.2937595129375951 0.1232876712328767 0.136986301369863
5 0.7922374429223744 0.4885844748858447 0.1598173515981735 0.1552511415525114
5 0.8432267884322678 0.6149162861491628 0.1187214611872146 0.0730593607305936
5 0.5007610350076104 0.8394216133942162 0.15220700152207 0.1050228310502283
5 0.6331811263318112 0.926179604261796 0.2252663622526636 0.1476407914764079
5 0.5662100456621004 0.7054794520547946 0.2252663622526636 0.2176560121765601
5 0.6940639269406392 0.6057838660578386 0.1339421613394216 0.1278538812785388
5 0.4901065449010654 0.5395738203957382 0.1400304414003044 0.0989345509893455
1 0.6012176560121766 0.350076103500761 0.2465753424657534 0.2800608828006088
5 0.380517503805175 0.0197869101978691 0.213089802130898 0.0395738203957382