7 0.5828267477203647 0.20624048706240486 0.10486322188449848 0.0715372907153729
7 0.8442249240121581 0.5958904109589042 0.06534954407294832 0.0563165905631659
7 0.837386018237082 0.5334855403348554 0.03951367781155015 0.0350076103500761
7 0.9604863221884499 0.5365296803652968 0.0364741641337386 0.0593607305936073
7 0.9019756838905775 0.5068493150684932 0.06231003039513678 0.0700152207001522
6 0.5311550151975684 0.3866057838660578 0.019756838905775075 0.015220700152207
6 0.5531914893617021 0.4216133942161339 0.015197568389057751 0.0213089802130898
7 0.6679331306990881 0.3592085235920852 0.031914893617021274 0.0517503805175038
6 0.5896656534954408 0.3105022831050228 0.02735562310030395 0.0426179604261796
7 0.6907294832826748 0.3089802130898021 0.037993920972644375 0.0547945205479452
6 0.49544072948328266 0.3371385083713851 0.0182370820668693 0.0197869101978691
6 0.5440729483282675 0.302130898021309 0.0182370820668693 0.0228310502283105
7 0.6268996960486323 0.2610350076103501 0.041033434650455926 0.0410958904109589
7 0.7348024316109423 0.2625570776255708 0.044072948328267476 0.0684931506849315
7 0.9612462006079028 0.7625570776255708 0.07446808510638298 0.0882800608828006
7 0.9787234042553191 0.9581430745814308 0.0425531914893617 0.0837138508371385
7 0.6155015197568389 0.7511415525114156 0.03951367781155015 0.0410958904109589
7 0.7727963525835866 0.4984779299847793 0.041033434650455926 0.0289193302891933
7 0.9840425531914894 0.8592085235920852 0.031914893617021274 0.0958904109589041
7 0.6914893617021277 0.8417047184170472 0.0364741641337386 0.045662100456621
7 0.64209726443769 0.6187214611872146 0.041033434650455926 0.0350076103500761
6 0.44680851063829785 0.12252663622526636 0.0547112462006079 0.0502283105022831
6 0.4878419452887538 0.2983257229832572 0.02735562310030395 0.0334855403348554
6 0.547112462006079 0.11339421613394216 0.02735562310030395 0.0289193302891933
6 0.7165653495440729 0.1689497716894977 0.031914893617021274 0.0365296803652968
6 0.60790273556231 0.06621004566210045 0.02127659574468085 0.0228310502283105
6 0.8396656534954408 0.1156773211567732 0.022796352583586626 0.015220700152207
6 0.9878419452887538 0.17579908675799086 0.0243161094224924 0.0319634703196347
6 0.6869300911854104 0.4375951293759513 0.02127659574468085 0.0197869101978691
6 0.7644376899696048 0.4018264840182648 0.00911854103343465 0.0273972602739726
6 0.7993920972644377 0.317351598173516 0.03343465045592705 0.0228310502283105
6 0.7978723404255319 0.289193302891933 0.02735562310030395 0.0213089802130898
6 0.7340425531914894 0.3881278538812785 0.015197568389057751 0.0213089802130898
6 0.6474164133738601 0.5799086757990868 0.0182370820668693 0.0091324200913242
6 0.5592705167173252 0.621765601217656 0.0243161094224924 0.0197869101978691
6 0.7553191489361702 0.5966514459665144 0.02735562310030395 0.0334855403348554
6 0.817629179331307 0.708523592085236 0.015197568389057751 0.0319634703196347
6 0.6405775075987842 0.9497716894977168 0.025835866261398176 0.015220700152207
6 0.7462006079027356 0.9398782343987824 0.0121580547112462 0.0136986301369863
6 0.8427051671732523 0.954337899543379 0.022796352583586626 0.0213089802130898
6 0.7940729483282675 0.8105022831050228 0.022796352583586626 0.0289193302891933
6 0.8145896656534954 0.7853881278538812 0.030395136778115502 0.030441400304414
6 0.6603343465045592 0.8888888888888888 0.019756838905775075 0.0182648401826484
6 0.682370820668693 0.9307458143074582 0.015197568389057751 0.0228310502283105
6 0.9012158054711246 0.8363774733637748 0.02735562310030395 0.0197869101978691
6 0.9103343465045592 0.015220700152207 0.0425531914893617 0.030441400304414
6 0.6998480243161094 0.10426179604261795 0.028875379939209727 0.0197869101978691
6 0.6588145896656535 0.2161339421613394 0.019756838905775075 0.0334855403348554
6 0.7165653495440729 0.2161339421613394 0.025835866261398176 0.0273972602739726
7 0.7021276595744681 0.3607305936073059 0.02127659574468085 0.0273972602739726
6 0.723404255319149 0.3432267884322679 0.0182370820668693 0.0167427701674277
7 0.9513677811550152 0.6286149162861492 0.06990881458966565 0.0791476407914764
7 0.8016717325227963 0.9337899543378996 0.031914893617021274 0.0258751902587519
7 0.7135258358662614 0.7770167427701674 0.031914893617021274 0.0502283105022831