5 0.9307458143074582 0.9223744292237442 0.1385083713850837 0.1308980213089802
5 0.773972602739726 0.7990867579908676 0.1659056316590563 0.1613394216133942
5 0.1917808219178082 0.8188736681887366 0.121765601217656 0.1004566210045662
5 0.5487062404870624 0.7298325722983258 0.2511415525114155 0.3242009132420091
5 0.3744292237442922 0.8051750380517504 0.167427701674277 0.2009132420091324
5 0.7328767123287672 0.9337899543378996 0.1902587519025875 0.1324200913242009
5 0.4771689497716895 0.9398782343987824 0.1385083713850837 0.1202435312024353
5 0.0852359208523592 0.9634703196347032 0.1430745814307458 0.0730593607305936
5 0.8843226788432268 0.5114155251141552 0.2313546423135464 0.2161339421613394
5 0.9048706240487062 0.7252663622526636 0.1902587519025875 0.2237442922374429
5 0.7671232876712328 0.6354642313546424 0.1765601217656012 0.1993911719939117
5 0.16971080669710806 0.6643835616438356 0.1019786910197869 0.1050228310502283
5 0.045662100456621 0.819634703196347 0.091324200913242 0.1141552511415525
5 0.6666666666666666 0.4056316590563166 0.2374429223744292 0.2176560121765601
5 0.8736681887366818 0.3295281582952816 0.1308980213089802 0.1111111111111111
5 0.9208523592085236 0.10882800608828005 0.1582952815829528 0.1963470319634703
5 0.7404870624048706 0.1704718417047184 0.1811263318112633 0.2496194824961948
5 0.0593607305936073 0.5334855403348554 0.0974124809741248 0.1324200913242009
5 0.03729071537290715 0.6750380517503806 0.0745814307458143 0.0776255707762557
5 0.2929984779299848 0.1187214611872146 0.1689497716894977 0.1887366818873668
5 0.11796042617960426 0.23211567732115676 0.2237442922374429 0.1963470319634703
5 0.3607305936073059 0.3074581430745814 0.2070015220700152 0.2100456621004566
5 0.5464231354642314 0.08599695585996955 0.1491628614916286 0.1719939117199391
5 0.5844748858447488 0.22754946727549466 0.1278538812785388 0.1293759512937595
5 0.3181126331811263 0.5996955859969558 0.213089802130898 0.197869101978691
5 0.2815829528158295 0.408675799086758 0.1430745814307458 0.1050228310502283
5 0.3203957382039574 0.9307458143074582 0.1445966514459665 0.1385083713850837
7 0.5 0.5593607305936074 0.0715372907153729 0.0654490106544901
5 0.4703196347031963 0.4786910197869102 0.1704718417047184 0.1019786910197869
5 0.5068493150684932 0.34779299847793 0.1248097412480974 0.1963470319634703
5 0.1582952815829528 0.4840182648401826 0.0943683409436834 0.091324200913242
5 0.05555555555555555 0.4071537290715373 0.1111111111111111 0.1202435312024353
5 0.5981735159817352 0.9459665144596652 0.1248097412480974 0.1080669710806697