5 0.624048706240487 0.21080669710806696 0.121765601217656 0.1050228310502283
5 0.20776255707762556 0.3706240487062405 0.0654490106544901 0.0958904109589041
5 0.10273972602739725 0.515220700152207 0.0806697108066971 0.0532724505327245
5 0.0715372907153729 0.6666666666666666 0.121765601217656 0.1430745814307458
5 0.1933028919330289 0.6484018264840182 0.106544901065449 0.1248097412480974
5 0.7374429223744292 0.3850837138508371 0.0806697108066971 0.1035007610350076
5 0.7336377473363774 0.4733637747336377 0.1308980213089802 0.1035007610350076
5 0.3576864535768645 0.1232876712328767 0.076103500761035 0.1035007610350076
5 0.12100456621004566 0.07990867579908675 0.1232876712328767 0.1537290715372907
5 0.256468797564688 0.0684931506849315 0.1202435312024353 0.1339421613394216
5 0.23972602739726026 0.1689497716894977 0.0715372907153729 0.0547945205479452
5 0.3371385083713851 0.2252663622526636 0.1385083713850837 0.0821917808219178
5 0.393455098934551 0.045662100456621 0.1171993911719939 0.091324200913242
5 0.5426179604261796 0.05859969558599695 0.1445966514459665 0.1080669710806697
5 0.7146118721461188 0.0700152207001522 0.1719939117199391 0.136986301369863
5 0.8767123287671232 0.0243531202435312 0.106544901065449 0.0487062404870624
5 0.9649923896499238 0.05251141552511415 0.0700152207001522 0.1050228310502283
7 0.8561643835616438 0.09056316590563165 0.0532724505327245 0.0380517503805175
7 0.7968036529680366 0.16514459665144596 0.0441400304414003 0.0410958904109589
7 0.7732115677321156 0.24429223744292236 0.0365296803652968 0.0471841704718417
7 0.9140030441400304 0.3599695585996956 0.0350076103500761 0.0410958904109589
7 0.7549467275494672 0.3127853881278539 0.0365296803652968 0.0258751902587519
6 0.8850837138508372 0.3127853881278539 0.0350076103500761 0.0258751902587519
5 0.05251141552511415 0.21689497716894976 0.0867579908675799 0.1171993911719939
5 0.1035007610350076 0.3143074581430746 0.1278538812785388 0.1232876712328767
5 0.02815829528158295 0.3599695585996956 0.0410958904109589 0.1019786910197869
5 0.09056316590563165 0.4010654490106545 0.0867579908675799 0.0593607305936073
5 0.0882800608828006 0.4634703196347032 0.0517503805175038 0.0624048706240487
5 0.030441400304414 0.471841704718417 0.060882800608828 0.1004566210045662
5 0.05098934550989345 0.563165905631659 0.1019786910197869 0.0517503805175038
5 0.0502283105022831 0.7968036529680366 0.1004566210045662 0.1324200913242009
5 0.04642313546423135 0.9353120243531202 0.0684931506849315 0.1293759512937595
5 0.167427701674277 0.8059360730593608 0.091324200913242 0.1111111111111111
5 0.2633181126331811 0.7792998477929984 0.0639269406392694 0.1095890410958904
5 0.2420091324200913 0.9170471841704718 0.1156773211567732 0.1019786910197869
5 0.1430745814307458 0.9581430745814308 0.0974124809741248 0.0837138508371385
5 0.1324200913242009 0.8926940639269406 0.0639269406392694 0.0471841704718417
5 0.3607305936073059 0.9779299847792998 0.1735159817351598 0.0410958904109589
5 0.5091324200913242 0.817351598173516 0.0745814307458143 0.0730593607305936
5 0.2678843226788432 0.5144596651445966 0.1156773211567732 0.121765601217656
5 0.3105022831050228 0.5829528158295282 0.0730593607305936 0.0852359208523592
5 0.3074581430745814 0.7100456621004566 0.0791476407914764 0.0867579908675799
5 0.3866057838660578 0.8242009132420092 0.1187214611872146 0.0776255707762557
5 0.4596651445966514 0.9094368340943684 0.1491628614916286 0.0928462709284627
5 0.6270928462709284 0.867579908675799 0.1248097412480974 0.1339421613394216
5 0.5570776255707762 0.4984779299847793 0.0974124809741248 0.1232876712328767
5 0.593607305936073 0.3493150684931507 0.1613394216133942 0.1567732115677321
5 0.3706240487062405 0.3417047184170472 0.1019786910197869 0.0867579908675799
5 0.4885844748858447 0.2960426179604262 0.1126331811263318 0.1324200913242009
5 0.4535768645357686 0.4703196347031963 0.1095890410958904 0.1278538812785388
5 0.4155251141552511 0.604261796042618 0.1126331811263318 0.091324200913242
5 0.6027397260273972 0.6453576864535768 0.0943683409436834 0.091324200913242
5 0.502283105022831 0.6301369863013698 0.0974124809741248 0.1156773211567732
5 0.4094368340943683 0.693302891933029 0.106544901065449 0.0837138508371385
5 0.5395738203957382 0.7336377473363774 0.1263318112633181 0.076103500761035
5 0.7024353120243532 0.7382039573820396 0.1263318112633181 0.0791476407914764
5 0.7983257229832572 0.6126331811263318 0.1415525114155251 0.1537290715372907
5 0.852359208523592 0.4223744292237443 0.0791476407914764 0.0837138508371385
5 0.9398782343987824 0.708523592085236 0.1202435312024353 0.1050228310502283
5 0.7937595129375952 0.8158295281582952 0.1080669710806697 0.0852359208523592
5 0.9094368340943684 0.8340943683409436 0.1324200913242009 0.1582952815829528
5 0.8561643835616438 0.9406392694063926 0.2876712328767123 0.1187214611872146
5 0.6126331811263318 0.967275494672755 0.1902587519025875 0.0624048706240487
6 0.1187214611872146 0.5768645357686454 0.0213089802130898 0.0182648401826484
6 0.18188736681887366 0.5517503805175038 0.0228310502283105 0.0136986301369863
6 0.16057838660578386 0.5159817351598174 0.0258751902587519 0.030441400304414
6 0.9634703196347032 0.5053272450532724 0.045662100456621 0.0547945205479452
7 0.943683409436834 0.5844748858447488 0.030441400304414 0.0882800608828006
7 0.9025875190258752 0.5030441400304414 0.0395738203957382 0.0715372907153729