5 0.3866057838660578 0.4885844748858447 0.2526636225266362 0.213089802130898
5 0.319634703196347 0.1293759512937595 0.2343987823439878 0.2465753424657534
5 0.23363774733637746 0.7968036529680366 0.1993911719939117 0.2937595129375951
5 0.4284627092846271 0.6879756468797564 0.2207001522070015 0.2252663622526636
5 0.12100456621004566 0.5487062404870624 0.2420091324200913 0.1811263318112633
5 0.4596651445966514 0.3295281582952816 0.2070015220700152 0.2298325722983257
5 0.6080669710806698 0.5380517503805176 0.1202435312024353 0.1202435312024353
5 0.4520547945205479 0.9178082191780822 0.1765601217656012 0.15220700152207
5 0.1126331811263318 0.22450532724505326 0.1765601217656012 0.1841704718417047
5 0.799847792998478 0.2298325722983257 0.2328767123287671 0.1552511415525114
5 0.6582952815829528 0.076103500761035 0.1263318112633181 0.1248097412480974
5 0.817351598173516 0.408675799086758 0.243531202435312 0.1598173515981735
5 0.6659056316590564 0.7983257229832572 0.2785388127853881 0.2602739726027397
5 0.9162861491628614 0.6103500761035008 0.167427701674277 0.2039573820395738
5 0.7861491628614916 0.649923896499239 0.2054794520547945 0.2070015220700152
5 0.8576864535768646 0.8417047184170472 0.1537290715372907 0.1765601217656012
5 0.09056316590563165 0.4345509893455099 0.1445966514459665 0.1171993911719939
5 0.12252663622526636 0.6582952815829528 0.1385083713850837 0.1141552511415525
5 0.941400304414003 0.7990867579908676 0.1111111111111111 0.1430745814307458
5 0.5357686453576864 0.2070015220700152 0.2191780821917808 0.228310502283105
5 0.2496194824961948 0.3051750380517504 0.1430745814307458 0.1141552511415525