5 0.26595744680851063 0.6621004566210046 0.24012158054711247 0.1461187214611872
5 0.0851063829787234 0.5875190258751902 0.1641337386018237 0.2252663622526636
5 0.04559270516717325 0.7945205479452054 0.0911854103343465 0.136986301369863
5 0.3882978723404255 0.5350076103500762 0.1778115501519757 0.1324200913242009
7 0.2507598784194529 0.5395738203957382 0.1033434650455927 0.0898021308980213
5 0.2857142857142857 0.4048706240487062 0.13677811550151975 0.1278538812785388
5 0.4551671732522796 0.4322678843226788 0.1717325227963526 0.1308980213089802
5 0.10030395136778116 0.3165905631659056 0.2006079027355623 0.2678843226788432
7 0.14513677811550152 0.4726027397260274 0.12310030395136778 0.1263318112633181
5 0.36854103343465044 0.8995433789954338 0.22948328267477203 0.2009132420091324
5 0.45288753799392095 0.697869101978691 0.1337386018237082 0.1993911719939117
5 0.29635258358662614 0.2404870624048706 0.10030395136778116 0.1187214611872146
5 0.45592705167173253 0.22907153729071536 0.1762917933130699 0.2389649923896499
5 0.07446808510638298 0.1430745814307458 0.14893617021276595 0.1126331811263318
5 0.21656534954407294 0.1293759512937595 0.16869300911854104 0.136986301369863
5 0.12613981762917933 0.0471841704718417 0.10638297872340426 0.0943683409436834
5 0.36246200607902734 0.1141552511415525 0.08662613981762918 0.0943683409436834
5 0.5653495440729484 0.8386605783866058 0.14893617021276595 0.182648401826484
5 0.7537993920972644 0.7161339421613394 0.2066869300911854 0.2054794520547945
5 0.8115501519756839 0.4687975646879756 0.24620060790273557 0.258751902587519
5 0.5851063829787234 0.5220700152207002 0.19148936170212766 0.2496194824961948
5 0.9232522796352584 0.69558599695586 0.1534954407294833 0.197869101978691
5 0.8867781155015197 0.9147640791476408 0.22644376899696048 0.1704718417047184
5 0.6762917933130699 0.9421613394216134 0.19756838905775076 0.1156773211567732
5 0.6945288753799392 0.1461187214611872 0.3191489361702128 0.2922374429223744
5 0.8867781155015197 0.2237442922374429 0.1534954407294833 0.197869101978691
5 0.9308510638297872 0.08904109589041095 0.13829787234042554 0.1750380517503805
5 0.560790273556231 0.6894977168949772 0.0972644376899696 0.0821917808219178
5 0.20440729483282674 0.3318112633181126 0.07446808510638298 0.0852359208523592
5 0.3123100303951368 0.0273972602739726 0.196048632218845 0.0547945205479452
5 0.16945288753799392 0.9535768645357686 0.1595744680851064 0.0928462709284627
5 0.2378419452887538 0.8287671232876712 0.2872340425531915 0.1841704718417047
5 0.5721884498480243 0.2534246575342466 0.13829787234042554 0.1750380517503805