5 0.1537290715372907 0.09574468085106383 0.3074581430745814 0.19148936170212766
5 0.19710806697108066 0.7112462006079028 0.3455098934550989 0.270516717325228
5 0.10273972602739725 0.4726443768996961 0.1993911719939117 0.2917933130699088
5 0.3272450532724505 0.41109422492401215 0.2070015220700152 0.30851063829787234
5 0.7656012176560122 0.9080547112462006 0.1917808219178082 0.1838905775075988
5 0.936834094368341 0.9407294832826748 0.1263318112633181 0.11854103343465046
5 0.395738203957382 0.8761398176291794 0.2557077625570776 0.24772036474164133
5 0.5875190258751902 0.33358662613981765 0.30441400304414 0.28419452887537994
5 0.8942161339421614 0.40805471124620063 0.2115677321156773 0.27811550151975684
5 0.634703196347032 0.6109422492401215 0.502283105022831 0.25835866261398177
0 0.9550989345509894 0.6299392097264438 0.0898021308980213 0.08358662613981763
0 0.5540334855403348 0.8221884498480243 0.1035007610350076 0.12158054711246201
0 0.65220700152207 0.8069908814589666 0.0837138508371385 0.0790273556231003
0 0.5928462709284628 0.9513677811550152 0.0898021308980213 0.0972644376899696
0 0.0791476407914764 0.9551671732522796 0.0730593607305936 0.08966565349544073
0 0.1643835616438356 0.9544072948328267 0.0730593607305936 0.0911854103343465
0 0.21537290715372906 0.9110942249240122 0.0867579908675799 0.10486322188449848
0 0.0334855403348554 0.932370820668693 0.0669710806697108 0.135258358662614
5 0.878234398782344 0.7530395136778115 0.1643835616438356 0.19300911854103345
0 0.8234398782343988 0.6542553191489362 0.0669710806697108 0.07142857142857142
0 0.741248097412481 0.7378419452887538 0.1004566210045662 0.10182370820668693
0 0.9687975646879756 0.8123100303951368 0.0624048706240487 0.12917933130699089
0 0.8904109589041096 0.23100303951367782 0.1248097412480974 0.08206686930091185
0 0.6613394216133942 0.16185410334346503 0.1750380517503805 0.08054711246200608
0 0.5312024353120244 0.16945288753799392 0.0882800608828006 0.07750759878419453
0 0.4033485540334855 0.21656534954407294 0.1552511415525114 0.09878419452887538
0 0.2785388127853881 0.14361702127659576 0.0852359208523592 0.09574468085106383
0 0.0898021308980213 0.24012158054711247 0.1278538812785388 0.1519756838905775
7 0.1948249619482496 0.21808510638297873 0.0730593607305936 0.07750759878419453
5 0.8850837138508372 0.12310030395136778 0.2298325722983257 0.1580547112462006
5 0.5395738203957382 0.06155015197568389 0.2207001522070015 0.11702127659574468
7 0.4010654490106545 0.135258358662614 0.1415525114155251 0.10030395136778116