5 0.09056316590563165 0.4939209726443769 0.1780821917808219 0.44984802431610943
5 0.8812785388127854 0.1337386018237082 0.2374429223744292 0.17933130699088146
5 0.6567732115677322 0.11398176291793313 0.2054794520547945 0.1458966565349544
5 0.906392694063927 0.028875379939209727 0.1202435312024353 0.0547112462006079
5 0.7747336377473364 0.0364741641337386 0.106544901065449 0.0729483282674772
5 0.6666666666666666 0.018996960486322188 0.0882800608828006 0.031914893617021274
5 0.5532724505327246 0.034954407294832825 0.1263318112633181 0.06990881458966565
5 0.4368340943683409 0.047872340425531915 0.1126331811263318 0.09574468085106383
5 0.3401826484018265 0.030395136778115502 0.0898021308980213 0.060790273556231005
5 0.4771689497716895 0.12310030395136778 0.1354642313546423 0.0972644376899696
5 0.09665144596651445 0.11550151975683891 0.1933028919330289 0.22492401215805471
5 0.3302891933028919 0.12386018237082067 0.1613394216133942 0.11094224924012158
5 0.24277016742770166 0.0547112462006079 0.0928462709284627 0.1094224924012158
5 0.8614916286149162 0.5911854103343465 0.2770167427701674 0.3677811550151976
5 0.789193302891933 0.8123100303951368 0.4216133942161339 0.36930091185410335
5 0.3333333333333333 0.6671732522796353 0.2617960426179604 0.2735562310030395
5 0.3264840182648402 0.8267477203647416 0.3911719939117199 0.3161094224924012
5 0.4147640791476408 0.3586626139817629 0.4033485540334855 0.3586626139817629
7 0.573820395738204 0.5440729483282675 0.182648401826484 0.2553191489361702
0 0.9421613394216134 0.3525835866261398 0.1156773211567732 0.12158054711246201
0 0.7960426179604262 0.3974164133738602 0.213089802130898 0.135258358662614
0 0.7229832572298326 0.2796352583586626 0.167427701674277 0.11550151975683891
0 0.1598173515981735 0.2256838905775076 0.0882800608828006 0.08662613981762918
0 0.09665144596651445 0.2948328267477204 0.1415525114155251 0.10030395136778116
0 0.69558599695586 0.5212765957446809 0.076103500761035 0.12158054711246201
0 0.5570776255707762 0.7606382978723404 0.0730593607305936 0.11398176291793313