5 0.959726443768997 0.0471841704718417 0.08054711246200608 0.0882800608828006
7 0.9414893617021277 0.1324200913242009 0.08054711246200608 0.0700152207001522
6 0.7325227963525835 0.0487062404870624 0.030395136778115502 0.0365296803652968
6 0.756079027355623 0.0974124809741248 0.016717325227963525 0.0182648401826484
6 0.7355623100303952 0.00989345509893455 0.030395136778115502 0.0197869101978691
6 0.8297872340425532 0.0136986301369863 0.0364741641337386 0.0243531202435312
6 0.8708206686930091 0.0076103500761035 0.0121580547112462 0.0121765601217656
6 0.89209726443769 0.015220700152207 0.015197568389057751 0.015220700152207
6 0.6268996960486323 0.1628614916286149 0.022796352583586626 0.0273972602739726
7 0.9718844984802432 0.9786910197869102 0.05623100303951368 0.0426179604261796
5 0.9604863221884499 0.6788432267884322 0.0790273556231003 0.1552511415525114
7 0.8662613981762918 0.7115677321156774 0.06382978723404255 0.0928462709284627
6 0.973404255319149 0.21232876712328766 0.025835866261398176 0.0228310502283105
6 0.898936170212766 0.2701674277016743 0.028875379939209727 0.0289193302891933
6 0.9300911854103343 0.3493150684931507 0.0182370820668693 0.0319634703196347
7 0.8427051671732523 0.3637747336377473 0.05623100303951368 0.0639269406392694
7 0.9095744680851063 0.4292237442922374 0.08054711246200608 0.060882800608828
7 0.9042553191489362 0.4824961948249619 0.0364741641337386 0.030441400304414
7 0.9574468085106383 0.5068493150684932 0.0547112462006079 0.060882800608828
7 0.8890577507598785 0.8394216133942162 0.060790273556231005 0.0532724505327245
7 0.8548632218844985 0.923896499238965 0.044072948328267476 0.0426179604261796