5 0.3470319634703196 0.3097412480974125 0.2343987823439878 0.2085235920852359
5 0.1385083713850837 0.18645357686453576 0.2465753424657534 0.3698630136986301
5 0.1141552511415525 0.547945205479452 0.2191780821917808 0.2343987823439878
5 0.2115677321156773 0.8158295281582952 0.2404870624048706 0.2100456621004566
7 0.03424657534246575 0.7207001522070016 0.0684931506849315 0.0898021308980213
5 0.5928462709284628 0.8394216133942162 0.2359208523592085 0.1993911719939117
7 0.7815829528158296 0.821917808219178 0.0624048706240487 0.0791476407914764
7 0.0502283105022831 0.8751902587519026 0.076103500761035 0.0700152207001522
7 0.03120243531202435 0.799847792998478 0.0624048706240487 0.0624048706240487
0 0.3972602739726027 0.5228310502283106 0.1339421613394216 0.1111111111111111
0 0.8378995433789954 0.619482496194825 0.1293759512937595 0.136986301369863