5 0.20212765957446807 0.647640791476408 0.24924012158054712 0.2328767123287671
5 0.20364741641337386 0.880517503805175 0.3252279635258359 0.2389649923896499
5 0.4338905775075988 0.7229832572298326 0.21428571428571427 0.2831050228310502
5 0.13905775075987842 0.3607305936073059 0.27811550151975684 0.2465753424657534
5 0.3047112462006079 0.4901065449010654 0.23252279635258358 0.1643835616438356
5 0.1884498480243161 0.14535768645357686 0.1884498480243161 0.2054794520547945
5 0.32598784194528874 0.2343987823439878 0.11702127659574468 0.1308980213089802
5 0.3837386018237082 0.3576864535768645 0.196048632218845 0.1400304414003044
5 0.47188449848024316 0.9360730593607306 0.18693009118541035 0.1278538812785388
5 0.8852583586626139 0.5502283105022832 0.22340425531914893 0.1872146118721461
5 0.8449848024316109 0.9155251141552512 0.3100303951367781 0.1689497716894977
5 0.7226443768996961 0.6971080669710806 0.35714285714285715 0.3683409436834094
5 0.708966565349544 0.3614916286149163 0.21732522796352582 0.1841704718417047
5 0.9095744680851063 0.3850837138508371 0.17477203647416414 0.2009132420091324
5 0.9156534954407295 0.1552511415525114 0.16869300911854104 0.2983257229832572
5 0.8867781155015197 0.14079147640791476 0.22644376899696048 0.2815829528158295
5 0.04179331306990881 0.7191780821917808 0.08358662613981763 0.2146118721461187
5 0.4088145896656535 0.0898021308980213 0.22188449848024316 0.1796042617960426
5 0.050911854103343465 0.1643835616438356 0.10182370820668693 0.1643835616438356