5 0.3378995433789954 0.6717325227963525 0.121765601217656 0.0790273556231003
5 0.0974124809741248 0.6306990881458967 0.121765601217656 0.12462006079027356
5 0.076103500761035 0.8617021276595744 0.1095890410958904 0.13677811550151975
7 0.0532724505327245 0.9802431610942249 0.0882800608828006 0.03951367781155015
7 0.1750380517503805 0.9817629179331308 0.0943683409436834 0.0364741641337386
5 0.1796042617960426 0.8966565349544073 0.0730593607305936 0.0668693009118541
5 0.2998477929984779 0.9042553191489362 0.076103500761035 0.06990881458966565
5 0.6331811263318112 0.9665653495440729 0.1339421613394216 0.0668693009118541
5 0.6423135464231354 0.8647416413373861 0.1156773211567732 0.10030395136778116
6 0.7321156773211568 0.3723404255319149 0.0639269406392694 0.06990881458966565
6 0.9421613394216134 0.05623100303951368 0.0882800608828006 0.08206686930091185
5 0.4155251141552511 0.3282674772036474 0.1004566210045662 0.1276595744680851
5 0.5251141552511416 0.30547112462006076 0.1004566210045662 0.07598784194528875
5 0.16666666666666666 0.30319148936170215 0.1780821917808219 0.15653495440729484
5 0.5502283105022832 0.2135258358662614 0.0867579908675799 0.06534954407294832
5 0.1126331811263318 0.10790273556231003 0.213089802130898 0.19756838905775076
5 0.2709284627092846 0.06914893617021277 0.0943683409436834 0.12310030395136778
5 0.3843226788432268 0.04027355623100304 0.1111111111111111 0.08054711246200608
5 0.3919330289193303 0.15273556231003038 0.1293759512937595 0.09878419452887538
5 0.5395738203957382 0.06306990881458967 0.1841704718417047 0.11702127659574468
7 0.7054794520547946 0.026595744680851064 0.1263318112633181 0.05015197568389058
6 0.7861491628614916 0.8913373860182371 0.0441400304414003 0.037993920972644375
6 0.878234398782344 0.8267477203647416 0.0395738203957382 0.030395136778115502
6 0.6423135464231354 0.7325227963525835 0.0273972602739726 0.02735562310030395
6 0.4680365296803653 0.8031914893617021 0.0289193302891933 0.019756838905775075
6 0.5532724505327246 0.9247720364741642 0.0350076103500761 0.034954407294832825
6 0.756468797564688 0.8541033434650456 0.0273972602739726 0.02127659574468085
6 0.7016742770167428 0.10182370820668693 0.0334855403348554 0.02735562310030395
6 0.860730593607306 0.05319148936170213 0.0258751902587519 0.0182370820668693
6 0.6453576864535768 0.16641337386018237 0.0182648401826484 0.016717325227963525
6 0.7100456621004566 0.16945288753799392 0.0228310502283105 0.028875379939209727