5 0.6940639269406392 0.1702127659574468 0.1887366818873668 0.1762917933130699
5 0.3120243531202435 0.3837386018237082 0.0974124809741248 0.11398176291793313
7 0.09817351598173515 0.02735562310030395 0.0867579908675799 0.0547112462006079
6 0.05251141552511415 0.09042553191489362 0.0654490106544901 0.034954407294832825
5 0.1415525114155251 0.9452887537993921 0.1278538812785388 0.1094224924012158
5 0.060882800608828 0.837386018237082 0.121765601217656 0.06990881458966565
1 0.636986301369863 0.9498480243161094 0.1232876712328767 0.08814589665653495
5 0.636986301369863 0.9414893617021277 0.1232876712328767 0.10790273556231003
5 0.8211567732115678 0.9346504559270516 0.1111111111111111 0.11854103343465046
5 0.9429223744292238 0.8434650455927052 0.1141552511415525 0.06990881458966565
5 0.80441400304414 0.02735562310030395 0.2359208523592085 0.0547112462006079
5 0.9627092846270928 0.16717325227963525 0.0745814307458143 0.3009118541033435
6 0.3181126331811263 0.1899696048632219 0.0821917808219178 0.0790273556231003
5 0.09969558599695585 0.21732522796352582 0.1902587519025875 0.09422492401215805
5 0.03576864535768645 0.3723404255319149 0.0624048706240487 0.1762917933130699
5 0.1963470319634703 0.3351063829787234 0.1156773211567732 0.09878419452887538
5 0.1141552511415525 0.4027355623100304 0.091324200913242 0.11246200607902736
5 0.515220700152207 0.2796352583586626 0.1019786910197869 0.07598784194528875
5 0.4863013698630137 0.3799392097264438 0.1719939117199391 0.10030395136778116
5 0.3645357686453577 0.513677811550152 0.1659056316590563 0.12462006079027356
5 0.4421613394216134 0.8191489361702128 0.0989345509893455 0.10638297872340426
5 0.5418569254185692 0.8328267477203647 0.076103500761035 0.08206686930091185
5 0.8097412480974124 0.7446808510638298 0.106544901065449 0.10030395136778116
7 0.515220700152207 0.05623100303951368 0.0989345509893455 0.06990881458966565
1 0.03424657534246575 0.6747720364741642 0.0684931506849315 0.060790273556231005
5 0.7009132420091324 0.7188449848024316 0.1141552511415525 0.1276595744680851
5 0.5144596651445966 0.7120060790273556 0.1765601217656012 0.10486322188449848
5 0.5205479452054794 0.5661094224924013 0.0791476407914764 0.08054711246200608
5 0.5989345509893456 0.4688449848024316 0.1080669710806697 0.08662613981762918
5 0.8744292237442922 0.46580547112462006 0.1050228310502283 0.09574468085106383
5 0.8272450532724506 0.5683890577507599 0.1628614916286149 0.08206686930091185
7 0.2480974124809741 0.12613981762917933 0.0517503805175038 0.03951367781155015
7 0.16210045662100456 0.11550151975683891 0.0898021308980213 0.0790273556231003
6 0.4185692541856925 0.18465045592705168 0.030441400304414 0.041033434650455926
6 0.3394216133942161 0.28419452887537994 0.0213089802130898 0.015197568389057751
6 0.02207001522070015 0.0121580547112462 0.0289193302891933 0.0243161094224924
6 0.2876712328767123 0.09650455927051672 0.0273972602739726 0.016717325227963525
6 0.3797564687975647 0.26595744680851063 0.0289193302891933 0.0243161094224924
6 0.4063926940639269 0.24012158054711247 0.030441400304414 0.02127659574468085
6 0.3310502283105023 0.13677811550151975 0.0289193302891933 0.0182370820668693
5 0.9299847792998478 0.682370820668693 0.1308980213089802 0.09422492401215805
0 0.7678843226788432 0.8487841945288754 0.1324200913242009 0.044072948328267476
0 0.73896499238965 0.9468085106382979 0.0624048706240487 0.10638297872340426
5 0.06316590563165905 0.6276595744680851 0.1263318112633181 0.1337386018237082
5 0.05555555555555555 0.7591185410334347 0.1111111111111111 0.06231003039513678
5 0.3432267884322679 0.743161094224924 0.1232876712328767 0.1033434650455927
5 0.21232876712328766 0.6838905775075987 0.1232876712328767 0.11854103343465046
5 0.2389649923896499 0.8115501519756839 0.0882800608828006 0.07598784194528875
5 0.3401826484018265 0.837386018237082 0.1019786910197869 0.08814589665653495
5 0.5167427701674278 0.9521276595744681 0.0928462709284627 0.09270516717325228
5 0.6118721461187214 0.5881458966565349 0.0852359208523592 0.0790273556231003
5 0.7526636225266362 0.41185410334346506 0.0806697108066971 0.08814589665653495
5 0.9619482496194824 0.38145896656534956 0.076103500761035 0.0790273556231003