5 0.6727549467275494 0.898936170212766 0.1126331811263318 0.12310030395136778
7 0.6156773211567732 0.9840425531914894 0.0745814307458143 0.031914893617021274
5 0.0334855403348554 0.9810030395136778 0.0639269406392694 0.037993920972644375
5 0.0410958904109589 0.85790273556231 0.0669710806697108 0.08966565349544073
5 0.0852359208523592 0.9422492401215805 0.0974124809741248 0.1094224924012158
5 0.3120243531202435 0.898936170212766 0.0974124809741248 0.08966565349544073
5 0.4733637747336377 0.9627659574468085 0.1339421613394216 0.07142857142857142
5 0.8515981735159818 0.4506079027355623 0.0624048706240487 0.08358662613981763
5 0.7907153729071538 0.5425531914893617 0.1232876712328767 0.1033434650455927
5 0.5243531202435312 0.5919452887537994 0.0928462709284627 0.10486322188449848
5 0.09665144596651445 0.6261398176291794 0.1933028919330289 0.1580547112462006
5 0.2876712328767123 0.5942249240121581 0.0882800608828006 0.07598784194528875
5 0.378234398782344 0.6048632218844985 0.0684931506849315 0.06990881458966565
5 0.04794520547945205 0.42857142857142855 0.0867579908675799 0.0851063829787234
5 0.1872146118721461 0.53419452887538 0.1187214611872146 0.07446808510638298
5 0.3926940639269406 0.46656534954407297 0.106544901065449 0.1276595744680851
5 0.2831050228310502 0.4551671732522796 0.0974124809741248 0.11398176291793313
5 0.5943683409436834 0.378419452887538 0.0684931506849315 0.060790273556231005
5 0.6270928462709284 0.4338905775075988 0.060882800608828 0.05927051671732523
5 0.5471841704718418 0.49772036474164133 0.0806697108066971 0.08662613981762918
5 0.15449010654490106 0.4270516717325228 0.1141552511415525 0.12158054711246201
5 0.4741248097412481 0.3404255319148936 0.1263318112633181 0.13069908814589665
5 0.6004566210045662 0.29711246200607905 0.0837138508371385 0.09270516717325228
5 0.3234398782343988 0.22720364741641338 0.0837138508371385 0.11094224924012158
5 0.3858447488584475 0.2530395136778115 0.0837138508371385 0.13221884498480244
5 0.2762557077625571 0.3252279635258359 0.1111111111111111 0.1094224924012158
5 0.14992389649923896 0.2135258358662614 0.1598173515981735 0.1534954407294833
5 0.5662100456621004 0.22264437689969604 0.0669710806697108 0.07446808510638298
5 0.5646879756468798 0.15425531914893617 0.0700152207001522 0.06231003039513678
5 0.4208523592085236 0.10486322188449848 0.1324200913242009 0.1580547112462006
5 0.5799086757990868 0.05547112462006079 0.1126331811263318 0.11094224924012158
5 0.7077625570776256 0.12006079027355623 0.1582952815829528 0.2066869300911854
5 0.8143074581430746 0.08206686930091185 0.0700152207001522 0.10030395136778116
5 0.1598173515981735 0.06990881458966565 0.182648401826484 0.11854103343465046