5 0.8059360730593608 0.25227963525835867 0.1232876712328767 0.14285714285714285
5 0.65220700152207 0.24848024316109424 0.1506849315068493 0.18085106382978725
5 0.791476407914764 0.3890577507598784 0.1278538812785388 0.1337386018237082
5 0.786910197869102 0.6041033434650456 0.091324200913242 0.08966565349544073
5 0.7853881278538812 0.7173252279635258 0.0943683409436834 0.1276595744680851
5 0.7092846270928462 0.831306990881459 0.1887366818873668 0.12462006079027356
5 0.9733637747336378 0.9468085106382979 0.0532724505327245 0.10638297872340426
5 0.784627092846271 0.9483282674772037 0.1628614916286149 0.1033434650455927
5 0.6834094368340944 0.9293313069908815 0.0943683409436834 0.08358662613981763
5 0.5471841704718418 0.9414893617021277 0.1506849315068493 0.11702127659574468
1 0.4193302891933029 0.23100303951367782 0.1324200913242009 0.1276595744680851
1 0.525875190258752 0.3427051671732523 0.1445966514459665 0.1778115501519757
1 0.3995433789954338 0.33966565349544076 0.0928462709284627 0.07142857142857142
1 0.3165905631659056 0.378419452887538 0.1856925418569254 0.1641337386018237
1 0.2998477929984779 0.541033434650456 0.106544901065449 0.0851063829787234
1 0.18340943683409436 0.5866261398176292 0.1719939117199391 0.1276595744680851
1 0.4254185692541857 0.648936170212766 0.0928462709284627 0.0911854103343465
1 0.5098934550989346 0.5273556231003039 0.1248097412480974 0.06990881458966565
5 0.6468797564687976 0.64209726443769 0.1126331811263318 0.1899696048632219