5 0.9200913242009132 0.4316109422492401 0.1598173515981735 0.24012158054711247
5 0.8462709284627092 0.939209726443769 0.1308980213089802 0.10030395136778116
5 0.7229832572298326 0.9627659574468085 0.1156773211567732 0.07446808510638298
5 0.5593607305936074 0.8533434650455927 0.1506849315068493 0.1534954407294833
5 0.0471841704718417 0.6223404255319149 0.0943683409436834 0.13221884498480244
5 0.22754946727549466 0.7659574468085106 0.1141552511415525 0.11854103343465046
5 0.09665144596651445 0.8563829787234043 0.1872146118721461 0.22340425531914893
5 0.2450532724505327 0.9414893617021277 0.1735159817351598 0.11094224924012158
5 0.6727549467275494 0.310790273556231 0.1613394216133942 0.12006079027355623
5 0.7077625570776256 0.4749240121580547 0.1887366818873668 0.14437689969604864
5 0.4178082191780822 0.5045592705167173 0.1293759512937595 0.1702127659574468
5 0.21385083713850836 0.40577507598784196 0.1171993911719939 0.10638297872340426
5 0.18949771689497716 0.5349544072948328 0.1171993911719939 0.1094224924012158
5 0.4101978691019787 0.8541033434650456 0.1019786910197869 0.1580547112462006
5 0.3066971080669711 0.8601823708206687 0.0928462709284627 0.1094224924012158
5 0.9467275494672754 0.743161094224924 0.106544901065449 0.3465045592705167
5 0.6940639269406392 0.8123100303951368 0.2039573820395738 0.16869300911854104
5 0.7572298325722984 0.6838905775075987 0.2633181126331811 0.25227963525835867
5 0.05555555555555555 0.46808510638297873 0.1111111111111111 0.20972644376899696
5 0.1171993911719939 0.43541033434650456 0.0791476407914764 0.10182370820668693
5 0.4360730593607306 0.26975683890577506 0.2176560121765601 0.21124620060790272
5 0.3774733637747336 0.09574468085106383 0.2465753424657534 0.1762917933130699
5 0.2480974124809741 0.25455927051671734 0.1613394216133942 0.1899696048632219
5 0.10273972602739725 0.24088145896656535 0.2054794520547945 0.16869300911854104
5 0.1491628614916286 0.067629179331307 0.2617960426179604 0.135258358662614
5 0.60882800608828 0.11778115501519756 0.1948249619482496 0.23556231003039513
5 0.850076103500761 0.07598784194528875 0.2998477929984779 0.1519756838905775
5 0.8592085235920852 0.22948328267477203 0.2511415525114155 0.14285714285714285
5 0.5357686453576864 0.6124620060790273 0.167427701674277 0.2553191489361702
5 0.3424657534246575 0.6588145896656535 0.1582952815829528 0.18693009118541035