5 0.057750759878419454 0.3059360730593607 0.11550151975683891 0.1095890410958904
5 0.8898176291793313 0.3812785388127854 0.07142857142857142 0.0532724505327245
5 0.8647416413373861 0.4627092846270928 0.07598784194528875 0.0882800608828006
6 0.6770516717325228 0.4200913242009132 0.044072948328267476 0.0547945205479452
7 0.8685410334346505 0.560882800608828 0.09270516717325228 0.0654490106544901
7 0.9718844984802432 0.395738203957382 0.05623100303951368 0.0974124809741248
7 0.9574468085106383 0.525875190258752 0.0425531914893617 0.0715372907153729
5 0.21808510638297873 0.16666666666666666 0.09574468085106383 0.0715372907153729
5 0.32598784194528874 0.2237442922374429 0.06231003039513678 0.0821917808219178
5 0.44376899696048633 0.0806697108066971 0.09422492401215805 0.0669710806697108
5 0.3465045592705167 0.0395738203957382 0.0851063829787234 0.0700152207001522
5 0.5235562310030395 0.17579908675799086 0.08966565349544073 0.0624048706240487
5 0.418693009118541 0.1933028919330289 0.10486322188449848 0.0700152207001522
5 0.33966565349544076 0.1461187214611872 0.05623100303951368 0.0578386605783866
5 0.5585106382978723 0.0289193302891933 0.09270516717325228 0.0578386605783866
5 0.60790273556231 0.302130898021309 0.12158054711246201 0.1324200913242009
5 0.8168693009118541 0.10730593607305935 0.12006079027355623 0.1202435312024353
5 0.6770516717325228 0.14992389649923896 0.12006079027355623 0.1080669710806697
5 0.6899696048632219 0.05098934550989345 0.12158054711246201 0.0867579908675799
5 0.9551671732522796 0.1293759512937595 0.08966565349544073 0.1095890410958904
5 0.9331306990881459 0.2404870624048706 0.13069908814589665 0.1004566210045662
5 0.8077507598784195 0.2496194824961948 0.10486322188449848 0.091324200913242
5 0.708966565349544 0.2450532724505327 0.07750759878419453 0.0700152207001522
5 0.5106382978723404 0.271689497716895 0.0790273556231003 0.0928462709284627
5 0.4156534954407295 0.2732115677321157 0.09878419452887538 0.0776255707762557
5 0.2560790273556231 0.0395738203957382 0.08966565349544073 0.0791476407914764
7 0.986322188449848 0.578386605783866 0.02735562310030395 0.0669710806697108
3 0.9004559270516718 0.710806697108067 0.16261398176291794 0.1308980213089802
6 0.8913373860182371 0.6263318112633182 0.025835866261398176 0.0197869101978691
6 0.932370820668693 0.617199391171994 0.031914893617021274 0.0350076103500761
6 0.7218844984802432 0.4497716894977169 0.015197568389057751 0.0136986301369863
6 0.6907294832826748 0.5076103500761036 0.028875379939209727 0.0167427701674277
3 0.7142857142857143 0.6339421613394216 0.182370820668693 0.1263318112633181
7 0.7917933130699089 0.5441400304414004 0.03951367781155015 0.0319634703196347
6 0.8161094224924013 0.4977168949771689 0.02735562310030395 0.0365296803652968
3 0.09954407294832827 0.4512937595129376 0.1717325227963526 0.1628614916286149
3 0.31382978723404253 0.5083713850837138 0.22340425531914893 0.167427701674277
3 0.5227963525835866 0.5593607305936074 0.16109422492401215 0.1232876712328767