5 0.9490106544901066 0.5380517503805176 0.1019786910197869 0.0958904109589041
5 0.8668188736681888 0.9558599695585996 0.1324200913242009 0.0882800608828006
5 0.723744292237443 0.954337899543379 0.1171993911719939 0.091324200913242
7 0.5388127853881278 0.5464231354642314 0.0547945205479452 0.0334855403348554
7 0.4893455098934551 0.6377473363774734 0.0380517503805175 0.060882800608828
7 0.532724505327245 0.6659056316590564 0.0365296803652968 0.0380517503805175
7 0.4939117199391172 0.515220700152207 0.0441400304414003 0.0502283105022831
0 0.2808219178082192 0.2176560121765601 0.0410958904109589 0.0517503805175038
0 0.16362252663622526 0.3508371385083714 0.0532724505327245 0.0350076103500761
0 0.3767123287671233 0.3051750380517504 0.0624048706240487 0.0624048706240487
0 0.3120243531202435 0.4056316590563166 0.045662100456621 0.0684931506849315
0 0.2633181126331811 0.5266362252663622 0.0578386605783866 0.060882800608828
0 0.18188736681887366 0.6095890410958904 0.0776255707762557 0.0502283105022831
0 0.3881278538812785 0.4627092846270928 0.045662100456621 0.0487062404870624
0 0.3637747336377473 0.4124809741248097 0.045662100456621 0.0487062404870624
0 0.5251141552511416 0.2876712328767123 0.0365296803652968 0.060882800608828
0 0.5547945205479452 0.14840182648401826 0.0502283105022831 0.0410958904109589
0 0.6278538812785388 0.10578386605783865 0.0410958904109589 0.0563165905631659
0 0.6818873668188736 0.11796042617960426 0.0426179604261796 0.0593607305936073
0 0.7382039573820396 0.07686453576864535 0.0547945205479452 0.0471841704718417
0 0.7465753424657534 0.1476407914764079 0.0532724505327245 0.0273972602739726
0 0.7488584474885844 0.12100456621004566 0.0578386605783866 0.0319634703196347
0 0.969558599695586 0.0730593607305936 0.0365296803652968 0.0730593607305936
0 0.875951293759513 0.18188736681887366 0.0380517503805175 0.0593607305936073
0 0.9649923896499238 0.19558599695585996 0.0487062404870624 0.0593607305936073
0 0.9117199391171994 0.3120243531202435 0.0547945205479452 0.0487062404870624
0 0.837138508371385 0.3417047184170472 0.0639269406392694 0.0441400304414003
0 0.895738203957382 0.4528158295281583 0.0624048706240487 0.0532724505327245
0 0.8858447488584474 0.3835616438356164 0.0487062404870624 0.045662100456621
0 0.7625570776255708 0.4200913242009132 0.0791476407914764 0.0395738203957382
0 0.8417047184170472 0.502283105022831 0.0487062404870624 0.076103500761035
0 0.6377473363774734 0.6537290715372908 0.0395738203957382 0.0684931506849315
0 0.6917808219178082 0.604261796042618 0.0502283105022831 0.0547945205479452
0 0.7115677321156774 0.6636225266362252 0.0410958904109589 0.0578386605783866
0 0.8318112633181126 0.667427701674277 0.0837138508371385 0.0593607305936073
0 0.850076103500761 0.7321156773211568 0.0471841704718417 0.0547945205479452
0 0.7480974124809742 0.8097412480974124 0.0837138508371385 0.045662100456621
0 0.8417047184170472 0.7770167427701674 0.0578386605783866 0.0441400304414003
0 0.9627092846270928 0.7625570776255708 0.0654490106544901 0.0578386605783866
0 0.910958904109589 0.6887366818873668 0.0410958904109589 0.0624048706240487
0 0.5669710806697108 0.7838660578386606 0.0502283105022831 0.0517503805175038
0 0.5053272450532724 0.802130898021309 0.0578386605783866 0.045662100456621
0 0.18493150684931506 0.9315068493150684 0.0684931506849315 0.0334855403348554
0 0.21385083713850836 0.7602739726027398 0.0502283105022831 0.0624048706240487
0 0.14079147640791476 0.882800608828006 0.0563165905631659 0.0487062404870624
0 0.0821917808219178 0.9079147640791476 0.0547945205479452 0.0410958904109589
0 0.16514459665144596 0.7191780821917808 0.0563165905631659 0.0471841704718417
0 0.4368340943683409 0.9802130898021308 0.045662100456621 0.0395738203957382
0 0.6430745814307458 0.5060882800608828 0.0410958904109589 0.0684931506849315
0 0.5837138508371386 0.5136986301369864 0.0471841704718417 0.0502283105022831
0 0.23515981735159816 0.7077625570776256 0.0532724505327245 0.0426179604261796
0 0.0258751902587519 0.5951293759512938 0.045662100456621 0.0578386605783866