5 0.7701674277016742 0.9422492401215805 0.1308980213089802 0.11550151975683891
5 0.0821917808219178 0.4908814589665654 0.0943683409436834 0.11550151975683891
5 0.1933028919330289 0.5767477203647416 0.106544901065449 0.08966565349544073
5 0.2161339421613394 0.7211246200607903 0.15220700152207 0.16261398176291794
5 0.3036529680365297 0.9262917933130699 0.1080669710806697 0.1413373860182371
5 0.4284627092846271 0.9407294832826748 0.1111111111111111 0.1094224924012158
5 0.6582952815829528 0.8206686930091185 0.1232876712328767 0.0911854103343465
5 0.5365296803652968 0.8396656534954408 0.1019786910197869 0.11398176291793313
5 0.4299847792998478 0.831306990881459 0.1050228310502283 0.1033434650455927
5 0.4147640791476408 0.709726443768997 0.1263318112633181 0.12158054711246201
5 0.5555555555555556 0.7074468085106383 0.1461187214611872 0.12613981762917933
5 0.678082191780822 0.7066869300911854 0.1111111111111111 0.12158054711246201
5 0.9619482496194824 0.7978723404255319 0.076103500761035 0.24924012158054712
5 0.541095890410959 0.5919452887537994 0.1689497716894977 0.08966565349544073
5 0.6225266362252664 0.5030395136778115 0.121765601217656 0.1398176291793313
5 0.0715372907153729 0.2925531914893617 0.136986301369863 0.135258358662614
5 0.07838660578386605 0.15881458966565348 0.1232876712328767 0.10790273556231003
5 0.19254185692541856 0.28495440729483285 0.1445966514459665 0.12006079027355623
5 0.4178082191780822 0.28495440729483285 0.1111111111111111 0.1474164133738602
5 0.5334855403348554 0.28191489361702127 0.0806697108066971 0.05927051671732523
5 0.636986301369863 0.29027355623100304 0.1019786910197869 0.0851063829787234
5 0.8569254185692542 0.2765957446808511 0.1187214611872146 0.1519756838905775
5 0.969558599695586 0.2750759878419453 0.060882800608828 0.14893617021276595
5 0.6468797564687976 0.1778115501519757 0.1339421613394216 0.10638297872340426
5 0.530441400304414 0.17325227963525835 0.1111111111111111 0.14285714285714285
5 0.3158295281582953 0.18085106382978725 0.1202435312024353 0.11854103343465046
5 0.182648401826484 0.0790273556231003 0.1095890410958904 0.13069908814589665
5 0.2823439878234399 0.060790273556231005 0.1232876712328767 0.0911854103343465
5 0.4208523592085236 0.060790273556231005 0.1354642313546423 0.11854103343465046
5 0.6248097412480974 0.053951367781155016 0.1445966514459665 0.10182370820668693
5 0.8584474885844748 0.030395136778115502 0.0821917808219178 0.060790273556231005
7 0.9786910197869102 0.6246200607902735 0.0426179604261796 0.0790273556231003
7 0.863013698630137 0.5942249240121581 0.0882800608828006 0.0729483282674772
7 0.7709284627092846 0.479483282674772 0.0745814307458143 0.09574468085106383
7 0.8584474885844748 0.4908814589665654 0.0395738203957382 0.0364741641337386
7 0.7724505327245054 0.8480243161094225 0.0441400304414003 0.0486322188449848
7 0.11948249619482496 0.8837386018237082 0.0624048706240487 0.05623100303951368
6 0.04946727549467275 0.8016717325227963 0.0319634703196347 0.04711246200607903
6 0.18036529680365296 0.8366261398176292 0.0410958904109589 0.037993920972644375
6 0.334855403348554 0.43009118541033436 0.0243531202435312 0.030395136778115502
6 0.3881278538812785 0.4156534954407295 0.0213089802130898 0.025835866261398176
6 0.5273972602739726 0.4148936170212766 0.0289193302891933 0.02735562310030395
6 0.906392694063927 0.12613981762917933 0.0319634703196347 0.015197568389057751
6 0.9687975646879756 0.08662613981762918 0.0441400304414003 0.0364741641337386