5 0.0563165905631659 0.1232876712328767 0.076103500761035 0.0700152207001522
5 0.076103500761035 0.0289193302891933 0.091324200913242 0.0517503805175038
5 0.17275494672754946 0.15144596651445966 0.0502283105022831 0.0593607305936073
5 0.2831050228310502 0.14992389649923896 0.1126331811263318 0.1202435312024353
5 0.4101978691019787 0.0700152207001522 0.1567732115677321 0.1400304414003044
5 0.545662100456621 0.07077625570776255 0.0776255707762557 0.1111111111111111
5 0.5167427701674278 0.18340943683409436 0.0776255707762557 0.0806697108066971
5 0.6461187214611872 0.2115677321156773 0.0898021308980213 0.1004566210045662
5 0.6118721461187214 0.4467275494672755 0.091324200913242 0.0898021308980213
5 0.639269406392694 0.334855403348554 0.1126331811263318 0.1156773211567732
5 0.532724505327245 0.3051750380517504 0.1004566210045662 0.0958904109589041
5 0.1811263318112633 0.2671232876712329 0.0974124809741248 0.0928462709284627
5 0.3028919330289193 0.289193302891933 0.1156773211567732 0.1156773211567732
5 0.2663622526636225 0.3987823439878234 0.0974124809741248 0.0821917808219178
5 0.3896499238964992 0.423896499238965 0.1004566210045662 0.0745814307458143
5 0.3919330289193303 0.5418569254185692 0.1019786910197869 0.1035007610350076
1 0.5350076103500762 0.8949771689497716 0.2846270928462709 0.2100456621004566
5 0.6529680365296804 0.7960426179604262 0.0639269406392694 0.0700152207001522
5 0.2656012176560122 0.5228310502283106 0.0745814307458143 0.0684931506849315
5 0.14687975646879756 0.5114155251141552 0.0776255707762557 0.0943683409436834
5 0.0395738203957382 0.7184170471841704 0.0791476407914764 0.0791476407914764
5 0.1415525114155251 0.7290715372907154 0.1004566210045662 0.0943683409436834
5 0.1902587519025875 0.9048706240487062 0.273972602739726 0.1902587519025875
5 0.2724505327245053 0.7602739726027398 0.091324200913242 0.0928462709284627
1 0.8508371385083714 0.15449010654490106 0.1613394216133942 0.2724505327245053
1 0.8272450532724506 0.4101978691019787 0.1567732115677321 0.1750380517503805
1 0.8394216133942162 0.6255707762557078 0.1689497716894977 0.1917808219178082
1 0.8531202435312024 0.860730593607306 0.1080669710806697 0.1933028919330289
3 0.967275494672755 0.5547945205479452 0.0654490106544901 0.8904109589041096