5 0.89117199391172 0.3006088280060883 0.2176560121765601 0.2267884322678843
5 0.6430745814307458 0.2054794520547945 0.1628614916286149 0.1461187214611872
5 0.8432267884322678 0.1004566210045662 0.197869101978691 0.2009132420091324
5 0.4497716894977169 0.10730593607305935 0.2663622526636225 0.2146118721461187
5 0.20776255707762556 0.07382039573820395 0.2328767123287671 0.1476407914764079
5 0.6468797564687976 0.408675799086758 0.2983257229832572 0.2389649923896499
5 0.3447488584474886 0.5076103500761036 0.2420091324200913 0.2146118721461187
5 0.1019786910197869 0.8462709284627092 0.2039573820395738 0.2800608828006088
5 0.3417047184170472 0.7229832572298326 0.1841704718417047 0.1948249619482496
1 0.6430745814307458 0.8493150684931506 0.1841704718417047 0.1613394216133942
5 0.9010654490106544 0.5494672754946728 0.197869101978691 0.2557077625570776
5 0.7382039573820396 0.662861491628615 0.2100456621004566 0.1872146118721461
5 0.12557077625570776 0.5418569254185692 0.2511415525114155 0.2800608828006088
5 0.8987823439878234 0.9223744292237442 0.2024353120243531 0.1552511415525114
5 0.0837138508371385 0.3074581430745814 0.167427701674277 0.2039573820395738
5 0.9665144596651446 0.7853881278538812 0.0669710806697108 0.106544901065449
5 0.8378995433789954 0.80441400304414 0.1537290715372907 0.1537290715372907
5 0.9657534246575342 0.0837138508371385 0.0563165905631659 0.167427701674277
5 0.1933028919330289 0.197869101978691 0.2709284627092846 0.1430745814307458
1 0.2343987823439878 0.3424657534246575 0.1582952815829528 0.1704718417047184
1 0.4003044140030441 0.3691019786910198 0.167427701674277 0.1019786910197869
5 0.5905631659056316 0.6126331811263318 0.121765601217656 0.1811263318112633
5 0.0350076103500761 0.1293759512937595 0.0700152207001522 0.1400304414003044
5 0.05098934550989345 0.04946727549467275 0.1019786910197869 0.0989345509893455