5 0.1126331811263318 0.4802130898021309 0.2191780821917808 0.3181126331811263
5 0.2831050228310502 0.756468797564688 0.1461187214611872 0.2039573820395738
5 0.4802130898021309 0.867579908675799 0.3637747336377473 0.2648401826484018
5 0.256468797564688 0.928462709284627 0.1385083713850837 0.1430745814307458
5 0.10426179604261795 0.8592085235920852 0.2085235920852359 0.2815829528158295
1 0.7792998477929984 0.0730593607305936 0.319634703196347 0.1461187214611872
1 0.7450532724505328 0.5372907153729072 0.3120243531202435 0.167427701674277
1 0.7838660578386606 0.7595129375951294 0.3744292237442922 0.2465753424657534
1 0.10578386605783865 0.09512937595129375 0.2054794520547945 0.1811263318112633
1 0.3584474885844749 0.3211567732115677 0.2176560121765601 0.182648401826484
1 0.10882800608828005 0.2549467275494673 0.1963470319634703 0.1445966514459665
0 0.3645357686453577 0.02663622526636225 0.1445966514459665 0.0532724505327245
0 0.9573820395738204 0.3713850837138508 0.0852359208523592 0.121765601217656
0 0.9596651445966514 0.2519025875190259 0.0806697108066971 0.1263318112633181
0 0.9726027397260274 0.0928462709284627 0.0547945205479452 0.1735159817351598
0 0.7732115677321156 0.228310502283105 0.1126331811263318 0.1552511415525114
0 0.880517503805175 0.2595129375951294 0.0776255707762557 0.1537290715372907
0 0.8736681887366818 0.3812785388127854 0.1248097412480974 0.0928462709284627
0 0.9703196347031964 0.502283105022831 0.0593607305936073 0.1035007610350076
0 0.928462709284627 0.5365296803652968 0.091324200913242 0.1415525114155251
0 0.95662100456621 0.9459665144596652 0.0867579908675799 0.1080669710806697
0 0.7343987823439878 0.9444444444444444 0.1050228310502283 0.1050228310502283
0 0.5228310502283106 0.693302891933029 0.1415525114155251 0.1506849315068493
0 0.5266362252663622 0.4185692541856925 0.1887366818873668 0.1095890410958904
0 0.6659056316590564 0.3576864535768645 0.0958904109589041 0.1491628614916286
0 0.8531202435312024 0.9315068493150684 0.1141552511415525 0.121765601217656