5 0.3614916286149163 0.3472644376899696 0.0898021308980213 0.10182370820668693
5 0.3660578386605784 0.4521276595744681 0.0898021308980213 0.07446808510638298
5 0.5951293759512938 0.3351063829787234 0.1035007610350076 0.09878419452887538
5 0.576103500761035 0.4316109422492401 0.0898021308980213 0.0668693009118541
5 0.4368340943683409 0.5957446808510638 0.1035007610350076 0.08814589665653495
5 0.7397260273972602 0.44452887537993924 0.1796042617960426 0.16869300911854104
5 0.2328767123287671 0.7720364741641338 0.0791476407914764 0.08814589665653495
0 0.4528158295281583 0.756838905775076 0.1141552511415525 0.182370820668693
0 0.5365296803652968 0.6496960486322189 0.0441400304414003 0.1474164133738602
5 0.8120243531202436 0.7226443768996961 0.1050228310502283 0.10182370820668693
5 0.091324200913242 0.708966565349544 0.182648401826484 0.17477203647416414
5 0.0852359208523592 0.9232522796352584 0.1704718417047184 0.1534954407294833
5 0.3006088280060883 0.9422492401215805 0.1628614916286149 0.11550151975683891
5 0.4345509893455099 0.8913373860182371 0.0776255707762557 0.05319148936170213
5 0.0639269406392694 0.0797872340425532 0.1187214611872146 0.08966565349544073
5 0.06773211567732115 0.1884498480243161 0.1354642313546423 0.0972644376899696
5 0.05707762557077625 0.2803951367781155 0.1141552511415525 0.08358662613981763
5 0.1050228310502283 0.38069908814589665 0.1156773211567732 0.09878419452887538
7 0.0289193302891933 0.4886018237082067 0.0517503805175038 0.1717325227963526
5 0.2625570776255708 0.11550151975683891 0.0684931506849315 0.06990881458966565
5 0.18493150684931506 0.270516717325228 0.1080669710806697 0.10030395136778116
5 0.880517503805175 0.05319148936170213 0.2389649923896499 0.09422492401215805
5 0.3850837138508371 0.06914893617021277 0.167427701674277 0.135258358662614
5 0.5350076103500762 0.08206686930091185 0.1019786910197869 0.0972644376899696
5 0.34779299847793 0.21732522796352582 0.0989345509893455 0.0729483282674772
5 0.18645357686453576 0.1656534954407295 0.0867579908675799 0.0851063829787234
5 0.512937595129376 0.18617021276595744 0.2070015220700152 0.07750759878419453
5 0.23059360730593606 0.3890577507598784 0.1050228310502283 0.0972644376899696
6 0.22754946727549466 0.4787234042553192 0.0563165905631659 0.04559270516717325
6 0.5700152207001522 0.5319148936170213 0.0441400304414003 0.04559270516717325
6 0.5068493150684932 0.5311550151975684 0.060882800608828 0.037993920972644375
5 0.684931506849315 0.0668693009118541 0.1308980213089802 0.11246200607902736
5 0.9269406392694064 0.5980243161094225 0.1461187214611872 0.1656534954407295
5 0.921613394216134 0.3791793313069909 0.1567732115677321 0.25379939209726443
5 0.5144596651445966 0.9437689969604863 0.0852359208523592 0.09422492401215805
5 0.6529680365296804 0.6291793313069909 0.1613394216133942 0.13677811550151975
5 0.6598173515981736 0.7522796352583586 0.1689497716894977 0.08814589665653495
5 0.558599695585997 0.8305471124620061 0.0791476407914764 0.09878419452887538
7 0.9817351598173516 0.763677811550152 0.030441400304414 0.12917933130699089
5 0.6963470319634704 0.871580547112462 0.0989345509893455 0.06838905775075987
5 0.6575342465753424 0.958966565349544 0.0852359208523592 0.08206686930091185
5 0.8120243531202436 0.9749240121580547 0.1080669710806697 0.05015197568389058
5 0.9162861491628614 0.7750759878419453 0.0852359208523592 0.0972644376899696
5 0.9094368340943684 0.8996960486322189 0.1445966514459665 0.1094224924012158
6 0.3439878234398782 0.7218844984802432 0.0578386605783866 0.0364741641337386
7 0.3394216133942161 0.621580547112462 0.0821917808219178 0.0425531914893617
7 0.3386605783866058 0.8214285714285714 0.0593607305936073 0.05015197568389058