5 0.9200913242009132 0.7648401826484018 0.1598173515981735 0.1050228310502283
5 0.0197869101978691 0.045662100456621 0.0395738203957382 0.091324200913242
1 0.09817351598173515 0.713089802130898 0.1963470319634703 0.2298325722983257
5 0.1872146118721461 0.7557077625570776 0.0487062404870624 0.0563165905631659
5 0.9756468797564688 0.5684931506849316 0.0487062404870624 0.2146118721461187
5 0.8683409436834094 0.5692541856925418 0.0928462709284627 0.0334855403348554
1 0.2541856925418569 0.3668188736681887 0.106544901065449 0.182648401826484
1 0.14687975646879756 0.06925418569254185 0.1780821917808219 0.1324200913242009
5 0.817351598173516 0.1111111111111111 0.365296803652968 0.2222222222222222
1 0.0852359208523592 0.9231354642313546 0.1704718417047184 0.1537290715372907
1 0.1872146118721461 0.5616438356164384 0.1461187214611872 0.1278538812785388
1 0.10882800608828005 0.4056316590563166 0.1202435312024353 0.1445966514459665
1 0.0547945205479452 0.5273972602739726 0.1095890410958904 0.1354642313546423
1 0.0624048706240487 0.2595129375951294 0.1248097412480974 0.1293759512937595
1 0.3006088280060883 0.106544901065449 0.1050228310502283 0.1339421613394216
1 0.14079147640791476 0.1735159817351598 0.1019786910197869 0.0639269406392694
1 0.2914764079147641 0.2191780821917808 0.1506849315068493 0.0852359208523592
1 0.4048706240487062 0.17579908675799086 0.0791476407914764 0.0928462709284627
1 0.547945205479452 0.2009132420091324 0.1461187214611872 0.1278538812785388
1 0.4048706240487062 0.3508371385083714 0.0395738203957382 0.0898021308980213
1 0.5380517503805176 0.3295281582952816 0.1171993911719939 0.0684931506849315
1 0.7024353120243532 0.3226788432267884 0.0654490106544901 0.1461187214611872
1 0.3272450532724505 0.5144596651445966 0.0974124809741248 0.1035007610350076
1 0.3036529680365297 0.6872146118721462 0.1476407914764079 0.1354642313546423
1 0.3371385083713851 0.8926940639269406 0.1111111111111111 0.1019786910197869
1 0.4223744292237443 0.7922374429223744 0.1689497716894977 0.1445966514459665
1 0.4634703196347032 0.4550989345509893 0.1476407914764079 0.1156773211567732
1 0.4779299847792998 0.5753424657534246 0.1430745814307458 0.0974124809741248
1 0.484779299847793 0.6894977168949772 0.0745814307458143 0.0882800608828006
1 0.7503805175038052 0.8706240487062404 0.1278538812785388 0.1582952815829528
1 0.9140030441400304 0.91324200913242 0.1719939117199391 0.1735159817351598
1 0.8729071537290716 0.3751902587519026 0.1506849315068493 0.1476407914764079
1 0.7503805175038052 0.4634703196347032 0.1308980213089802 0.0989345509893455
1 0.6910197869101978 0.5487062404870624 0.1187214611872146 0.0684931506849315
1 0.6012176560121766 0.7016742770167428 0.1187214611872146 0.1400304414003044
0 0.7161339421613394 0.6445966514459666 0.0502283105022831 0.0684931506849315
3 0.5570776255707762 0.106544901065449 0.1308980213089802 0.045662100456621