5 0.15729483282674772 0.02968036529680365 0.30851063829787234 0.0593607305936073
5 0.47796352583586627 0.1902587519025875 0.22036474164133737 0.2252663622526636
5 0.43541033434650456 0.02663622526636225 0.14437689969604864 0.0532724505327245
5 0.621580547112462 0.03120243531202435 0.19148936170212766 0.0624048706240487
5 0.7857142857142857 0.7526636225266362 0.11854103343465046 0.0989345509893455
5 0.7849544072948328 0.7534246575342466 0.12310030395136778 0.106544901065449
5 0.9612462006079028 0.8257229832572298 0.07750759878419453 0.1598173515981735
5 0.9354103343465046 0.9581430745814308 0.12917933130699089 0.0837138508371385
5 0.7188449848024316 0.2929984779299848 0.23708206686930092 0.2511415525114155
5 0.8761398176291794 0.1902587519025875 0.24772036474164133 0.3744292237442922
5 0.8700607902735562 0.5799086757990868 0.25987841945288753 0.2617960426179604
5 0.8351063829787234 0.8797564687975646 0.12613981762917933 0.0821917808219178
5 0.7575987841945289 0.9277016742770168 0.14437689969604864 0.1415525114155251
5 0.0972644376899696 0.0745814307458143 0.1945288753799392 0.1491628614916286
5 0.07750759878419453 0.2359208523592085 0.15501519756838905 0.1613394216133942
5 0.2689969604863222 0.2237442922374429 0.19756838905775076 0.1461187214611872
5 0.4635258358662614 0.3835616438356164 0.1276595744680851 0.1339421613394216
5 0.23556231003039513 0.4649923896499239 0.2857142857142857 0.2572298325722983
5 0.581306990881459 0.4901065449010654 0.22340425531914893 0.1278538812785388
5 0.6732522796352584 0.6225266362252664 0.12462006079027356 0.1248097412480974
5 0.5235562310030395 0.6894977168949772 0.12006079027355623 0.136986301369863
5 0.648176291793313 0.7602739726027398 0.10486322188449848 0.1232876712328767
5 0.03419452887537994 0.4246575342465753 0.06838905775075987 0.1796042617960426
5 0.030395136778115502 0.5745814307458144 0.060790273556231005 0.0776255707762557
5 0.05015197568389058 0.7945205479452054 0.10030395136778116 0.1400304414003044
5 0.0364741641337386 0.6773211567732116 0.0729483282674772 0.0791476407914764
5 0.034954407294832825 0.9406392694063926 0.06990881458966565 0.1187214611872146
5 0.5319148936170213 0.9657534246575342 0.21580547112462006 0.0684931506849315
5 0.3525835866261398 0.9231354642313546 0.13677811550151975 0.1537290715372907
5 0.43844984802431614 0.8234398782343988 0.1717325227963526 0.1796042617960426
5 0.34574468085106386 0.6986301369863014 0.19908814589665655 0.121765601217656
5 0.18541033434650456 0.7861491628614916 0.1458966565349544 0.1232876712328767
5 0.15729483282674772 0.6643835616438356 0.12917933130699089 0.0867579908675799
5 0.1838905775075988 0.9337899543378996 0.2066869300911854 0.1324200913242009
5 0.6762917933130699 0.12861491628614916 0.1094224924012158 0.0684931506849315