5 0.21993911719939116 0.3432267884322679 0.1263318112633181 0.1232876712328767
5 0.4048706240487062 0.3074581430745814 0.2009132420091324 0.1461187214611872
5 0.15449010654490106 0.14079147640791476 0.2572298325722983 0.2024353120243531
7 0.0395738203957382 0.3904109589041096 0.0791476407914764 0.0806697108066971
7 0.11491628614916286 0.3561643835616438 0.0776255707762557 0.091324200913242
3 0.7640791476407914 0.2968036529680365 0.1035007610350076 0.1248097412480974
7 0.213089802130898 0.6461187214611872 0.4079147640791476 0.1993911719939117
6 0.03729071537290715 0.7960426179604262 0.0654490106544901 0.0730593607305936
6 0.1263318112633181 0.8538812785388128 0.1095890410958904 0.0669710806697108
6 0.3287671232876712 0.8226788432267884 0.0517503805175038 0.0776255707762557
6 0.24733637747336376 0.8508371385083714 0.0806697108066971 0.0547945205479452
6 0.3888888888888889 0.9033485540334856 0.0745814307458143 0.1415525114155251
6 0.0974124809741248 0.928462709284627 0.0791476407914764 0.060882800608828
6 0.2389649923896499 0.9474885844748858 0.1704718417047184 0.0989345509893455