5 0.5547945205479452 0.8919330289193302 0.1111111111111111 0.1095890410958904
5 0.4337899543378995 0.910958904109589 0.1126331811263318 0.0867579908675799
5 0.7899543378995434 0.7952815829528158 0.0943683409436834 0.1050228310502283
5 0.6552511415525114 0.7968036529680366 0.0958904109589041 0.0867579908675799
5 0.9033485540334856 0.791476407914764 0.1263318112633181 0.091324200913242
7 0.5509893455098934 0.9786910197869102 0.091324200913242 0.0426179604261796
7 0.6712328767123288 0.982496194824962 0.106544901065449 0.0350076103500761
7 0.7838660578386606 0.982496194824962 0.0852359208523592 0.0350076103500761
5 0.8987823439878234 0.9185692541856926 0.1232876712328767 0.1232876712328767
5 0.4520547945205479 0.7907153729071538 0.1126331811263318 0.1111111111111111
5 0.7488584474885844 0.636986301369863 0.1887366818873668 0.1780821917808219
5 0.8074581430745814 0.3371385083713851 0.1080669710806697 0.0958904109589041
5 0.7960426179604262 0.4550989345509893 0.1095890410958904 0.0852359208523592
6 0.9018264840182648 0.4642313546423135 0.0715372907153729 0.0487062404870624
1 0.4939117199391172 0.2983257229832572 0.0867579908675799 0.0791476407914764
1 0.410958904109589 0.5928462709284628 0.1156773211567732 0.1019786910197869
1 0.5372907153729072 0.5996955859969558 0.1035007610350076 0.1035007610350076
1 0.6773211567732116 0.439117199391172 0.0974124809741248 0.0928462709284627
1 0.5464231354642314 0.4672754946727549 0.0791476407914764 0.0821917808219178
1 0.6248097412480974 0.5342465753424658 0.0745814307458143 0.0730593607305936
5 0.228310502283105 0.6385083713850838 0.136986301369863 0.0958904109589041
5 0.21080669710806696 0.7602739726027398 0.1111111111111111 0.1050228310502283
5 0.334855403348554 0.7709284627092846 0.1126331811263318 0.1050228310502283
5 0.2070015220700152 0.8919330289193302 0.1187214611872146 0.1126331811263318
5 0.3264840182648402 0.8972602739726028 0.1080669710806697 0.0958904109589041
5 0.0882800608828006 0.7397260273972602 0.1156773211567732 0.1156773211567732
5 0.0791476407914764 0.867579908675799 0.1156773211567732 0.1095890410958904
7 0.0898021308980213 0.9764079147640792 0.0852359208523592 0.0350076103500761
7 0.197869101978691 0.9802130898021308 0.1004566210045662 0.0395738203957382
7 0.3280060882800609 0.9794520547945206 0.1202435312024353 0.0410958904109589
7 0.0243531202435312 0.6430745814307458 0.0487062404870624 0.0715372907153729
1 0.380517503805175 0.07229832572298325 0.1491628614916286 0.1263318112633181
1 0.3378995433789954 0.2792998477929985 0.1095890410958904 0.0958904109589041
1 0.4315068493150685 0.3987823439878234 0.1080669710806697 0.121765601217656
1 0.54337899543379 0.3812785388127854 0.0821917808219178 0.0654490106544901
1 0.4490106544901065 0.2039573820395738 0.0821917808219178 0.0882800608828006
5 0.6910197869101978 0.09817351598173515 0.1035007610350076 0.0958904109589041
5 0.5844748858447488 0.09512937595129375 0.1095890410958904 0.1019786910197869
5 0.6278538812785388 0.2480974124809741 0.0776255707762557 0.0730593607305936
5 0.7031963470319634 0.3226788432267884 0.0882800608828006 0.0852359208523592
7 0.9779299847792998 0.3089802130898021 0.0380517503805175 0.1004566210045662
7 0.9680365296803652 0.502283105022831 0.0547945205479452 0.0882800608828006
1 0.3051750380517504 0.3721461187214612 0.1202435312024353 0.0776255707762557
1 0.3310502283105023 0.4901065449010654 0.0867579908675799 0.091324200913242