7 0.1765601217656012 0.9497716894977168 0.1461187214611872 0.0882800608828006
5 0.1019786910197869 0.7245053272450532 0.1887366818873668 0.2343987823439878
5 0.3333333333333333 0.6887366818873668 0.167427701674277 0.1628614916286149
5 0.3515981735159817 0.1171993911719939 0.2648401826484018 0.2252663622526636
5 0.11491628614916286 0.07686453576864535 0.1385083713850837 0.1324200913242009
5 0.7876712328767124 0.1324200913242009 0.2480974124809741 0.258751902587519
0 0.5943683409436834 0.15449010654490106 0.1324200913242009 0.1111111111111111
5 0.0715372907153729 0.21841704718417046 0.1430745814307458 0.1537290715372907
5 0.9497716894977168 0.4124809741248097 0.1004566210045662 0.1278538812785388
5 0.8295281582952816 0.4170471841704718 0.1461187214611872 0.1278538812785388
3 0.1902587519025875 0.3394216133942161 0.1126331811263318 0.076103500761035
6 0.3949771689497717 0.9505327245053272 0.0867579908675799 0.0806697108066971
6 0.6666666666666666 0.9687975646879756 0.1248097412480974 0.0593607305936073
6 0.4505327245053272 0.8599695585996956 0.1035007610350076 0.0639269406392694
6 0.4497716894977169 0.7922374429223744 0.0471841704718417 0.0471841704718417
6 0.4931506849315068 0.6750380517503806 0.0791476407914764 0.0624048706240487
6 0.6552511415525114 0.8789954337899544 0.0958904109589041 0.0563165905631659
7 0.9101978691019786 0.5974124809741248 0.1796042617960426 0.1385083713850837
6 0.967275494672755 0.7754946727549468 0.0654490106544901 0.0563165905631659
6 0.632420091324201 0.7480974124809742 0.1232876712328767 0.1415525114155251
6 0.5540334855403348 0.9208523592085236 0.0852359208523592 0.0943683409436834
6 0.5707762557077626 0.6445966514459666 0.0426179604261796 0.0471841704718417
6 0.6636225266362252 0.5776255707762558 0.0547945205479452 0.0410958904109589
6 0.9003044140030442 0.7070015220700152 0.1628614916286149 0.0654490106544901
6 0.967275494672755 0.8729071537290716 0.0654490106544901 0.0867579908675799
6 0.8120243531202436 0.865296803652968 0.1324200913242009 0.0715372907153729
6 0.0502283105022831 0.987062404870624 0.1004566210045662 0.0258751902587519
6 0.0715372907153729 0.89117199391172 0.0334855403348554 0.0258751902587519
6 0.532724505327245 0.7990867579908676 0.060882800608828 0.106544901065449
6 0.4748858447488584 0.9558599695585996 0.060882800608828 0.0882800608828006