0 0.3340943683409437 0.512937595129376 0.1780821917808219 0.1126331811263318
0 0.0547945205479452 0.2176560121765601 0.1095890410958904 0.0578386605783866
0 0.1917808219178082 0.18188736681887366 0.0821917808219178 0.0776255707762557
0 0.20624048706240486 0.03576864535768645 0.1293759512937595 0.0715372907153729
5 0.6103500761035008 0.05555555555555555 0.1004566210045662 0.0958904109589041
5 0.5898021308980214 0.1430745814307458 0.0928462709284627 0.076103500761035
5 0.5509893455098934 0.19710806697108066 0.0821917808219178 0.0928462709284627
5 0.5547945205479452 0.3881278538812785 0.1171993911719939 0.2678843226788432
5 0.4223744292237443 0.8866057838660578 0.1293759512937595 0.1171993911719939
5 0.4132420091324201 0.6719939117199392 0.1506849315068493 0.1963470319634703
1 0.1933028919330289 0.9269406392694064 0.2252663622526636 0.1461187214611872
1 0.20319634703196346 0.3127853881278539 0.1476407914764079 0.1354642313546423
1 0.06925418569254185 0.3828006088280061 0.1385083713850837 0.1841704718417047
1 0.0426179604261796 0.5555555555555556 0.0821917808219178 0.1430745814307458
1 0.1613394216133942 0.558599695585997 0.1248097412480974 0.136986301369863
1 0.22450532724505326 0.697869101978691 0.0958904109589041 0.1263318112633181
1 0.0821917808219178 0.7100456621004566 0.1643835616438356 0.1750380517503805
5 0.0365296803652968 0.89117199391172 0.0730593607305936 0.1659056316590563
1 0.3485540334855403 0.17427701674277016 0.1582952815829528 0.1385083713850837
5 0.3881278538812785 0.3987823439878234 0.1461187214611872 0.1035007610350076