0 0.5159817351598174 0.0395738203957382 0.15220700152207 0.076103500761035
0 0.6796042617960426 0.03881278538812785 0.1689497716894977 0.0776255707762557
0 0.5098934550989346 0.13318112633181126 0.197869101978691 0.0928462709284627
0 0.6484018264840182 0.1202435312024353 0.0669710806697108 0.0669710806697108
0 0.530441400304414 0.24277016742770166 0.1202435312024353 0.1263318112633181
0 0.6400304414003044 0.2115677321156773 0.0806697108066971 0.0700152207001522
0 0.6872146118721462 0.302130898021309 0.1689497716894977 0.0867579908675799
0 0.8858447488584474 0.7077625570776256 0.1765601217656012 0.1582952815829528
5 0.06773211567732115 0.4672754946727549 0.1354642313546423 0.2313546423135464
5 0.1811263318112633 0.5114155251141552 0.0852359208523592 0.1156773211567732
5 0.06468797564687975 0.6993911719939118 0.1111111111111111 0.1415525114155251
5 0.18949771689497716 0.7549467275494672 0.0958904109589041 0.1126331811263318
5 0.13165905631659056 0.9687975646879756 0.1780821917808219 0.0624048706240487
5 0.076103500761035 0.8386605783866058 0.1156773211567732 0.0882800608828006
5 0.1872146118721461 0.8904109589041096 0.1004566210045662 0.0852359208523592
3 0.2907153729071537 0.4048706240487062 0.0578386605783866 0.2557077625570776