3 0.5 0.7651975683890577 1 0.26595744680851063
0 0.3691019786910198 0.6086626139817629 0.0654490106544901 0.05319148936170213
0 0.515220700152207 0.32598784194528874 0.0715372907153729 0.05927051671732523
0 0.7146118721461188 0.5243161094224924 0.0593607305936073 0.0729483282674772
0 0.7815829528158296 0.4513677811550152 0.0776255707762557 0.0547112462006079
0 0.6537290715372908 0.3305471124620061 0.0410958904109589 0.06231003039513678
0 0.6910197869101978 0.3677811550151976 0.0547945205479452 0.06382978723404255
0 0.2602739726027397 0.15121580547112462 0.060882800608828 0.044072948328267476
0 0.1019786910197869 0.05243161094224924 0.0547945205479452 0.04711246200607903
0 0.01141552511415525 0.10562310030395136 0.0228310502283105 0.07142857142857142
0 0.3919330289193303 0.03267477203647416 0.0776255707762557 0.05927051671732523
0 0.2853881278538813 0.020516717325227963 0.0593607305936073 0.041033434650455926
0 0.5121765601217656 0.2013677811550152 0.0928462709284627 0.06534954407294832
0 0.1339421613394216 0.25455927051671734 0.0547945205479452 0.041033434650455926
0 0.3211567732115677 0.20592705167173253 0.0547945205479452 0.041033434650455926
0 0.24277016742770166 0.3123100303951368 0.0593607305936073 0.05319148936170213
0 0.3295281582952816 0.48404255319148937 0.0593607305936073 0.034954407294832825
0 0.45662100456621 0.4148936170212766 0.0730593607305936 0.0486322188449848
0 0.5875190258751902 0.5007598784194529 0.0669710806697108 0.025835866261398176
0 0.9604261796042618 0.3860182370820669 0.0669710806697108 0.0425531914893617
0 0.8546423135464232 0.4270516717325228 0.0593607305936073 0.04559270516717325
0 0.9010654490106544 0.2887537993920973 0.0578386605783866 0.06382978723404255
0 0.20319634703196346 0.4247720364741641 0.0441400304414003 0.05623100303951368
0 0.2161339421613394 0.35714285714285715 0.0547945205479452 0.04559270516717325
0 0.5951293759512938 0.0243161094224924 0.0547945205479452 0.0486322188449848
0 0.9809741248097412 0.24772036474164133 0.0380517503805175 0.03951367781155015
0 0.9855403348554034 0.19072948328267478 0.0289193302891933 0.05927051671732523
0 0.7777777777777778 0.08434650455927052 0.0578386605783866 0.031914893617021274
0 0.852359208523592 0.12082066869300911 0.030441400304414 0.037993920972644375
0 0.5753424657534246 0.3221884498480243 0.0517503805175038 0.0547112462006079
0 0.5395738203957382 0.3898176291793313 0.0441400304414003 0.05015197568389058
0 0.5197869101978692 0.27887537993920974 0.0593607305936073 0.044072948328267476
0 0.3789954337899543 0.30243161094224924 0.0395738203957382 0.06382978723404255
5 0.0380517503805175 0.39969604863221886 0.045662100456621 0.05167173252279635
5 0.0228310502283105 0.33358662613981765 0.045662100456621 0.05927051671732523
5 0.2656012176560122 0.2439209726443769 0.0441400304414003 0.044072948328267476
5 0.8858447488584474 0.022796352583586626 0.0852359208523592 0.03951367781155015
5 0.5136986301369864 0.44452887537993924 0.0350076103500761 0.031914893617021274
5 0.6362252663622526 0.53419452887538 0.0395738203957382 0.037993920972644375
5 0.9459665144596652 0.46504559270516715 0.0593607305936073 0.0547112462006079
5 0.9147640791476408 0.547112462006079 0.030441400304414 0.057750759878419454
0 0.4429223744292237 0.29559270516717323 0.0334855403348554 0.022796352583586626
0 0.286910197869102 0.5174772036474165 0.0532724505327245 0.034954407294832825
0 0.7747336377473364 0.540273556231003 0.0426179604261796 0.025835866261398176