1 0.385258358662614 0.6232876712328768 0.22340425531914893 0.1567732115677321
1 0.3723404255319149 0.8729071537290716 0.14285714285714285 0.1537290715372907
1 0.8221884498480243 0.5570776255707762 0.12462006079027356 0.1308980213089802
1 0.5881458966565349 0.741248097412481 0.1458966565349544 0.1582952815829528
1 0.7226443768996961 0.6278538812785388 0.10182370820668693 0.1050228310502283
1 0.7462006079027356 0.7831050228310502 0.13069908814589665 0.1385083713850837
1 0.5881458966565349 0.5806697108066972 0.1519756838905775 0.1050228310502283
1 0.8731003039513677 0.7229832572298326 0.08662613981762918 0.1156773211567732
1 0.9582066869300911 0.5875190258751902 0.08358662613981763 0.1917808219178082
5 0.8214285714285714 0.1872146118721461 0.11094224924012158 0.1308980213089802
5 0.770516717325228 0.3888888888888889 0.12462006079027356 0.0958904109589041
1 0.3305471124620061 0.3873668188736682 0.1474164133738602 0.2633181126331811
5 0.5630699088145896 0.410958904109589 0.24164133738601823 0.1552511415525114
5 0.7021276595744681 0.23211567732115676 0.0668693009118541 0.0745814307458143
5 0.925531914893617 0.2465753424657534 0.07598784194528875 0.060882800608828
5 0.7492401215805471 0.0547945205479452 0.1398176291793313 0.1004566210045662
5 0.5577507598784195 0.13013698630136986 0.2006079027355623 0.2146118721461187
5 0.9316109422492401 0.0517503805175038 0.13677811550151975 0.1004566210045662
5 0.8708206686930091 0.3188736681887367 0.0729483282674772 0.0471841704718417
5 0.8844984802431611 0.4505327245053272 0.08814589665653495 0.0669710806697108
5 0.9027355623100304 0.3751902587519026 0.0790273556231003 0.0502283105022831
1 0.5311550151975684 0.8835616438356164 0.15653495440729484 0.0958904109589041
5 0.13829787234042554 0.1141552511415525 0.13069908814589665 0.1126331811263318
5 0.9756838905775076 0.3713850837138508 0.0486322188449848 0.1430745814307458
5 0.9445288753799392 0.1613394216133942 0.10790273556231003 0.0700152207001522