0 0.6816109422492401 0.6035007610350076 0.135258358662614 0.0806697108066971
0 0.7575987841945289 0.4908675799086758 0.11398176291793313 0.0958904109589041
0 0.6648936170212766 0.5289193302891934 0.10790273556231003 0.0593607305936073
5 0.8860182370820668 0.7207001522070016 0.22796352583586627 0.1445966514459665
0 0.8009118541033434 0.6027397260273972 0.0911854103343465 0.076103500761035
5 0.7150455927051672 0.8470319634703196 0.28419452887537994 0.2085235920852359
0 0.668693009118541 0.6948249619482496 0.1398176291793313 0.0502283105022831
7 0.2750759878419453 0.0182648401826484 0.07598784194528875 0.0365296803652968
5 0.5433130699088146 0.9018264840182648 0.34194528875379937 0.1963470319634703
5 0.331306990881459 0.9155251141552512 0.20364741641337386 0.1537290715372907
5 0.16945288753799392 0.910958904109589 0.09574468085106383 0.1385083713850837