5 0.1202435312024353 0.3006088280060883 0.1308980213089802 0.1141552511415525
5 0.8751902587519026 0.1324200913242009 0.1248097412480974 0.0974124809741248
0 0.9178082191780822 0.6567732115677322 0.0273972602739726 0.0441400304414003
0 0.9345509893455098 0.7724505327245054 0.060882800608828 0.0745814307458143
5 0.8409436834094368 0.9223744292237442 0.1019786910197869 0.0821917808219178
0 0.863013698630137 0.8394216133942162 0.0395738203957382 0.0380517503805175
5 0.6248097412480974 0.9079147640791476 0.1598173515981735 0.0837138508371385
5 0.1415525114155251 0.9398782343987824 0.121765601217656 0.0989345509893455
5 0.3280060882800609 0.9444444444444444 0.1111111111111111 0.0806697108066971
5 0.4505327245053272 0.8843226788432268 0.1126331811263318 0.091324200913242
5 0.9604261796042618 0.9611872146118722 0.0791476407914764 0.0776255707762557
5 0.4901065449010654 0.8006088280060882 0.1035007610350076 0.076103500761035
5 0.6301369863013698 0.8082191780821918 0.0821917808219178 0.0882800608828006
5 0.745814307458143 0.7952815829528158 0.1278538812785388 0.1111111111111111
5 0.1293759512937595 0.8257229832572298 0.1095890410958904 0.0806697108066971
5 0.0380517503805175 0.9155251141552512 0.0639269406392694 0.1506849315068493
5 0.1506849315068493 0.19254185692541856 0.167427701674277 0.0867579908675799
5 0.3333333333333333 0.21689497716894976 0.1126331811263318 0.0837138508371385
5 0.6963470319634704 0.23059360730593606 0.1263318112633181 0.0958904109589041
5 0.5015220700152208 0.2267884322678843 0.1263318112633181 0.1156773211567732
5 0.3554033485540335 0.3333333333333333 0.1263318112633181 0.1278538812785388
5 0.941400304414003 0.4878234398782344 0.1171993911719939 0.1111111111111111
5 0.8622526636225266 0.2853881278538813 0.1293759512937595 0.1141552511415525
5 0.5852359208523592 0.3432267884322679 0.1476407914764079 0.0624048706240487