5 0.06621004566210045 0.9299847792998478 0.1324200913242009 0.136986301369863
5 0.2267884322678843 0.9269406392694064 0.1735159817351598 0.1430745814307458
5 0.3949771689497717 0.9155251141552512 0.1476407914764079 0.1537290715372907
0 0.621765601217656 0.6552511415525114 0.1506849315068493 0.1324200913242009
0 0.05098934550989345 0.6529680365296804 0.1019786910197869 0.1796042617960426
0 0.15220700152207 0.076103500761035 0.3013698630136986 0.15220700152207
0 0.19101978691019786 0.2039573820395738 0.2237442922374429 0.1095890410958904
0 0.23515981735159816 0.3378995433789954 0.1993911719939117 0.1339421613394216
0 0.2465753424657534 0.4794520547945205 0.1643835616438356 0.1339421613394216
0 0.0837138508371385 0.4710806697108067 0.1643835616438356 0.0928462709284627
0 0.09665144596651445 0.5312024353120244 0.0015220700152207 0.0182648401826484
0 0.1856925418569254 0.6598173515981736 0.1582952815829528 0.1659056316590563
0 0.3485540334855403 0.6453576864535768 0.1552511415525114 0.1643835616438356
5 0.484779299847793 0.4398782343987823 0.1202435312024353 0.1278538812785388
5 0.4923896499238965 0.3097412480974125 0.1080669710806697 0.1263318112633181
5 0.4063926940639269 0.0639269406392694 0.1856925418569254 0.1278538812785388
5 0.3904109589041096 0.19863013698630136 0.1415525114155251 0.1050228310502283
3 0.6834094368340944 0.4063926940639269 0.076103500761035 0.1126331811263318