5 0.197869101978691 0.4117199391171994 0.2496194824961948 0.2328767123287671
5 0.2762557077625571 0.2511415525114155 0.2267884322678843 0.1735159817351598
5 0.3417047184170472 0.0867579908675799 0.2176560121765601 0.1735159817351598
1 0.7450532724505328 0.03881278538812785 0.2785388127853881 0.0776255707762557
5 0.12709284627092846 0.6750380517503806 0.2359208523592085 0.2724505327245053
7 0.0791476407914764 0.910958904109589 0.0882800608828006 0.0745814307458143
7 0.0471841704718417 0.1552511415525114 0.0639269406392694 0.0669710806697108
7 0.03272450532724505 0.08599695585996955 0.0624048706240487 0.0532724505327245
7 0.07686453576864535 0.0258751902587519 0.0593607305936073 0.0395738203957382
7 0.14687975646879756 0.02207001522070015 0.0776255707762557 0.0441400304414003
6 0.015220700152207 0.01293759512937595 0.030441400304414 0.0197869101978691
5 0.5821917808219178 0.9094368340943684 0.2663622526636225 0.1811263318112633
5 0.863013698630137 0.9071537290715372 0.273972602739726 0.1796042617960426
5 0.6278538812785388 0.7557077625570776 0.1689497716894977 0.0989345509893455
5 0.9147640791476408 0.3112633181126332 0.1704718417047184 0.1993911719939117
5 0.9315068493150684 0.7138508371385084 0.136986301369863 0.1887366818873668
5 0.784627092846271 0.7336377473363774 0.1324200913242009 0.1582952815829528
5 0.6582952815829528 0.6461187214611872 0.0898021308980213 0.0806697108066971
5 0.928462709284627 0.5190258751902588 0.1430745814307458 0.1917808219178082
5 0.7861491628614916 0.6095890410958904 0.1324200913242009 0.0837138508371385
5 0.7838660578386606 0.4254185692541857 0.076103500761035 0.0776255707762557