5 0.8576864535768646 0.3394216133942161 0.1202435312024353 0.1430745814307458
5 0.8904109589041096 0.2085235920852359 0.1187214611872146 0.167427701674277
5 0.8660578386605784 0.6316590563165906 0.1430745814307458 0.1552511415525114
5 0.9360730593607306 0.799847792998478 0.1278538812785388 0.1598173515981735
5 0.882800608828006 0.9200913242009132 0.2343987823439878 0.1598173515981735
5 0.8546423135464232 0.0593607305936073 0.1111111111111111 0.1187214611872146
5 0.958904109589041 0.1035007610350076 0.0730593607305936 0.0791476407914764
5 0.7184170471841704 0.0380517503805175 0.1339421613394216 0.076103500761035
5 0.22754946727549466 0.08447488584474885 0.1963470319634703 0.1689497716894977
5 0.05098934550989345 0.13622526636225266 0.0958904109589041 0.1537290715372907
5 0.3569254185692542 0.17427701674277016 0.0745814307458143 0.0928462709284627
5 0.4710806697108067 0.2176560121765601 0.1567732115677321 0.1461187214611872
5 0.18949771689497716 0.2450532724505327 0.1324200913242009 0.1461187214611872
5 0.6948249619482496 0.1659056316590563 0.0806697108066971 0.076103500761035
5 0.4337899543378995 0.3371385083713851 0.121765601217656 0.1293759512937595
5 0.3143074581430746 0.4292237442922374 0.1537290715372907 0.182648401826484
5 0.1050228310502283 0.34779299847793 0.1948249619482496 0.1719939117199391
5 0.4726027397260274 0.0639269406392694 0.0745814307458143 0.1035007610350076
5 0.5981735159817352 0.0730593607305936 0.1095890410958904 0.1156773211567732
5 0.10578386605783865 0.6567732115677322 0.1963470319634703 0.1598173515981735
5 0.2557077625570776 0.8554033485540334 0.1613394216133942 0.15220700152207
5 0.258751902587519 0.6712328767123288 0.136986301369863 0.1308980213089802
5 0.4041095890410959 0.726027397260274 0.1537290715372907 0.1704718417047184
5 0.0974124809741248 0.8234398782343988 0.1887366818873668 0.182648401826484
5 0.5753424657534246 0.4299847792998478 0.1613394216133942 0.1750380517503805
5 0.6986301369863014 0.2846270928462709 0.1582952815829528 0.1430745814307458
5 0.7184170471841704 0.4474885844748858 0.1095890410958904 0.1430745814307458
5 0.7678843226788432 0.5350076103500762 0.0989345509893455 0.1202435312024353
5 0.9147640791476408 0.4726027397260274 0.1704718417047184 0.1537290715372907
5 0.815068493150685 0.7899543378995434 0.1476407914764079 0.1400304414003044
5 0.4649923896499239 0.5228310502283106 0.2115677321156773 0.2298325722983257
5 0.7267884322678844 0.693302891933029 0.1293759512937595 0.1659056316590563
5 0.5182648401826484 0.8987823439878234 0.1780821917808219 0.1415525114155251
5 0.3858447488584475 0.939117199391172 0.1780821917808219 0.121765601217656
5 0.589041095890411 0.16362252663622526 0.1004566210045662 0.1111111111111111
5 0.6331811263318112 0.5684931506849316 0.1035007610350076 0.1050228310502283