5 0.9094368340943684 0.678082191780822 0.1385083713850837 0.2176560121765601
5 0.7754946727549468 0.7100456621004566 0.1872146118721461 0.2054794520547945
5 0.3226788432267884 0.5814307458143074 0.121765601217656 0.1035007610350076
5 0.3462709284627093 0.6879756468797564 0.1080669710806697 0.0974124809741248
5 0.5228310502283106 0.439117199391172 0.1689497716894977 0.2115677321156773
5 0.560882800608828 0.2343987823439878 0.0867579908675799 0.136986301369863
5 0.3135464231354642 0.2792998477929985 0.1004566210045662 0.1202435312024353
5 0.3150684931506849 0.16210045662100456 0.106544901065449 0.1141552511415525
5 0.4482496194824962 0.30441400304414 0.1232876712328767 0.0882800608828006
5 0.4512937595129376 0.16362252663622526 0.1476407914764079 0.1719939117199391
5 0.8013698630136986 0.5060882800608828 0.1750380517503805 0.1628614916286149
5 0.9322678843226788 0.3127853881278539 0.1141552511415525 0.2115677321156773
5 0.7480974124809742 0.3493150684931507 0.2389649923896499 0.1476407914764079
5 0.7884322678843226 0.22146118721461186 0.1856925418569254 0.1385083713850837
5 0.13926940639269406 0.19406392694063926 0.1537290715372907 0.2480974124809741
5 0.4809741248097412 0.6659056316590564 0.0974124809741248 0.1080669710806697
5 0.5974124809741248 0.6910197869101978 0.1385083713850837 0.1552511415525114