5 0.8820395738203958 0.3691019786910198 0.0745814307458143 0.0624048706240487
5 0.7732115677321156 0.3873668188736682 0.121765601217656 0.0837138508371385
5 0.6506849315068494 0.3698630136986301 0.0989345509893455 0.0852359208523592
5 0.6438356164383562 0.2732115677321157 0.0882800608828006 0.0867579908675799
5 0.730593607305936 0.2861491628614916 0.0639269406392694 0.060882800608828
5 0.8363774733637748 0.2785388127853881 0.0776255707762557 0.0669710806697108
5 0.6818873668188736 0.9360730593607306 0.0821917808219178 0.0974124809741248
5 0.8310502283105022 0.9345509893455098 0.0852359208523592 0.1004566210045662
5 0.9360730593607306 0.9345509893455098 0.0578386605783866 0.0547945205479452
5 0.06164383561643835 0.7945205479452054 0.0837138508371385 0.076103500761035
5 0.6613394216133942 0.4672754946727549 0.0715372907153729 0.0669710806697108
5 0.13165905631659056 0.9733637747336378 0.1872146118721461 0.0532724505327245
5 0.3789954337899543 0.9611872146118722 0.2526636225266362 0.0776255707762557
5 0.9528158295281582 0.22450532724505326 0.0943683409436834 0.0898021308980213