5 0.423896499238965 0.636986301369863 0.1293759512937595 0.1202435312024353
5 0.6590563165905632 0.799847792998478 0.0669710806697108 0.0654490106544901
5 0.8333333333333334 0.6963470319634704 0.0563165905631659 0.0471841704718417
5 0.2054794520547945 0.799847792998478 0.0791476407914764 0.1506849315068493
5 0.3013698630136986 0.845509893455099 0.045662100456621 0.0410958904109589
5 0.3112633181126332 0.80441400304414 0.0471841704718417 0.0441400304414003
5 0.9634703196347032 0.6643835616438356 0.0730593607305936 0.0989345509893455
5 0.926179604261796 0.7823439878234398 0.0989345509893455 0.0943683409436834
5 0.8226788432267884 0.8318112633181126 0.1202435312024353 0.0928462709284627
5 0.4117199391171994 0.8082191780821918 0.1111111111111111 0.0974124809741248
5 0.5319634703196348 0.5639269406392694 0.1659056316590563 0.1232876712328767
5 0.7245053272450532 0.713089802130898 0.1004566210045662 0.0898021308980213