0 0.10730593607305935 0.9680365296803652 0.0532724505327245 0.045662100456621
0 0.24733637747336376 0.910958904109589 0.0410958904109589 0.0410958904109589
0 0.3493150684931507 0.8873668188736682 0.0410958904109589 0.0395738203957382
0 0.4398782343987823 0.9558599695585996 0.0487062404870624 0.0395738203957382
0 0.525875190258752 0.9665144596651446 0.0502283105022831 0.045662100456621
0 0.6864535768645358 0.9512937595129376 0.0547945205479452 0.0517503805175038
0 0.8866057838660578 0.9794520547945206 0.0410958904109589 0.0410958904109589
0 0.7404870624048706 0.8546423135464232 0.0380517503805175 0.0350076103500761
0 0.802130898021309 0.8713850837138508 0.0334855403348554 0.0319634703196347
0 0.6643835616438356 0.8896499238964992 0.0532724505327245 0.0410958904109589
0 0.754185692541857 0.9056316590563166 0.0410958904109589 0.0334855403348554
0 0.80441400304414 0.954337899543379 0.0350076103500761 0.030441400304414
0 0.8691019786910198 0.8942161339421614 0.045662100456621 0.0410958904109589
0 0.5996955859969558 0.8698630136986302 0.0426179604261796 0.0380517503805175
0 0.3340943683409437 0.9665144596651446 0.0441400304414003 0.0365296803652968
0 0.1704718417047184 0.9223744292237442 0.0426179604261796 0.0365296803652968
0 0.2389649923896499 0.9779299847792998 0.0365296803652968 0.0289193302891933
0 0.3995433789954338 0.9056316590563166 0.0380517503805175 0.0334855403348554
0 0.7009132420091324 0.8203957382039574 0.0350076103500761 0.030441400304414
0 0.7968036529680366 0.771689497716895 0.0380517503805175 0.030441400304414
0 0.880517503805175 0.7709284627092846 0.0410958904109589 0.0319634703196347
0 0.9512937595129376 0.7785388127853882 0.0334855403348554 0.0289193302891933
0 0.3432267884322679 0.815068493150685 0.0258751902587519 0.0228310502283105
0 0.4360730593607306 0.80441400304414 0.0258751902587519 0.0228310502283105
0 0.02968036529680365 0.7907153729071538 0.0258751902587519 0.0228310502283105
0 0.23059360730593606 0.845509893455099 0.0380517503805175 0.0289193302891933
0 0.3729071537290715 0.7808219178082192 0.0243531202435312 0.0213089802130898
0 0.6073059360730594 0.7800608828006088 0.0334855403348554 0.0258751902587519
0 0.045662100456621 0.7245053272450532 0.0334855403348554 0.0273972602739726
0 0.1719939117199391 0.8112633181126332 0.0365296803652968 0.0273972602739726
0 0.08447488584474885 0.7945205479452054 0.0350076103500761 0.0273972602739726
0 0.2465753424657534 0.7975646879756468 0.0365296803652968 0.0273972602739726
0 0.3904109589041096 0.8363774733637748 0.0319634703196347 0.0258751902587519
0 0.8691019786910198 0.7290715372907154 0.0334855403348554 0.0273972602739726
0 0.8036529680365296 0.7207001522070016 0.0365296803652968 0.0289193302891933
0 0.7100456621004566 0.7534246575342466 0.0350076103500761 0.0273972602739726
0 0.5273972602739726 0.8789954337899544 0.0350076103500761 0.0289193302891933
0 0.17427701674277016 0.73896499238965 0.0350076103500761 0.0289193302891933
0 0.24733637747336376 0.758751902587519 0.0289193302891933 0.0228310502283105
0 0.3439878234398782 0.7366818873668188 0.0334855403348554 0.0273972602739726
0 0.4452054794520548 0.7313546423135464 0.0441400304414003 0.0319634703196347
0 0.5197869101978692 0.7420091324200914 0.0350076103500761 0.0228310502283105
0 0.9406392694063926 0.634703196347032 0.0395738203957382 0.0273972602739726
0 0.806697108066971 0.6461187214611872 0.0395738203957382 0.0258751902587519
0 0.8843226788432268 0.6902587519025876 0.0365296803652968 0.0258751902587519
0 0.7382039573820396 0.6856925418569254 0.0334855403348554 0.0258751902587519
0 0.6400304414003044 0.69558599695586 0.0380517503805175 0.0273972602739726
0 0.578386605783866 0.69558599695586 0.0334855403348554 0.0243531202435312
0 0.4353120243531202 0.6491628614916286 0.0273972602739726 0.0258751902587519
0 0.2815829528158295 0.6750380517503806 0.0395738203957382 0.0289193302891933
0 0.04642313546423135 0.6491628614916286 0.0319634703196347 0.0289193302891933
0 0.14231354642313546 0.6925418569254186 0.0410958904109589 0.030441400304414
0 0.1872146118721461 0.5692541856925418 0.060882800608828 0.0395738203957382
0 0.3401826484018265 0.5882800608828006 0.0410958904109589 0.0350076103500761
0 0.5974124809741248 0.6103500761035008 0.0380517503805175 0.0334855403348554
0 0.5509893455098934 0.65220700152207 0.0395738203957382 0.0350076103500761
0 0.7207001522070016 0.5707762557077626 0.0410958904109589 0.0365296803652968
0 0.9375951293759512 0.7191780821917808 0.0395738203957382 0.0350076103500761
0 0.875951293759513 0.5570776255707762 0.0441400304414003 0.0395738203957382
0 0.8112633181126332 0.573820395738204 0.0334855403348554 0.0273972602739726
0 0.9596651445966514 0.5365296803652968 0.0319634703196347 0.0350076103500761
0 0.6567732115677322 0.6095890410958904 0.0410958904109589 0.0410958904109589
0 0.1232876712328767 0.604261796042618 0.0365296803652968 0.045662100456621
0 0.2085235920852359 0.6712328767123288 0.0395738203957382 0.0334855403348554
0 0.10426179604261795 0.5098934550989346 0.0441400304414003 0.0426179604261796
0 0.2519025875190259 0.5114155251141552 0.0532724505327245 0.0517503805175038
0 0.8660578386605784 0.5121765601217656 0.0334855403348554 0.0350076103500761
0 0.5593607305936074 0.532724505327245 0.0410958904109589 0.0395738203957382
0 0.6971080669710806 0.4840182648401826 0.045662100456621 0.0487062404870624
0 0.4185692541856925 0.573820395738204 0.0578386605783866 0.0547945205479452
0 0.4474885844748858 0.5091324200913242 0.0517503805175038 0.0593607305936073
0 0.8188736681887366 0.4155251141552511 0.0487062404870624 0.0547945205479452
0 0.634703196347032 0.3964992389649924 0.045662100456621 0.0471841704718417
0 0.936834094368341 0.4025875190258752 0.0471841704718417 0.0532724505327245
0 0.8820395738203958 0.2831050228310502 0.0471841704718417 0.0578386605783866
0 0.6613394216133942 0.3066971080669711 0.0502283105022831 0.0441400304414003
0 0.5700152207001522 0.3546423135464231 0.0502283105022831 0.0517503805175038
0 0.4398782343987823 0.3614916286149163 0.0578386605783866 0.0502283105022831
0 0.3310502283105023 0.454337899543379 0.0593607305936073 0.0532724505327245
0 0.1004566210045662 0.4269406392694064 0.0578386605783866 0.0532724505327245
0 0.20776255707762556 0.3942161339421613 0.0532724505327245 0.0578386605783866
0 0.1293759512937595 0.3424657534246575 0.0517503805175038 0.0487062404870624
0 0.3363774733637747 0.2907153729071537 0.0578386605783866 0.0487062404870624
0 0.12557077625570776 0.2785388127853881 0.0593607305936073 0.045662100456621
0 0.3211567732115677 0.1872146118721461 0.0730593607305936 0.0517503805175038
0 0.21080669710806696 0.3371385083713851 0.0563165905631659 0.0502283105022831
0 0.5517503805175038 0.23059360730593606 0.0563165905631659 0.0593607305936073
0 0.22907153729071536 0.2267884322678843 0.0593607305936073 0.0639269406392694
0 0.5669710806697108 0.4573820395738204 0.0624048706240487 0.0563165905631659
0 0.7488584474885844 0.4307458143074581 0.060882800608828 0.0669710806697108
0 0.7617960426179604 0.3607305936073059 0.0563165905631659 0.0578386605783866
0 0.4421613394216134 0.14992389649923896 0.0502283105022831 0.0563165905631659
0 0.4916286149162861 0.1902587519025875 0.0639269406392694 0.0578386605783866
0 0.6133942161339422 0.23363774733637746 0.0578386605783866 0.0624048706240487
0 0.8401826484018264 0.1476407914764079 0.060882800608828 0.0517503805175038
0 0.578386605783866 0.04337899543378995 0.0730593607305936 0.0593607305936073
0 0.439117199391172 0.03424657534246575 0.0654490106544901 0.0563165905631659
0 0.13774733637747336 0.1917808219178082 0.0563165905631659 0.0578386605783866
0 0.2115677321156773 0.16057838660578386 0.0578386605783866 0.0563165905631659
0 0.2838660578386606 0.3721461187214612 0.0593607305936073 0.0684931506849315
0 0.4550989345509893 0.2686453576864536 0.0487062404870624 0.0502283105022831
0 0.7024353120243532 0.2070015220700152 0.0502283105022831 0.0547945205479452
0 0.8660578386605784 0.20928462709284626 0.0547945205479452 0.0441400304414003
0 0.8873668188736682 0.06773211567732115 0.0547945205479452 0.0654490106544901
0 0.7983257229832572 0.08904109589041095 0.0593607305936073 0.0532724505327245
0 0.3203957382039574 0.11491628614916286 0.0654490106544901 0.0563165905631659
0 0.3980213089802131 0.2313546423135464 0.0350076103500761 0.0426179604261796
0 0.6430745814307458 0.15220700152207 0.0684931506849315 0.0487062404870624
0 0.974124809741248 0.2701674277016743 0.0517503805175038 0.0624048706240487
0 0.6818873668188736 0.03576864535768645 0.060882800608828 0.0563165905631659
0 0.3097412480974125 0.04185692541856925 0.0745814307458143 0.0563165905631659
0 0.0289193302891933 0.2922374429223744 0.0578386605783866 0.0578386605783866
0 0.7191780821917808 0.1141552511415525 0.0624048706240487 0.060882800608828
0 0.4444444444444444 0.4345509893455099 0.0547945205479452 0.0502283105022831