1 0.3767123287671233 0.9513677811550152 0.1506849315068493 0.0972644376899696
1 0.14231354642313546 0.912613981762918 0.2815829528158295 0.1534954407294833
6 0.7526636225266362 0.4817629179331307 0.0715372907153729 0.0851063829787234
6 0.715372907153729 0.6033434650455927 0.060882800608828 0.0547112462006079
6 0.4452054794520548 0.6041033434650456 0.0745814307458143 0.05927051671732523
6 0.6575342465753424 0.37537993920972645 0.0395738203957382 0.0243161094224924
7 0.3561643835616438 0.6580547112462006 0.1187214611872146 0.08206686930091185
7 0.3455098934550989 0.581306990881459 0.076103500761035 0.04711246200607903
6 0.647640791476408 0.30775075987841943 0.0380517503805175 0.031914893617021274
6 0.5776255707762558 0.5022796352583586 0.0563165905631659 0.04711246200607903
7 0.8158295281582952 0.5889057750759878 0.1004566210045662 0.12310030395136778
6 0.8972602739726028 0.5866261398176292 0.0471841704718417 0.03343465045592705
6 0.9726027397260274 0.5881458966565349 0.0395738203957382 0.0547112462006079
1 0.908675799086758 0.3411854103343465 0.182648401826484 0.29027355623100304
1 0.0730593607305936 0.3670212765957447 0.1400304414003044 0.1778115501519757
1 0.2252663622526636 0.11626139817629179 0.0974124809741248 0.09270516717325228
5 0.7633181126331812 0.09498480243161095 0.3181126331811263 0.1899696048632219
0 0.9619482496194824 0.09422492401215805 0.076103500761035 0.182370820668693
5 0.06012176560121765 0.03115501519756839 0.1050228310502283 0.06231003039513678
5 0.07534246575342465 0.1656534954407295 0.1506849315068493 0.1884498480243161
5 0.21689497716894976 0.030395136778115502 0.1598173515981735 0.0547112462006079
5 0.4444444444444444 0.041033434650455926 0.1643835616438356 0.06990881458966565
5 0.4056316590563166 0.14209726443768997 0.2176560121765601 0.11094224924012158
5 0.4094368340943683 0.3670212765957447 0.2922374429223744 0.20212765957446807
0 0.906392694063927 0.7887537993920972 0.1872146118721461 0.23708206686930092
6 0.9353120243531202 0.5691489361702128 0.0258751902587519 0.025835866261398176