5 0.4094368340943683 0.7256838905775076 0.2831050228310502 0.2689969604863222
5 0.8850837138508372 0.22796352583586627 0.2298325722983257 0.25227963525835867
5 0.4984779299847793 0.16945288753799392 0.3850837138508371 0.33890577507598785
5 0.8576864535768646 0.4430091185410334 0.2298325722983257 0.1778115501519757
5 0.10730593607305935 0.7629179331306991 0.2085235920852359 0.23708206686930092
5 0.1415525114155251 0.5881458966565349 0.136986301369863 0.14893617021276595
5 0.6270928462709284 0.8723404255319149 0.2465753424657534 0.19148936170212766
5 0.8812785388127854 0.8951367781155015 0.2374429223744292 0.20972644376899696
5 0.908675799086758 0.7340425531914894 0.1004566210045662 0.11246200607902736
5 0.7511415525114156 0.7682370820668692 0.0928462709284627 0.11094224924012158
5 0.3622526636225266 0.5007598784194529 0.228310502283105 0.1656534954407295
5 0.22146118721461186 0.9118541033434651 0.1811263318112633 0.1762917933130699
5 0.3964992389649924 0.9399696048632219 0.1933028919330289 0.12006079027355623
5 0.6141552511415526 0.5493920972644377 0.2359208523592085 0.26595744680851063
5 0.6689497716894978 0.2887537993920973 0.1993911719939117 0.2188449848024316