5 0.24885844748858446 0.0426179604261796 0.1902587519025875 0.0852359208523592
5 0.08295281582952815 0.1050228310502283 0.1354642313546423 0.0974124809741248
7 0.0243531202435312 0.02663622526636225 0.0487062404870624 0.0410958904109589
5 0.439117199391172 0.2747336377473364 0.1019786910197869 0.0928462709284627
1 0.58675799086758 0.2686453576864536 0.1689497716894977 0.0958904109589041
5 0.5441400304414004 0.4003044140030441 0.1933028919330289 0.1187214611872146
1 0.545662100456621 0.6582952815829528 0.1476407914764079 0.1567732115677321
1 0.4025875190258752 0.7945205479452054 0.1354642313546423 0.1308980213089802
1 0.3546423135464231 0.8660578386605784 0.1126331811263318 0.1248097412480974
1 0.4162861491628615 0.9482496194824962 0.1385083713850837 0.1035007610350076
5 0.6902587519025876 0.3378995433789954 0.1324200913242009 0.1308980213089802
0 0.1415525114155251 0.2359208523592085 0.0639269406392694 0.1004566210045662
0 0.07686453576864535 0.22298325722983256 0.0806697108066971 0.0898021308980213
0 0.0228310502283105 0.2496194824961948 0.045662100456621 0.1095890410958904
0 0.2176560121765601 0.1278538812785388 0.0395738203957382 0.1156773211567732
0 0.3394216133942161 0.1765601217656012 0.060882800608828 0.091324200913242
0 0.2754946727549467 0.19710806697108066 0.0547945205479452 0.1111111111111111
0 0.22146118721461186 0.22907153729071536 0.0684931506849315 0.0958904109589041
0 0.16971080669710806 0.3249619482496195 0.1111111111111111 0.0563165905631659
0 0.06621004566210045 0.3295281582952816 0.0806697108066971 0.0837138508371385
0 0.04033485540334855 0.4977168949771689 0.0806697108066971 0.0791476407914764
0 0.1141552511415525 0.4315068493150685 0.0700152207001522 0.1050228310502283
0 0.0289193302891933 0.6765601217656012 0.0578386605783866 0.0624048706240487
0 0.0273972602739726 0.6057838660578386 0.0547945205479452 0.0791476407914764
0 0.3318112633181126 0.5464231354642314 0.0578386605783866 0.076103500761035
0 0.3242009132420091 0.4771689497716895 0.0639269406392694 0.0532724505327245
0 0.410958904109589 0.578386605783866 0.0700152207001522 0.0578386605783866
0 0.423896499238965 0.4528158295281583 0.0684931506849315 0.0898021308980213
0 0.2420091324200913 0.471841704718417 0.0578386605783866 0.0578386605783866
0 0.1354642313546423 0.6963470319634704 0.076103500761035 0.0624048706240487
0 0.20776255707762556 0.7024353120243532 0.0471841704718417 0.0776255707762557
0 0.1430745814307458 0.5966514459665144 0.0547945205479452 0.0791476407914764
0 0.21385083713850836 0.6484018264840182 0.0837138508371385 0.0578386605783866
0 0.0958904109589041 0.9680365296803652 0.0852359208523592 0.0639269406392694
0 0.0243531202435312 0.8378995433789954 0.0487062404870624 0.0745814307458143
0 0.3554033485540335 0.6293759512937596 0.0867579908675799 0.0350076103500761
0 0.3333333333333333 0.7115677321156774 0.0547945205479452 0.0471841704718417
1 0.4124809741248097 0.16057838660578386 0.1035007610350076 0.1080669710806697