7 0.7678843226788432 0.7831050228310502 0.1141552511415525 0.1902587519025875
2 0.878234398782344 0.9124809741248098 0.243531202435312 0.1506849315068493
2 0.756468797564688 0.4292237442922374 0.076103500761035 0.1004566210045662
2 0.6894977168949772 0.3318112633181126 0.0791476407914764 0.0852359208523592
2 0.7336377473363774 0.21385083713850836 0.0974124809741248 0.0806697108066971
2 0.815068493150685 0.3013698630136986 0.0837138508371385 0.0943683409436834
2 0.952054794520548 0.4140030441400304 0.0958904109589041 0.1126331811263318
2 0.8447488584474886 0.4680365296803653 0.0852359208523592 0.1324200913242009
2 0.8736681887366818 0.1050228310502283 0.1339421613394216 0.2100456621004566
2 0.928462709284627 0.2054794520547945 0.091324200913242 0.1308980213089802
0 0.910958904109589 0.6613394216133942 0.1780821917808219 0.2480974124809741