5 0.6975683890577508 0.07990867579908675 0.16109422492401215 0.1598173515981735
5 0.8563829787234043 0.0776255707762557 0.18085106382978725 0.1552511415525114
5 0.89209726443769 0.21993911719939116 0.182370820668693 0.1750380517503805
5 0.8761398176291794 0.8188736681887366 0.1474164133738602 0.2343987823439878
5 0.8791793313069909 0.5471841704718418 0.18693009118541035 0.1567732115677321
5 0.8639817629179332 0.7070015220700152 0.27203647416413373 0.1841704718417047
3 0.6398176291793313 0.8721461187214612 0.15501519756838905 0.2557077625570776
3 0.7583586626139818 0.9185692541856926 0.0790273556231003 0.1628614916286149
3 0.89209726443769 0.9710806697108066 0.182370820668693 0.0578386605783866
3 0.7393617021276596 0.2207001522070015 0.08966565349544073 0.0943683409436834
3 0.8001519756838906 0.3774733637747336 0.17477203647416414 0.197869101978691