0 0.0258751902587519 0.6960486322188449 0.0517503805175038 0.16717325227963525
0 0.1126331811263318 0.71580547112462 0.1126331811263318 0.1094224924012158
0 0.0624048706240487 0.8419452887537994 0.1248097412480974 0.09422492401215805
0 0.8181126331811264 0.6732522796352584 0.0958904109589041 0.09422492401215805
0 0.7321156773211568 0.7530395136778115 0.076103500761035 0.13221884498480244
0 0.819634703196347 0.7629179331306991 0.0928462709284627 0.08206686930091185
0 0.21993911719939116 0.041033434650455926 0.1506849315068493 0.08206686930091185
0 0.1050228310502283 0.057750759878419454 0.076103500761035 0.1094224924012158
1 0.713089802130898 0.5319148936170213 0.1872146118721461 0.17933130699088146
1 0.3272450532724505 0.601063829787234 0.1278538812785388 0.11094224924012158
1 0.4946727549467275 0.6246200607902735 0.197869101978691 0.16717325227963525
5 0.4733637747336377 0.4946808510638298 0.1187214611872146 0.06534954407294832
5 0.256468797564688 0.2682370820668693 0.1872146118721461 0.1595744680851064
7 0.3896499238964992 0.03267477203647416 0.1704718417047184 0.05927051671732523
1 0.0395738203957382 0.21200607902735563 0.0791476407914764 0.09270516717325228
1 0.08904109589041095 0.3533434650455927 0.1780821917808219 0.1595744680851064
5 0.3302891933028919 0.45364741641337386 0.1582952815829528 0.13221884498480244
5 0.621765601217656 0.1033434650455927 0.1689497716894977 0.2066869300911854
1 0.4741248097412481 0.2796352583586626 0.1445966514459665 0.1519756838905775
3 0.6940639269406392 0.3586626139817629 0.0730593607305936 0.0668693009118541
3 0.7792998477929984 0.3373860182370821 0.0974124809741248 0.1094224924012158