5 0.3386605783866058 0.48404255319148937 0.2754946727549467 0.2993920972644377
5 0.7298325722983258 0.7507598784194529 0.1750380517503805 0.1945288753799392
5 0.893455098934551 0.9202127659574468 0.213089802130898 0.1595744680851064
5 0.923896499238965 0.708966565349544 0.15220700152207 0.23860182370820668
5 0.9330289193302892 0.38677811550151975 0.1339421613394216 0.22036474164133737
5 0.09817351598173515 0.8974164133738601 0.1902587519025875 0.20516717325227962
5 0.136986301369863 0.7074468085106383 0.273972602739726 0.27203647416413373
5 0.24581430745814306 0.18617021276595744 0.1841704718417047 0.25379939209726443
5 0.426179604261796 0.16793313069908813 0.1339421613394216 0.2872340425531915
5 0.6316590563165906 0.18085106382978725 0.2526636225266362 0.3525835866261398
5 0.8896499238964992 0.13677811550151975 0.2207001522070015 0.2735562310030395