5 0.821917808219178 0.8767123287671232 0.136986301369863 0.1461187214611872
6 0.624048706240487 0.8409436834094368 0.0182648401826484 0.0167427701674277
6 0.6484018264840182 0.8508371385083714 0.0121765601217656 0.0121765601217656
6 0.6073059360730594 0.8584474885844748 0.015220700152207 0.0121765601217656
5 0.9733637747336378 0.556316590563166 0.0532724505327245 0.0989345509893455
5 0.9528158295281582 0.9360730593607306 0.0943683409436834 0.1278538812785388
5 0.708523592085236 0.3280060882800609 0.0989345509893455 0.1171993911719939
5 0.7633181126331812 0.3614916286149163 0.0532724505327245 0.0624048706240487
5 0.9117199391171994 0.3257229832572298 0.106544901065449 0.0852359208523592
5 0.6925418569254186 0.4193302891933029 0.091324200913242 0.0806697108066971
5 0.7496194824961948 0.4916286149162861 0.1719939117199391 0.0578386605783866
5 0.7808219178082192 0.439117199391172 0.0730593607305936 0.0654490106544901
5 0.8835616438356164 0.423896499238965 0.0867579908675799 0.0837138508371385
5 0.852359208523592 0.09208523592085235 0.1613394216133942 0.0776255707762557
1 0.867579908675799 0.030441400304414 0.0852359208523592 0.0578386605783866
5 0.3356164383561644 0.286910197869102 0.1232876712328767 0.0958904109589041
5 0.2808219178082192 0.2070015220700152 0.1111111111111111 0.0700152207001522
5 0.2207001522070015 0.1019786910197869 0.0974124809741248 0.1126331811263318
5 0.5083713850837138 0.3911719939117199 0.1095890410958904 0.1248097412480974
5 0.512937595129376 0.2808219178082192 0.0639269406392694 0.0684931506849315
5 0.578386605783866 0.3904109589041096 0.0821917808219178 0.0624048706240487
5 0.5799086757990868 0.3417047184170472 0.0882800608828006 0.1171993911719939