1 0.700152207001522 0.6057838660578386 0.1948249619482496 0.1856925418569254
5 0.5388127853881278 0.8340943683409436 0.228310502283105 0.3318112633181126
5 0.6986301369863014 0.8569254185692542 0.0821917808219178 0.2465753424657534
5 0.7785388127853882 0.8569254185692542 0.0776255707762557 0.2861491628614916
5 0.882800608828006 0.9330289193302892 0.1278538812785388 0.1339421613394216
5 0.243531202435312 0.23211567732115676 0.1735159817351598 0.1537290715372907
5 0.2572298325722983 0.4223744292237443 0.1095890410958904 0.0989345509893455
5 0.08143074581430745 0.8843226788432268 0.1628614916286149 0.2222222222222222
5 0.2161339421613394 0.8584474885844748 0.1095890410958904 0.1400304414003044
5 0.08295281582952815 0.7199391171993912 0.1506849315068493 0.091324200913242
5 0.2998477929984779 0.6757990867579908 0.1400304414003044 0.197869101978691
5 0.167427701674277 0.6407914764079148 0.0669710806697108 0.0730593607305936
5 0.0593607305936073 0.6073059360730594 0.1004566210045662 0.1095890410958904
5 0.18340943683409436 0.5296803652968036 0.1293759512937595 0.1308980213089802
5 0.4497716894977169 0.393455098934551 0.1506849315068493 0.1354642313546423
5 0.5350076103500762 0.5251141552511416 0.1476407914764079 0.1430745814307458
5 0.6407914764079148 0.4482496194824962 0.1856925418569254 0.0898021308980213
5 0.5958904109589042 0.3127853881278539 0.1598173515981735 0.1445966514459665
5 0.571537290715373 0.16514459665144596 0.2328767123287671 0.1232876712328767
5 0.3554033485540335 0.0928462709284627 0.1293759512937595 0.1461187214611872
5 0.1948249619482496 0.0715372907153729 0.1339421613394216 0.121765601217656
0 0.9604261796042618 0.815068493150685 0.0791476407914764 0.1598173515981735