5 0.8508371385083714 0.6894977168949772 0.0578386605783866 0.1248097412480974
5 0.776255707762557 0.6925418569254186 0.060882800608828 0.1004566210045662
5 0.5852359208523592 0.665144596651446 0.0867579908675799 0.1004566210045662
5 0.8721461187214612 0.5829528158295282 0.0578386605783866 0.060882800608828
5 0.7275494672754946 0.4984779299847793 0.1552511415525114 0.1963470319634703
5 0.987062404870624 0.5114155251141552 0.0258751902587519 0.0943683409436834
5 0.8584474885844748 0.936834094368341 0.0517503805175038 0.0563165905631659
5 0.3546423135464231 0.8295281582952816 0.2009132420091324 0.136986301369863
5 0.3127853881278539 0.728310502283105 0.0410958904109589 0.0502283105022831
5 0.2831050228310502 0.9360730593607306 0.2343987823439878 0.1248097412480974
5 0.1948249619482496 0.8447488584474886 0.0395738203957382 0.0426179604261796
5 0.18645357686453576 0.6811263318112634 0.1750380517503805 0.1385083713850837
5 0.4505327245053272 0.6027397260273972 0.1278538812785388 0.2039573820395738
5 0.5144596651445966 0.8424657534246576 0.106544901065449 0.1445966514459665
5 0.8120243531202436 0.8356164383561644 0.1232876712328767 0.1308980213089802
5 0.9360730593607306 0.821917808219178 0.1278538812785388 0.1643835616438356
5 0.9421613394216134 0.9505327245053272 0.1156773211567732 0.0837138508371385
5 0.7701674277016742 0.9642313546423136 0.1400304414003044 0.0715372907153729
5 0.4467275494672755 0.9459665144596652 0.0867579908675799 0.0837138508371385
5 0.6012176560121766 0.9665144596651446 0.1917808219178082 0.0669710806697108
5 0.6484018264840182 0.878234398782344 0.1461187214611872 0.0730593607305936
5 0.0547945205479452 0.943683409436834 0.106544901065449 0.1126331811263318
5 0.0502283105022831 0.5525114155251142 0.0943683409436834 0.1887366818873668
5 0.2960426179604262 0.5662100456621004 0.1263318112633181 0.1917808219178082