5 0.5007610350076104 0.6025835866261399 0.0882800608828006 0.08662613981762918
5 0.4132420091324201 0.8472644376899696 0.0684931506849315 0.08054711246200608
5 0.2671232876712329 0.9338905775075987 0.1841704718417047 0.12613981762917933
5 0.9094368340943684 0.6231003039513677 0.1659056316590563 0.11246200607902736
5 0.24429223744292236 0.24468085106382978 0.4885844748858447 0.3495440729483283
5 0.0745814307458143 0.5775075987841946 0.1491628614916286 0.2887537993920973
5 0.2191780821917808 0.628419452887538 0.1035007610350076 0.12917933130699089
5 0.17427701674277016 0.78419452887538 0.1811263318112633 0.09422492401215805
5 0.3074581430745814 0.7332826747720365 0.0700152207001522 0.11702127659574468
5 0.91324200913242 0.30015197568389057 0.1735159817351598 0.5
5 0.9269406392694064 0.8404255319148937 0.1461187214611872 0.2887537993920973
5 0.5601217656012176 0.736322188449848 0.1582952815829528 0.12613981762917933
5 0.4178082191780822 0.75 0.0989345509893455 0.09574468085106383
5 0.5905631659056316 0.9194528875379939 0.2404870624048706 0.16109422492401215
5 0.4170471841704718 0.9452887537993921 0.1004566210045662 0.08814589665653495
5 0.7876712328767124 0.9468085106382979 0.1263318112633181 0.10638297872340426
5 0.6986301369863014 0.7674772036474165 0.1004566210045662 0.1580547112462006
5 0.8082191780821918 0.8449848024316109 0.0974124809741248 0.06990881458966565