5 0.8546423135464232 0.9330289193302892 0.1415525114155251 0.1339421613394216
5 0.6491628614916286 0.9208523592085236 0.2298325722983257 0.1582952815829528
5 0.5403348554033486 0.786910197869102 0.1613394216133942 0.1461187214611872
5 0.667427701674277 0.7785388127853882 0.0654490106544901 0.0715372907153729
5 0.8774733637747336 0.7754946727549468 0.1537290715372907 0.1841704718417047
5 0.547945205479452 0.632420091324201 0.1400304414003044 0.1171993911719939
5 0.4703196347031963 0.5426179604261796 0.1552511415525114 0.1933028919330289
5 0.7899543378995434 0.3858447488584475 0.1004566210045662 0.1232876712328767
5 0.7557077625570776 0.5213089802130898 0.1293759512937595 0.1567732115677321
5 0.878234398782344 0.54337899543379 0.1735159817351598 0.182648401826484
5 0.9383561643835616 0.3226788432267884 0.1232876712328767 0.167427701674277
5 0.5487062404870624 0.182648401826484 0.1750380517503805 0.1552511415525114
5 0.5015220700152208 0.3447488584474886 0.1354642313546423 0.1445966514459665
5 0.6430745814307458 0.3645357686453577 0.1598173515981735 0.1598173515981735
5 0.693302891933029 0.2503805175038052 0.1598173515981735 0.1050228310502283
0 0.3576864535768645 0.24277016742770166 0.2009132420091324 0.1963470319634703