5 0.0593607305936073 0.02815829528158295 0.1187214611872146 0.0563165905631659
5 0.3797564687975647 0.5190258751902588 0.0776255707762557 0.1095890410958904
5 0.24581430745814306 0.5898021308980214 0.0898021308980213 0.0989345509893455
5 0.7298325722983258 0.5540334855403348 0.0867579908675799 0.1308980213089802
5 0.9490106544901066 0.3462709284627093 0.1019786910197869 0.1293759512937595
5 0.723744292237443 0.10121765601217655 0.1293759512937595 0.1232876712328767
5 0.5464231354642314 0.1841704718417047 0.1856925418569254 0.2252663622526636
5 0.213089802130898 0.05403348554033485 0.1461187214611872 0.1019786910197869
5 0.0273972602739726 0.821917808219178 0.0547945205479452 0.1491628614916286
1 0.2853881278538813 0.21841704718417046 0.1811263318112633 0.1202435312024353
1 0.121765601217656 0.22602739726027396 0.121765601217656 0.0837138508371385
1 0.1628614916286149 0.3607305936073059 0.1461187214611872 0.136986301369863
1 0.3310502283105023 0.3340943683409437 0.1385083713850837 0.0837138508371385
1 0.8683409436834094 0.1461187214611872 0.0989345509893455 0.1461187214611872
5 0.09512937595129375 0.6210045662100456 0.1872146118721461 0.2191780821917808
1 0.9383561643835616 0.5943683409436834 0.0928462709284627 0.1050228310502283
1 0.7092846270928462 0.8143074581430746 0.0517503805175038 0.0791476407914764
1 0.7549467275494672 0.7123287671232876 0.0639269406392694 0.076103500761035
1 0.8280060882800608 0.6407914764079148 0.0669710806697108 0.1156773211567732
1 0.8668188736681888 0.7937595129375952 0.0776255707762557 0.0928462709284627
1 0.9611872146118722 0.8904109589041096 0.0776255707762557 0.1187214611872146
1 0.1324200913242009 0.8904109589041096 0.0943683409436834 0.106544901065449
1 0.332572298325723 0.8272450532724506 0.0898021308980213 0.1171993911719939
1 0.4710806697108067 0.8356164383561644 0.0867579908675799 0.1004566210045662
1 0.4079147640791476 0.9459665144596652 0.076103500761035 0.0806697108066971
1 0.6232876712328768 0.7275494672754946 0.0776255707762557 0.1004566210045662
1 0.5692541856925418 0.9155251141552512 0.076103500761035 0.0502283105022831
1 0.7625570776255708 0.9611872146118722 0.0791476407914764 0.0776255707762557
1 0.6438356164383562 0.8447488584474886 0.0547945205479452 0.0821917808219178
1 0.8569254185692542 0.895738203957382 0.0730593607305936 0.0532724505327245
1 0.60882800608828 0.9794520547945206 0.076103500761035 0.0410958904109589
1 0.2777777777777778 0.9459665144596652 0.1019786910197869 0.1080669710806697
5 0.8378995433789954 0.4794520547945205 0.1141552511415525 0.1095890410958904
1 0.7952815829528158 0.3424657534246575 0.1050228310502283 0.1308980213089802
5 0.9619482496194824 0.7016742770167428 0.076103500761035 0.0791476407914764