0 0.4025875190258752 0.4855403348554033 0.0776255707762557 0.0365296803652968
0 0.4665144596651446 0.4885844748858447 0.0593607305936073 0.0517503805175038
0 0.4512937595129376 0.547945205479452 0.0898021308980213 0.0730593607305936
0 0.2838660578386606 0.6179604261796042 0.1111111111111111 0.0730593607305936
0 0.3691019786910198 0.6035007610350076 0.0502283105022831 0.0898021308980213
0 0.4436834094368341 0.6141552511415526 0.0745814307458143 0.0380517503805175
0 0.3203957382039574 0.6719939117199392 0.0654490106544901 0.0289193302891933
0 0.3911719939117199 0.7047184170471842 0.0487062404870624 0.1035007610350076
0 0.3203957382039574 0.7815829528158296 0.0593607305936073 0.0806697108066971
0 0.380517503805175 0.7831050228310502 0.045662100456621 0.0563165905631659
0 0.484779299847793 0.6757990867579908 0.0837138508371385 0.0426179604261796
0 0.4642313546423135 0.726027397260274 0.076103500761035 0.0578386605783866
0 0.5319634703196348 0.589041095890411 0.0867579908675799 0.0639269406392694
0 0.4315068493150685 0.4406392694063927 0.0867579908675799 0.0471841704718417
0 0.5981735159817352 0.6750380517503806 0.1308980213089802 0.0776255707762557
0 0.5532724505327246 0.7503805175038052 0.0958904109589041 0.0547945205479452
0 0.6103500761035008 0.5806697108066972 0.0700152207001522 0.0867579908675799
0 0.6590563165905632 0.5905631659056316 0.0243531202435312 0.060882800608828
0 0.693302891933029 0.621765601217656 0.0380517503805175 0.0776255707762557
0 0.7595129375951294 0.6659056316590564 0.0974124809741248 0.0928462709284627
0 0.730593607305936 0.6331811263318112 0.030441400304414 0.0547945205479452
0 0.9459665144596652 0.4421613394216134 0.0958904109589041 0.1293759512937595
0 0.799847792998478 0.5502283105022832 0.0684931506849315 0.0684931506849315
0 0.9231354642313546 0.5662100456621004 0.0684931506849315 0.0639269406392694
0 0.8645357686453576 0.573820395738204 0.0395738203957382 0.045662100456621
0 0.832572298325723 0.6270928462709284 0.060882800608828 0.0547945205479452
0 0.9223744292237442 0.6811263318112634 0.091324200913242 0.0593607305936073
0 0.9398782343987824 0.624048706240487 0.0471841704718417 0.0578386605783866
0 0.6133942161339422 0.7823439878234398 0.0730593607305936 0.0821917808219178
0 0.852359208523592 0.758751902587519 0.0791476407914764 0.0776255707762557
0 0.9459665144596652 0.8394216133942162 0.1080669710806697 0.1171993911719939
5 0.9299847792998478 0.9535768645357686 0.136986301369863 0.0928462709284627
0 0.4094368340943683 0.9733637747336378 0.0426179604261796 0.0441400304414003
0 0.4573820395738204 0.9687975646879756 0.0410958904109589 0.0502283105022831
0 0.7359208523592086 0.7656012176560122 0.0806697108066971 0.076103500761035
0 0.6902587519025876 0.8363774733637748 0.0928462709284627 0.0410958904109589
0 0.8158295281582952 0.8622526636225266 0.1156773211567732 0.0837138508371385
0 0.7115677321156774 0.926179604261796 0.0776255707762557 0.0715372907153729
0 0.6210045662100456 0.9558599695585996 0.091324200913242 0.076103500761035
0 0.5205479452054794 0.8789954337899544 0.0943683409436834 0.0776255707762557
0 0.4056316590563166 0.8896499238964992 0.1111111111111111 0.0898021308980213
0 0.5342465753424658 0.9611872146118722 0.0547945205479452 0.0471841704718417
0 0.1385083713850837 0.9604261796042618 0.0700152207001522 0.0791476407914764