5 0.654490106544901 0.2747336377473364 0.182648401826484 0.1993911719939117
5 0.4741248097412481 0.0410958904109589 0.1537290715372907 0.0821917808219178
5 0.2085235920852359 0.0563165905631659 0.1552511415525114 0.1095890410958904
5 0.2465753424657534 0.2617960426179604 0.1156773211567732 0.136986301369863
0 0.1598173515981735 0.7168949771689498 0.1613394216133942 0.2191780821917808
0 0.04490106544901065 0.802130898021309 0.0867579908675799 0.3866057838660578
1 0.2648401826484018 0.8683409436834094 0.091324200913242 0.0624048706240487
1 0.3668188736681887 0.9101978691019786 0.1126331811263318 0.1156773211567732
1 0.14535768645357686 0.8942161339421614 0.0928462709284627 0.0624048706240487
5 0.393455098934551 0.5958904109589042 0.1415525114155251 0.1780821917808219
5 0.6095890410958904 0.0410958904109589 0.1019786910197869 0.0821917808219178
5 0.3546423135464231 0.04642313546423135 0.076103500761035 0.0745814307458143
5 0.06012176560121765 0.0791476407914764 0.1171993911719939 0.1582952815829528
5 0.03272450532724505 0.2496194824961948 0.0654490106544901 0.1248097412480974
5 0.1354642313546423 0.271689497716895 0.0943683409436834 0.1263318112633181
5 0.091324200913242 0.393455098934551 0.1095890410958904 0.1050228310502283
5 0.20319634703196346 0.4094368340943683 0.0958904109589041 0.091324200913242
5 0.1567732115677321 0.5091324200913242 0.1308980213089802 0.0563165905631659
5 0.2762557077625571 0.5684931506849316 0.1050228310502283 0.1171993911719939
5 0.4231354642313546 0.4649923896499239 0.1187214611872146 0.0624048706240487
5 0.3272450532724505 0.7519025875190258 0.1461187214611872 0.1308980213089802
5 0.6735159817351598 0.4337899543378995 0.1415525114155251 0.1035007610350076
5 0.471841704718417 0.1780821917808219 0.1004566210045662 0.0791476407914764
0 0.3455098934550989 0.3873668188736682 0.136986301369863 0.0806697108066971
0 0.6917808219178082 0.5692541856925418 0.1659056316590563 0.121765601217656
0 0.578386605783866 0.700152207001522 0.1765601217656012 0.0943683409436834
0 0.5228310502283106 0.8409436834094368 0.1324200913242009 0.1019786910197869
0 0.69558599695586 0.8812785388127854 0.1765601217656012 0.2070015220700152
0 0.9558599695585996 0.182648401826484 0.0882800608828006 0.1278538812785388
5 0.8843226788432268 0.2648401826484018 0.0791476407914764 0.1187214611872146
5 0.8356164383561644 0.0395738203957382 0.3287671232876712 0.0669710806697108
5 0.7199391171993912 0.13013698630136986 0.197869101978691 0.0867579908675799
5 0.7945205479452054 0.3158295281582953 0.0730593607305936 0.2176560121765601
0 0.9649923896499238 0.4490106544901065 0.0700152207001522 0.1491628614916286
5 0.832572298325723 0.4817351598173516 0.1126331811263318 0.0715372907153729
5 0.8850837138508372 0.4101978691019787 0.0776255707762557 0.0593607305936073
7 0.532724505327245 0.9786910197869102 0.1582952815829528 0.0365296803652968
7 0.20776255707762556 0.9771689497716894 0.1811263318112633 0.045662100456621
0 0.8736681887366818 0.952054794520548 0.15220700152207 0.0958904109589041
0 0.9398782343987824 0.8386605783866058 0.1202435312024353 0.1156773211567732
0 0.834855403348554 0.8401826484018264 0.0958904109589041 0.1126331811263318
0 0.7397260273972602 0.7123287671232876 0.1187214611872146 0.121765601217656
0 0.8919330289193302 0.58675799086758 0.2100456621004566 0.1171993911719939
5 0.4901065449010654 0.3356164383561644 0.106544901065449 0.1080669710806697
5 0.3668188736681887 0.2732115677321157 0.0943683409436834 0.0898021308980213
0 0.0410958904109589 0.5342465753424658 0.0821917808219178 0.1430745814307458