5 0.9474885844748858 0.06468797564687975 0.0928462709284627 0.0989345509893455
5 0.9277016742770168 0.18949771689497716 0.0715372907153729 0.0958904109589041
5 0.9634703196347032 0.2914764079147641 0.0730593607305936 0.1385083713850837
5 0.8584474885844748 0.3158295281582953 0.1156773211567732 0.0958904109589041
5 0.8881278538812786 0.4010654490106545 0.0928462709284627 0.0837138508371385
5 0.9474885844748858 0.4840182648401826 0.0715372907153729 0.1278538812785388
5 0.8417047184170472 0.5806697108066972 0.106544901065449 0.1232876712328767
5 0.9512937595129376 0.8181126331811264 0.091324200913242 0.1506849315068493
5 0.8280060882800608 0.880517503805175 0.106544901065449 0.1019786910197869
5 0.9512937595129376 0.952054794520548 0.0974124809741248 0.0837138508371385
5 0.7267884322678844 0.3333333333333333 0.0989345509893455 0.1004566210045662
5 0.7663622526636226 0.23668188736681886 0.0928462709284627 0.0898021308980213
5 0.837138508371385 0.15601217656012176 0.106544901065449 0.1232876712328767
5 0.821917808219178 0.04490106544901065 0.0974124809741248 0.0715372907153729
5 0.7526636225266362 0.4337899543378995 0.1111111111111111 0.0882800608828006
5 0.6864535768645358 0.5449010654490106 0.1095890410958904 0.1095890410958904
5 0.621765601217656 0.7092846270928462 0.1050228310502283 0.1187214611872146
5 0.6864535768645358 0.6582952815829528 0.0882800608828006 0.0715372907153729
5 0.6103500761035008 0.928462709284627 0.0882800608828006 0.076103500761035
5 0.6225266362252664 0.8432267884322678 0.0882800608828006 0.0669710806697108
5 0.510654490106545 0.9452054794520548 0.0898021308980213 0.0669710806697108
5 0.541095890410959 0.5692541856925418 0.1019786910197869 0.1004566210045662
5 0.6027397260273972 0.4680365296803653 0.1035007610350076 0.0776255707762557
5 0.02511415525114155 0.15753424657534246 0.0502283105022831 0.1567732115677321
5 0.02207001522070015 0.3066971080669711 0.0441400304414003 0.0745814307458143
5 0.1080669710806697 0.426179604261796 0.1461187214611872 0.0821917808219178
5 0.1278538812785388 0.3417047184170472 0.0974124809741248 0.1202435312024353
5 0.2808219178082192 0.5365296803652968 0.1080669710806697 0.1111111111111111
5 0.1506849315068493 0.5898021308980214 0.0821917808219178 0.1263318112633181
5 0.2800608828006088 0.7207001522070016 0.136986301369863 0.0928462709284627
5 0.3082191780821918 0.8059360730593608 0.1263318112633181 0.0441400304414003
5 0.06316590563165905 0.7473363774733638 0.1111111111111111 0.1156773211567732
5 0.07990867579908675 0.926179604261796 0.1111111111111111 0.0776255707762557
5 0.1263318112633181 0.8538812785388128 0.0852359208523592 0.0700152207001522
5 0.197869101978691 0.9421613394216134 0.0639269406392694 0.0852359208523592
5 0.1933028919330289 0.8554033485540334 0.0852359208523592 0.0882800608828006
5 0.03576864535768645 0.571537290715373 0.0715372907153729 0.1841704718417047
6 0.2724505327245053 0.05098934550989345 0.0182648401826484 0.0228310502283105
6 0.2207001522070015 0.11643835616438356 0.0213089802130898 0.0197869101978691
6 0.1856925418569254 0.0928462709284627 0.0182648401826484 0.0182648401826484
6 0.3759512937595129 0.17275494672754946 0.015220700152207 0.0167427701674277
6 0.1476407914764079 0.10578386605783865 0.0243531202435312 0.0167427701674277
6 0.258751902587519 0.1202435312024353 0.0182648401826484 0.015220700152207
6 0.6278538812785388 0.07077625570776255 0.0106544901065449 0.0106544901065449
6 0.647640791476408 0.0334855403348554 0.0076103500761035 0.0091324200913242
6 0.3614916286149163 0.11339421613394216 0.0106544901065449 0.0106544901065449