5 0.7161339421613394 0.05098934550989345 0.1385083713850837 0.0928462709284627
5 0.5776255707762558 0.0502283105022831 0.0989345509893455 0.1004566210045662
5 0.4497716894977169 0.0471841704718417 0.1019786910197869 0.076103500761035
5 0.34779299847793 0.07229832572298325 0.0837138508371385 0.1263318112633181
5 0.4931506849315068 0.1354642313546423 0.0974124809741248 0.0730593607305936
5 0.2968036529680365 0.20015220700152206 0.091324200913242 0.1445966514459665
5 0.08599695585996955 0.3713850837138508 0.0745814307458143 0.1278538812785388
5 0.1719939117199391 0.3066971080669711 0.1126331811263318 0.1019786910197869
5 0.4231354642313546 0.286910197869102 0.091324200913242 0.0867579908675799
5 0.6506849315068494 0.3888888888888889 0.0684931506849315 0.0745814307458143
5 0.54337899543379 0.22602739726027396 0.0852359208523592 0.0989345509893455
5 0.7070015220700152 0.3188736681887367 0.0928462709284627 0.0928462709284627
5 0.8919330289193302 0.5449010654490106 0.0730593607305936 0.1156773211567732
5 0.8797564687975646 0.4619482496194825 0.0821917808219178 0.0806697108066971
5 0.971841704718417 0.5471841704718418 0.0563165905631659 0.1202435312024353
5 0.7678843226788432 0.5395738203957382 0.1111111111111111 0.1050228310502283
5 0.8995433789954338 0.745814307458143 0.0700152207001522 0.0700152207001522
5 0.9657534246575342 0.7031963470319634 0.0684931506849315 0.1187214611872146
5 0.8447488584474886 0.6879756468797564 0.1156773211567732 0.1308980213089802
5 0.6712328767123288 0.9474885844748858 0.0852359208523592 0.0776255707762557
5 0.6788432267884322 0.8584474885844748 0.0852359208523592 0.0852359208523592
5 0.7557077625570776 0.7777777777777778 0.0684931506849315 0.0943683409436834
5 0.6537290715372908 0.73896499238965 0.0867579908675799 0.0958904109589041
5 0.7427701674277016 0.6621004566210046 0.045662100456621 0.0547945205479452
5 0.7960426179604262 0.8972602739726028 0.0730593607305936 0.0776255707762557
5 0.8835616438356164 0.865296803652968 0.0806697108066971 0.0806697108066971
5 0.958904109589041 0.8318112633181126 0.0700152207001522 0.0867579908675799
5 0.9482496194824962 0.952054794520548 0.0882800608828006 0.0958904109589041
5 0.5213089802130898 0.4277016742770167 0.1324200913242009 0.121765601217656
5 0.2161339421613394 0.4497716894977169 0.1004566210045662 0.0958904109589041
5 0.2983257229832572 0.4223744292237443 0.0730593607305936 0.0745814307458143
5 0.0532724505327245 0.530441400304414 0.106544901065449 0.0928462709284627
5 0.2207001522070015 0.5791476407914764 0.0943683409436834 0.0867579908675799
5 0.060882800608828 0.6765601217656012 0.091324200913242 0.0928462709284627
5 0.0684931506849315 0.7990867579908676 0.0791476407914764 0.0882800608828006
5 0.09056316590563165 0.9269406392694064 0.0837138508371385 0.0943683409436834
5 0.18797564687975646 0.7077625570776256 0.0806697108066971 0.0852359208523592
5 0.365296803652968 0.5547945205479452 0.0700152207001522 0.0593607305936073
5 0.3074581430745814 0.7343987823439878 0.0882800608828006 0.0837138508371385
5 0.3744292237442922 0.667427701674277 0.091324200913242 0.0745814307458143
5 0.20015220700152206 0.8531202435312024 0.0776255707762557 0.0745814307458143
5 0.4665144596651446 0.7359208523592086 0.0715372907153729 0.0776255707762557
5 0.54337899543379 0.6689497716894978 0.0730593607305936 0.0776255707762557
5 0.5570776255707762 0.893455098934551 0.1308980213089802 0.0943683409436834
5 0.423896499238965 0.9025875190258752 0.0837138508371385 0.0852359208523592
5 0.3226788432267884 0.89117199391172 0.1004566210045662 0.0898021308980213
5 0.2343987823439878 0.9581430745814308 0.0943683409436834 0.0837138508371385
7 0.10882800608828005 0.0547945205479452 0.0289193302891933 0.0243531202435312
7 0.0517503805175038 0.0624048706240487 0.0213089802130898 0.0182648401826484
7 0.2039573820395738 0.0852359208523592 0.0243531202435312 0.0182648401826484
7 0.060882800608828 0.1506849315068493 0.0334855403348554 0.0243531202435312
7 0.01598173515981735 0.1811263318112633 0.0319634703196347 0.0273972602739726
7 0.23972602739726026 0.0395738203957382 0.0289193302891933 0.0273972602739726
7 0.8683409436834094 0.2267884322678843 0.0289193302891933 0.0273972602739726
7 0.8242009132420092 0.256468797564688 0.0410958904109589 0.0350076103500761
7 0.89117199391172 0.2914764079147641 0.0380517503805175 0.0319634703196347
7 0.8576864535768646 0.3302891933028919 0.0350076103500761 0.0273972602739726
7 0.9307458143074582 0.3249619482496195 0.0319634703196347 0.0289193302891933
7 0.8592085235920852 0.3668188736681887 0.0380517503805175 0.0273972602739726
7 0.9079147640791476 0.22298325722983256 0.0228310502283105 0.0319634703196347
7 0.9703196347031964 0.3789954337899543 0.0380517503805175 0.0273972602739726
7 0.9558599695585996 0.2009132420091324 0.0213089802130898 0.0213089802130898
6 0.9345509893455098 0.18797564687975646 0.0121765601217656 0.0106544901065449
6 0.9535768645357686 0.14231354642313546 0.0076103500761035 0.0076103500761035
6 0.9703196347031964 0.1415525114155251 0.0106544901065449 0.0091324200913242
6 0.0852359208523592 0.0974124809741248 0.015220700152207 0.0121765601217656
6 0.01141552511415525 0.07534246575342465 0.0106544901065449 0.0106544901065449
6 0.0060882800608828 0.1506849315068493 0.0091324200913242 0.0121765601217656
6 0.2100456621004566 0.0547945205479452 0.0091324200913242 0.0121765601217656
6 0.1689497716894977 0.10121765601217655 0.0121765601217656 0.0106544901065449
5 0.636986301369863 0.18949771689497716 0.0624048706240487 0.0563165905631659