5 0.8226788432267884 0.5509893455098934 0.0837138508371385 0.091324200913242
5 0.8059360730593608 0.4665144596651446 0.0776255707762557 0.0837138508371385
5 0.84779299847793 0.4003044140030441 0.0943683409436834 0.0943683409436834
5 0.9124809741248098 0.563165905631659 0.0624048706240487 0.0943683409436834
5 0.895738203957382 0.4954337899543379 0.0776255707762557 0.0806697108066971
5 0.3797564687975647 0.6377473363774734 0.1628614916286149 0.1248097412480974
5 0.3797564687975647 0.7656012176560122 0.0958904109589041 0.0974124809741248
5 0.2686453576864536 0.9200913242009132 0.0867579908675799 0.0776255707762557
5 0.3356164383561644 0.8789954337899544 0.0958904109589041 0.0593607305936073
5 0.20319634703196346 0.8713850837138508 0.0837138508371385 0.0837138508371385
5 0.16362252663622526 0.7480974124809742 0.0654490106544901 0.0532724505327245
5 0.2146118721461187 0.8051750380517504 0.0669710806697108 0.0517503805175038
5 0.2701674277016743 0.4307458143074581 0.0867579908675799 0.1278538812785388
5 0.3455098934550989 0.319634703196347 0.0974124809741248 0.121765601217656
5 0.3006088280060883 0.13013698630136986 0.1202435312024353 0.1050228310502283
5 0.2694063926940639 0.04033485540334855 0.1552511415525114 0.0806697108066971
5 0.593607305936073 0.17123287671232876 0.1248097412480974 0.1111111111111111
5 0.487062404870624 0.03272450532724505 0.197869101978691 0.0654490106544901
5 0.1095890410958904 0.4018264840182648 0.1339421613394216 0.1704718417047184
5 0.0350076103500761 0.4863013698630137 0.0669710806697108 0.1232876712328767
5 0.0334855403348554 0.2617960426179604 0.0639269406392694 0.0821917808219178
5 0.0182648401826484 0.3866057838660578 0.0365296803652968 0.0700152207001522
5 0.04794520547945205 0.776255707762557 0.0776255707762557 0.1491628614916286
5 0.13622526636225266 0.665144596651446 0.0624048706240487 0.0791476407914764
5 0.2267884322678843 0.6270928462709284 0.1095890410958904 0.1035007610350076
5 0.2496194824961948 0.73896499238965 0.0700152207001522 0.0715372907153729
5 0.01902587519025875 0.647640791476408 0.0380517503805175 0.0715372907153729
5 0.1293759512937595 0.19254185692541856 0.1095890410958904 0.1050228310502283
6 0.4908675799086758 0.1141552511415525 0.0197869101978691 0.0182648401826484
6 0.4885844748858447 0.1445966514459665 0.0273972602739726 0.0213089802130898
6 0.4726027397260274 0.1187214611872146 0.0167427701674277 0.0091324200913242
6 0.4292237442922374 0.09969558599695585 0.015220700152207 0.0167427701674277
6 0.4071537290715373 0.11643835616438356 0.0136986301369863 0.0136986301369863
6 0.4117199391171994 0.1430745814307458 0.0106544901065449 0.0091324200913242
6 0.4284627092846271 0.15220700152207 0.0106544901065449 0.0091324200913242
6 0.4231354642313546 0.1735159817351598 0.0182648401826484 0.0182648401826484
6 0.3888888888888889 0.2054794520547945 0.0136986301369863 0.015220700152207
6 0.4315068493150685 0.21385083713850836 0.0167427701674277 0.0136986301369863
6 0.4124809741248097 0.256468797564688 0.0213089802130898 0.0136986301369863
6 0.3995433789954338 0.2404870624048706 0.0167427701674277 0.0121765601217656
6 0.4223744292237443 0.23972602739726026 0.0136986301369863 0.0197869101978691
6 0.4307458143074581 0.2876712328767123 0.0213089802130898 0.0182648401826484
6 0.4878234398782344 0.17732115677321156 0.0076103500761035 0.0167427701674277
6 0.5730593607305936 0.0745814307458143 0.0136986301369863 0.0121765601217656
6 0.8105022831050228 0.1263318112633181 0.0228310502283105 0.015220700152207
7 0.7549467275494672 0.11796042617960426 0.0213089802130898 0.0258751902587519
6 0.665144596651446 0.0517503805175038 0.030441400304414 0.0243531202435312
6 0.7222222222222222 0.02054794520547945 0.0197869101978691 0.0136986301369863
7 0.741248097412481 0.2975646879756469 0.0243531202435312 0.0228310502283105
6 0.773972602739726 0.3576864535768645 0.0197869101978691 0.0243531202435312
6 0.8089802130898022 0.3242009132420091 0.0289193302891933 0.0273972602739726
6 0.7343987823439878 0.2648401826484018 0.0167427701674277 0.0213089802130898
6 0.6879756468797564 0.2815829528158295 0.0182648401826484 0.0213089802130898
6 0.6864535768645358 0.2549467275494673 0.0182648401826484 0.0228310502283105
6 0.6773211567732116 0.3242009132420091 0.015220700152207 0.0213089802130898
6 0.7146118721461188 0.3729071537290715 0.0167427701674277 0.0213089802130898
6 0.6841704718417048 0.4200913242009132 0.0228310502283105 0.0182648401826484
6 0.7229832572298326 0.5494672754946728 0.0121765601217656 0.0273972602739726
7 0.680365296803653 0.7252663622526636 0.0334855403348554 0.0289193302891933
7 0.6339421613394216 0.7161339421613394 0.0502283105022831 0.0350076103500761
5 0.532724505327245 0.5228310502283106 0.106544901065449 0.0867579908675799
5 0.5197869101978692 0.6073059360730594 0.0745814307458143 0.0547945205479452
5 0.5776255707762558 0.3287671232876712 0.0654490106544901 0.0943683409436834
5 0.5342465753424658 0.4368340943683409 0.0882800608828006 0.0791476407914764