0 0.07077625570776255 0.3181126331811263 0.1050228310502283 0.1035007610350076
0 0.08447488584474885 0.4611872146118721 0.0806697108066971 0.091324200913242
0 0.0213089802130898 0.4558599695585997 0.0365296803652968 0.0410958904109589
0 0.0182648401826484 0.532724505327245 0.0334855403348554 0.0852359208523592
0 0.197869101978691 0.4010654490106545 0.1035007610350076 0.0684931506849315
0 0.19863013698630136 0.4665144596651446 0.0958904109589041 0.0593607305936073
0 0.24733637747336376 0.5228310502283106 0.1141552511415525 0.0502283105022831
0 0.4307458143074581 0.2541856925418569 0.0639269406392694 0.121765601217656
0 0.2990867579908676 0.3006088280060883 0.0958904109589041 0.0593607305936073
0 0.393455098934551 0.3112633181126332 0.0806697108066971 0.0593607305936073
0 0.3424657534246575 0.332572298325723 0.030441400304414 0.0532724505327245
0 0.395738203957382 0.3858447488584475 0.0639269406392694 0.0593607305936073
0 0.3318112633181126 0.4771689497716895 0.0578386605783866 0.0624048706240487
0 0.3964992389649924 0.4756468797564688 0.0715372907153729 0.0502283105022831
0 0.5213089802130898 0.23668188736681886 0.0867579908675799 0.0928462709284627
0 0.5882800608828006 0.2899543378995434 0.0350076103500761 0.0471841704718417
0 0.5654490106544902 0.3759512937595129 0.0684931506849315 0.0547945205479452
0 0.487062404870624 0.3896499238964992 0.076103500761035 0.060882800608828
0 0.5068493150684932 0.3470319634703196 0.0578386605783866 0.0487062404870624
0 0.2724505327245053 0.3576864535768645 0.0639269406392694 0.045662100456621
0 0.2762557077625571 0.4710806697108067 0.0471841704718417 0.0441400304414003
0 0.350076103500761 0.5624048706240488 0.1126331811263318 0.0715372907153729
5 0.3622526636225266 0.7214611872146118 0.2191780821917808 0.197869101978691
0 0.2884322678843227 0.6073059360730594 0.0624048706240487 0.0639269406392694
0 0.4817351598173516 0.5266362252663622 0.0380517503805175 0.0365296803652968
0 0.4604261796042618 0.5646879756468798 0.0715372907153729 0.030441400304414
0 0.5882800608828006 0.4596651445966514 0.1263318112633181 0.0730593607305936
0 0.6689497716894978 0.454337899543379 0.0502283105022831 0.0228310502283105
0 0.6293759512937596 0.4124809741248097 0.0471841704718417 0.045662100456621
0 0.487062404870624 0.441400304414003 0.0700152207001522 0.0334855403348554
0 0.5388127853881278 0.5015220700152208 0.060882800608828 0.0441400304414003
0 0.678082191780822 0.5334855403348554 0.0684931506849315 0.0563165905631659
0 0.6133942161339422 0.5768645357686454 0.076103500761035 0.0426179604261796
0 0.578386605783866 0.6073059360730594 0.0578386605783866 0.0578386605783866
0 0.5289193302891934 0.5989345509893456 0.0410958904109589 0.0624048706240487
0 0.5966514459665144 0.5266362252663622 0.0517503805175038 0.0426179604261796
0 0.7222222222222222 0.6255707762557078 0.0654490106544901 0.060882800608828
0 0.7321156773211568 0.5920852359208524 0.0639269406392694 0.0365296803652968
0 0.6621004566210046 0.6362252663622526 0.0791476407914764 0.0639269406392694
0 0.5684931506849316 0.6689497716894978 0.0624048706240487 0.0380517503805175
0 0.6316590563165906 0.7146118721461188 0.0669710806697108 0.0837138508371385
5 0.5616438356164384 0.802130898021309 0.136986301369863 0.106544901065449
0 0.5806697108066972 0.7321156773211568 0.0624048706240487 0.0578386605783866
5 0.7054794520547946 0.7831050228310502 0.0624048706240487 0.0898021308980213
0 0.7214611872146118 0.7039573820395738 0.0547945205479452 0.0441400304414003
0 0.5045662100456622 0.6560121765601218 0.0654490106544901 0.0882800608828006
0 0.9482496194824962 0.439117199391172 0.0426179604261796 0.0806697108066971
0 0.9931506849315068 0.408675799086758 0.0136986301369863 0.0624048706240487
0 0.987062404870624 0.4786910197869102 0.0258751902587519 0.0624048706240487
0 0.9345509893455098 0.5190258751902588 0.076103500761035 0.0700152207001522
0 0.8242009132420092 0.5669710806697108 0.0715372907153729 0.0684931506849315
0 0.8363774733637748 0.502283105022831 0.0563165905631659 0.0547945205479452
0 0.8820395738203958 0.5989345509893456 0.0532724505327245 0.0410958904109589
0 0.923896499238965 0.5943683409436834 0.045662100456621 0.0532724505327245
0 0.7922374429223744 0.6103500761035008 0.0593607305936073 0.0547945205479452
5 0.8051750380517504 0.06316590563165905 0.1126331811263318 0.0928462709284627
5 0.7557077625570776 0.15601217656012176 0.1476407914764079 0.1324200913242009
5 0.6316590563165906 0.1537290715372907 0.1339421613394216 0.1278538812785388
5 0.7168949771689498 0.05859969558599695 0.1339421613394216 0.1141552511415525
5 0.563165905631659 0.05707762557077625 0.1461187214611872 0.1019786910197869
5 0.5502283105022832 0.15601217656012176 0.1050228310502283 0.1050228310502283
5 0.4307458143074581 0.06773211567732115 0.1339421613394216 0.1293759512937595
5 0.2990867579908676 0.0487062404870624 0.1567732115677321 0.091324200913242
5 0.3280060882800609 0.16514459665144596 0.1050228310502283 0.1080669710806697
5 0.1293759512937595 0.09665144596651445 0.2496194824961948 0.1811263318112633
5 0.0593607305936073 0.22907153729071536 0.106544901065449 0.0624048706240487
5 0.21993911719939116 0.2694063926940639 0.0837138508371385 0.076103500761035
5 0.2671232876712329 0.2070015220700152 0.0989345509893455 0.1126331811263318
5 0.9269406392694064 0.1019786910197869 0.1461187214611872 0.1735159817351598
5 0.8987823439878234 0.3059360730593607 0.1902587519025875 0.1461187214611872
5 0.6666666666666666 0.317351598173516 0.076103500761035 0.1050228310502283
5 0.7640791476407914 0.2922374429223744 0.1248097412480974 0.1004566210045662
5 0.7526636225266362 0.4436834094368341 0.0989345509893455 0.1537290715372907
5 0.8485540334855404 0.4185692541856925 0.0898021308980213 0.0882800608828006
5 0.9710806697108066 0.6118721461187214 0.0578386605783866 0.1552511415525114
5 0.819634703196347 0.6917808219178082 0.1202435312024353 0.0776255707762557
5 0.923896499238965 0.7275494672754946 0.1035007610350076 0.182648401826484
5 0.8051750380517504 0.789193302891933 0.136986301369863 0.0867579908675799
5 0.9444444444444444 0.9048706240487062 0.1080669710806697 0.1902587519025875
5 0.7861491628614916 0.9200913242009132 0.1567732115677321 0.1354642313546423
5 0.6750380517503806 0.8622526636225266 0.0958904109589041 0.0654490106544901
5 0.6621004566210046 0.9490106544901066 0.091324200913242 0.0867579908675799
5 0.5403348554033486 0.9117199391171994 0.1339421613394216 0.1430745814307458
5 0.3926940639269406 0.9254185692541856 0.1491628614916286 0.1400304414003044
5 0.23211567732115676 0.9117199391171994 0.1506849315068493 0.1461187214611872
5 0.1491628614916286 0.6126331811263318 0.182648401826484 0.1506849315068493
5 0.1385083713850837 0.7602739726027398 0.2009132420091324 0.1171993911719939
5 0.1035007610350076 0.84779299847793 0.1187214611872146 0.1004566210045662
5 0.03272450532724505 0.893455098934551 0.0624048706240487 0.213089802130898