6 0.4063926940639269 0.3310502283105023 0.0426179604261796 0.0410958904109589
6 0.3439878234398782 0.3181126331811263 0.030441400304414 0.0273972602739726
6 0.3036529680365297 0.2815829528158295 0.0258751902587519 0.0273972602739726
6 0.4147640791476408 0.2328767123287671 0.0228310502283105 0.0213089802130898
6 0.5464231354642314 0.3964992389649924 0.0213089802130898 0.0350076103500761
6 0.4010654490106545 0.4071537290715373 0.0258751902587519 0.0258751902587519
6 0.3356164383561644 0.4657534246575342 0.0624048706240487 0.0334855403348554
6 0.3287671232876712 0.423896499238965 0.0273972602739726 0.0228310502283105
6 0.3980213089802131 0.8013698630136986 0.0167427701674277 0.0197869101978691
6 0.4436834094368341 0.7656012176560122 0.0441400304414003 0.0395738203957382
6 0.3470319634703196 0.7549467275494672 0.0365296803652968 0.0273972602739726
6 0.2678843226788432 0.7838660578386606 0.030441400304414 0.0213089802130898
6 0.2572298325722983 0.8843226788432268 0.0730593607305936 0.0639269406392694
6 0.15753424657534246 0.9375951293759512 0.0228310502283105 0.0182648401826484
6 0.1248097412480974 0.9923896499238964 0.0395738203957382 0.0121765601217656
6 0.3066971080669711 0.03576864535768645 0.0928462709284627 0.0593607305936073
6 0.3729071537290715 0.12404870624048706 0.0273972602739726 0.0167427701674277
6 0.3622526636225266 0.0974124809741248 0.0121765601217656 0.0182648401826484
6 0.3242009132420091 0.1080669710806697 0.0243531202435312 0.0213089802130898
6 0.3181126331811263 0.16362252663622526 0.0213089802130898 0.0228310502283105
6 0.2838660578386606 0.2009132420091324 0.0319634703196347 0.0273972602739726
6 0.2770167427701674 0.2503805175038052 0.0395738203957382 0.0258751902587519
6 0.1780821917808219 0.2709284627092846 0.0426179604261796 0.0547945205479452
6 0.228310502283105 0.2678843226788432 0.015220700152207 0.015220700152207
6 0.21385083713850836 0.2990867579908676 0.0076103500761035 0.0136986301369863
6 0.2420091324200913 0.2945205479452055 0.030441400304414 0.0228310502283105
6 0.2838660578386606 0.3264840182648402 0.0228310502283105 0.0228310502283105
6 0.286910197869102 0.3721461187214612 0.0258751902587519 0.0380517503805175
6 0.3264840182648402 0.3866057838660578 0.0136986301369863 0.015220700152207
6 0.2617960426179604 0.3675799086757991 0.0182648401826484 0.0258751902587519
6 0.0563165905631659 0.1704718417047184 0.030441400304414 0.030441400304414
6 0.02359208523592085 0.02207001522070015 0.0471841704718417 0.0441400304414003
6 0.3820395738203957 0.5083713850837138 0.0121765601217656 0.015220700152207
6 0.3242009132420091 0.6727549467275494 0.0334855403348554 0.030441400304414
6 0.2846270928462709 0.7275494672754946 0.030441400304414 0.0243531202435312
6 0.23363774733637746 0.7267884322678844 0.0319634703196347 0.0197869101978691
6 0.1856925418569254 0.7617960426179604 0.0213089802130898 0.0228310502283105
6 0.1187214611872146 0.7823439878234398 0.0365296803652968 0.0213089802130898
6 0.3242009132420091 0.834855403348554 0.0243531202435312 0.0197869101978691
6 0.258751902587519 0.8234398782343988 0.060882800608828 0.0273972602739726
6 0.3424657534246575 0.8949771689497716 0.0121765601217656 0.0182648401826484
6 0.4140030441400304 0.9041095890410958 0 0
6 0.24885844748858446 0.943683409436834 0.0319634703196347 0.0243531202435312
6 0.2663622526636225 0.9642313546423136 0.0182648401826484 0.0136986301369863
6 0.21993911719939116 0.9246575342465754 0.0197869101978691 0.0197869101978691
6 0.2024353120243531 0.9048706240487062 0.0273972602739726 0.0197869101978691
6 0.09208523592085235 0.9429223744292238 0.0258751902587519 0.0228310502283105
5 0.21232876712328766 0.5038051750380518 0.0776255707762557 0.1430745814307458
5 0.05098934550989345 0.65220700152207 0.0837138508371385 0.0837138508371385
5 0.15601217656012176 0.6354642313546424 0.0593607305936073 0.0654490106544901
5 0.0928462709284627 0.4063926940639269 0.0852359208523592 0.106544901065449
5 0.04794520547945205 0.5273972602739726 0.0776255707762557 0.1202435312024353