1 0.22492401215805471 0.17275494672754946 0.17325227963525835 0.1232876712328767
1 0.3290273556231003 0.2617960426179604 0.09878419452887538 0.0791476407914764
1 0.3609422492401216 0.18036529680365296 0.15045592705167174 0.1232876712328767
1 0.3761398176291793 0.07990867579908675 0.10486322188449848 0.1445966514459665
5 0.23252279635258358 0.0532724505327245 0.15501519756838905 0.106544901065449
5 0.2256838905775076 0.4672754946727549 0.135258358662614 0.1765601217656012
5 0.37537993920972645 0.4573820395738204 0.13069908814589665 0.1293759512937595
5 0.20440729483282674 0.3066971080669711 0.14437689969604864 0.1171993911719939
5 0.38677811550151975 0.3432267884322679 0.1595744680851064 0.0806697108066971
5 0.26063829787234044 0.906392694063927 0.2993920972644377 0.1872146118721461
3 0.06382978723404255 0.1598173515981735 0.1276595744680851 0.3135464231354642
3 0.07218844984802432 0.5722983257229832 0.14437689969604864 0.4627092846270928
3 0.05319148936170213 0.9010654490106544 0.10638297872340426 0.197869101978691
3 0.20212765957446807 0.6225266362252664 0.08814589665653495 0.106544901065449