0 0.3576864535768645 0.5098934550989346 0.076103500761035 0.076103500761035
5 0.8158295281582952 0.7747336377473364 0.1552511415525114 0.1461187214611872
5 0.867579908675799 0.6856925418569254 0.1156773211567732 0.1080669710806697
5 0.8112633181126332 0.5821917808219178 0.1187214611872146 0.1141552511415525
5 0.6925418569254186 0.7328767123287672 0.0730593607305936 0.0624048706240487
5 0.6445966514459666 0.5654490106544902 0.1750380517503805 0.1354642313546423
5 0.8006088280060882 0.4619482496194825 0.1552511415525114 0.1263318112633181
5 0.6681887366818874 0.4741248097412481 0.1187214611872146 0.1141552511415525
5 0.6575342465753424 0.6636225266362252 0.167427701674277 0.1461187214611872
5 0.9185692541856926 0.9627092846270928 0.0654490106544901 0.0563165905631659
5 0.7785388127853882 0.9657534246575342 0.0684931506849315 0.0684931506849315
0 0.545662100456621 0.967275494672755 0.0776255707762557 0.0654490106544901
0 0.4033485540334855 0.9041095890410958 0.0669710806697108 0.0639269406392694
0 0.2176560121765601 0.9269406392694064 0.091324200913242 0.0700152207001522
0 0.08295281582952815 0.9398782343987824 0.0745814307458143 0.0715372907153729
0 0.1339421613394216 0.8417047184170472 0.0821917808219178 0.0700152207001522
0 0.2678843226788432 0.8394216133942162 0.091324200913242 0.0776255707762557
0 0.14231354642313546 0.7526636225266362 0.0745814307458143 0.0837138508371385
0 0.3280060882800609 0.7077625570776256 0.0532724505327245 0.0547945205479452
0 0.4794520547945205 0.8417047184170472 0.0669710806697108 0.0669710806697108
0 0.24429223744292236 0.7024353120243532 0.0654490106544901 0.0624048706240487
0 0.03881278538812785 0.7207001522070016 0.0654490106544901 0.0684931506849315
0 0.378234398782344 0.776255707762557 0.0624048706240487 0.0669710806697108
0 0.5920852359208524 0.8683409436834094 0.0669710806697108 0.0654490106544901
0 0.3127853881278539 0.9687975646879756 0.0532724505327245 0.0502283105022831
0 0.439117199391172 0.6445966514459666 0.0684931506849315 0.0654490106544901
0 0.4467275494672755 0.7427701674277016 0.0593607305936073 0.0578386605783866
0 0.2640791476407915 0.6050228310502284 0.0593607305936073 0.0532724505327245
0 0.16210045662100456 0.6727549467275494 0.0532724505327245 0.0517503805175038
0 0.5007610350076104 0.5821917808219178 0.0547945205479452 0.0624048706240487
0 0.06316590563165905 0.5091324200913242 0.0593607305936073 0.0502283105022831
0 0.1719939117199391 0.576103500761035 0.0578386605783866 0.0502283105022831
0 0.05251141552511415 0.5730593607305936 0.0563165905631659 0.0471841704718417
0 0.08447488584474885 0.6461187214611872 0.0593607305936073 0.0532724505327245
0 0.525875190258752 0.6788432267884322 0.0593607305936073 0.0669710806697108
0 0.04642313546423135 0.423896499238965 0.0593607305936073 0.0654490106544901
0 0.2039573820395738 0.441400304414003 0.060882800608828 0.0578386605783866
0 0.3135464231354642 0.3607305936073059 0.0517503805175038 0.045662100456621
0 0.1004566210045662 0.3074581430745814 0.0487062404870624 0.0426179604261796
0 0.03881278538812785 0.3439878234398782 0.0563165905631659 0.0517503805175038
0 0.1111111111111111 0.4155251141552511 0.0487062404870624 0.0487062404870624
0 0.1613394216133942 0.5068493150684932 0.0487062404870624 0.0487062404870624
0 0.2945205479452055 0.4467275494672755 0.0563165905631659 0.0471841704718417
0 0.4292237442922374 0.4375951293759513 0.0517503805175038 0.0563165905631659
0 0.5517503805175038 0.4672754946727549 0.0563165905631659 0.0426179604261796
0 0.2785388127853881 0.5319634703196348 0.0517503805175038 0.0502283105022831
0 0.6484018264840182 0.3820395738203957 0.0517503805175038 0.045662100456621
0 0.4596651445966514 0.3059360730593607 0.060882800608828 0.060882800608828
0 0.7526636225266362 0.3447488584474886 0.0532724505327245 0.0502283105022831
0 0.5509893455098934 0.3919330289193303 0.0517503805175038 0.0441400304414003
0 0.3911719939117199 0.3439878234398782 0.0547945205479452 0.0547945205479452
0 0.2267884322678843 0.3576864535768645 0.0578386605783866 0.0426179604261796
0 0.1887366818873668 0.2831050228310502 0.0517503805175038 0.045662100456621
0 0.12100456621004566 0.19710806697108066 0.0532724505327245 0.0593607305936073
0 0.2572298325722983 0.2656012176560122 0.0547945205479452 0.0502283105022831
0 0.3645357686453577 0.2115677321156773 0.0502283105022831 0.0426179604261796
0 0.3447488584474886 0.2945205479452055 0.0563165905631659 0.0410958904109589
0 0.560882800608828 0.3188736681887367 0.0563165905631659 0.0532724505327245
0 0.7397260273972602 0.273972602739726 0.060882800608828 0.0578386605783866
0 0.639269406392694 0.2907153729071537 0.0547945205479452 0.0517503805175038
0 0.8447488584474886 0.1719939117199391 0.0547945205479452 0.0487062404870624
0 0.832572298325723 0.2709284627092846 0.0517503805175038 0.0487062404870624
0 0.7031963470319634 0.19254185692541856 0.045662100456621 0.0380517503805175
0 0.4733637747336377 0.2328767123287671 0.0487062404870624 0.0487062404870624
0 0.5426179604261796 0.1171993911719939 0.0471841704718417 0.0487062404870624
0 0.5996955859969558 0.243531202435312 0.0487062404870624 0.045662100456621
0 0.2747336377473364 0.1248097412480974 0.0410958904109589 0.0395738203957382
0 0.0395738203957382 0.17579908675799086 0.0517503805175038 0.0532724505327245
0 0.09208523592085235 0.09969558599695585 0.0441400304414003 0.0563165905631659
0 0.4589041095890411 0.12709284627092846 0.0471841704718417 0.0502283105022831
0 0.54337899543379 0.20776255707762556 0.0426179604261796 0.0471841704718417
0 0.6407914764079148 0.16818873668188736 0.0426179604261796 0.0532724505327245
0 0.936834094368341 0.1613394216133942 0.0502283105022831 0.0487062404870624
0 0.7808219178082192 0.17275494672754946 0.0517503805175038 0.0563165905631659
0 0.6575342465753424 0.0532724505327245 0.0426179604261796 0.045662100456621
0 0.7838660578386606 0.06316590563165905 0.045662100456621 0.0380517503805175
0 0.713089802130898 0.11796042617960426 0.0441400304414003 0.0441400304414003
0 0.5844748858447488 0.03881278538812785 0.0517503805175038 0.0624048706240487
0 0.4277016742770167 0.0243531202435312 0.0487062404870624 0.0365296803652968
0 0.3820395738203957 0.11187214611872145 0.0517503805175038 0.0502283105022831
0 0.2975646879756469 0.02511415525114155 0.0410958904109589 0.0350076103500761
0 0.2633181126331811 0.07990867579908675 0.0517503805175038 0.0471841704718417