5 0.060882800608828 0.9018264840182648 0.121765601217656 0.1963470319634703
5 0.756468797564688 0.15296803652968036 0.1796042617960426 0.1872146118721461
5 0.8028919330289194 0.02968036529680365 0.1385083713850837 0.0593607305936073
5 0.7062404870624048 0.5837138508371386 0.1765601217656012 0.2146118721461187
5 0.6757990867579908 0.8873668188736682 0.1248097412480974 0.1643835616438356
5 0.6788432267884322 0.745814307458143 0.136986301369863 0.1156773211567732
5 0.7815829528158296 0.8470319634703196 0.0898021308980213 0.1567732115677321
3 0.5852359208523592 0.3645357686453577 0.3150684931506849 0.2267884322678843
3 0.5494672754946728 0.1248097412480974 0.2100456621004566 0.2343987823439878
3 0.5007610350076104 0.7382039573820396 0.2161339421613394 0.517503805175038
3 0.197869101978691 0.6286149162861492 0.1461187214611872 0.1643835616438356
3 0.22450532724505326 0.2709284627092846 0.1780821917808219 0.5235920852359208
3 0.19406392694063926 0.8744292237442922 0.1050228310502283 0.2511415525114155