5 0.9299847792998478 0.06468797564687975 0.1400304414003044 0.1293759512937595
7 0.8736681887366818 0.2374429223744292 0.1187214611872146 0.1187214611872146
5 0.80441400304414 0.9246575342465754 0.2115677321156773 0.1506849315068493
5 0.8538812785388128 0.6636225266362252 0.0943683409436834 0.106544901065449
5 0.7724505327245054 0.5753424657534246 0.1263318112633181 0.2465753424657534
5 0.8706240487062404 0.5692541856925418 0.0547945205479452 0.0821917808219178
5 0.9452054794520548 0.7321156773211568 0.1004566210045662 0.1308980213089802
5 0.8188736681887366 0.7815829528158296 0.136986301369863 0.1202435312024353
5 0.8683409436834094 0.4748858447488584 0.0532724505327245 0.0882800608828006
5 0.9315068493150684 0.560882800608828 0.0517503805175038 0.0654490106544901
5 0.9581430745814308 0.6316590563165906 0.0837138508371385 0.0517503805175038
3 0.3729071537290715 0.09056316590563165 0.1582952815829528 0.1811263318112633
3 0.7024353120243532 0.21689497716894976 0.2054794520547945 0.4246575342465753
3 0.6111111111111112 0.7123287671232876 0.1689497716894977 0.5601217656012176
3 0.3226788432267884 0.6012176560121766 0.167427701674277 0.1796042617960426
3 0.3546423135464231 0.4071537290715373 0.167427701674277 0.1506849315068493
3 0.3036529680365297 0.898021308980213 0.1415525114155251 0.2039573820395738