6 0.091324200913242 0.8683409436834094 0.0395738203957382 0.0289193302891933
6 0.08447488584474885 0.819634703196347 0.0441400304414003 0.0319634703196347
6 0.0182648401826484 0.5768645357686454 0.030441400304414 0.0243531202435312
6 0.22907153729071536 0.7039573820395738 0.0806697108066971 0.0289193302891933
6 0.2549467275494673 0.8881278538812786 0.0380517503805175 0.0593607305936073
6 0.20928462709284626 0.939117199391172 0.0319634703196347 0.0213089802130898
6 0.3622526636225266 0.958904109589041 0.091324200913242 0.0700152207001522
6 0.2975646879756469 0.799847792998478 0.0745814307458143 0.0715372907153729
7 0.3843226788432268 0.8691019786910198 0.0654490106544901 0.0852359208523592
6 0.1476407914764079 0.5639269406392694 0.0365296803652968 0.0380517503805175
6 0.19558599695585996 0.6210045662100456 0.0258751902587519 0.0426179604261796
6 0.2313546423135464 0.6331811263318112 0.0365296803652968 0.0365296803652968
6 0.23363774733637746 0.5669710806697108 0.0350076103500761 0.0410958904109589
6 0.14383561643835616 0.4535768645357686 0.0380517503805175 0.045662100456621
6 0.06012176560121765 0.5060882800608828 0.0289193302891933 0.0350076103500761
6 0.09969558599695585 0.3850837138508371 0.0350076103500761 0.030441400304414
6 0.15601217656012176 0.3546423135464231 0.0350076103500761 0.045662100456621
6 0.07077625570776255 0.1993911719939117 0.0319634703196347 0.0334855403348554
3 0.2252663622526636 0.2176560121765601 0.0821917808219178 0.0882800608828006
6 0.2100456621004566 0.1430745814307458 0.0487062404870624 0.0395738203957382
6 0.5593607305936074 0.2389649923896499 0.0502283105022831 0.0487062404870624
7 0.4680365296803653 0.2549467275494673 0.0654490106544901 0.0715372907153729
6 0.5053272450532724 0.1963470319634703 0.030441400304414 0.0213089802130898
6 0.6529680365296804 0.2975646879756469 0.045662100456621 0.0350076103500761
6 0.6917808219178082 0.2884322678843227 0.0350076103500761 0.0380517503805175
6 0.5920852359208524 0.6560121765601218 0.0243531202435312 0.0273972602739726
6 0.6210045662100456 0.6704718417047184 0.0395738203957382 0.0319634703196347
6 0.6400304414003044 0.6111111111111112 0.0319634703196347 0.0350076103500761
3 0.6719939117199392 0.6423135464231354 0.0502283105022831 0.0243531202435312
6 0.6910197869101978 0.6012176560121766 0.0487062404870624 0.0517503805175038
6 0.6948249619482496 0.5639269406392694 0.0441400304414003 0.0319634703196347
6 0.576103500761035 0.5821917808219178 0.0350076103500761 0.0593607305936073
6 0.5076103500761036 0.5273972602739726 0.0380517503805175 0.0380517503805175
6 0.5525114155251142 0.5266362252663622 0.0426179604261796 0.0426179604261796
6 0.5996955859969558 0.5251141552511416 0.0395738203957382 0.045662100456621
6 0.4710806697108067 0.8257229832572298 0.0532724505327245 0.0319634703196347
6 0.4528158295281583 0.9764079147640792 0.0471841704718417 0.0471841704718417
7 0.4246575342465753 0.4041095890410959 0.0974124809741248 0.1019786910197869
6 0.4216133942161339 0.3165905631659056 0.0547945205479452 0.060882800608828
6 0.4657534246575342 0.3264840182648402 0.0243531202435312 0.0258751902587519
6 0.5273972602739726 0.484779299847793 0.0289193302891933 0.0197869101978691
6 0.4984779299847793 0.4254185692541857 0.0228310502283105 0.0228310502283105
6 0.6506849315068494 0.4802130898021309 0.0441400304414003 0.0319634703196347
7 0.6400304414003044 0.1080669710806697 0.0958904109589041 0.0578386605783866
5 0.5768645357686454 0.4231354642313546 0.1095890410958904 0.1187214611872146
7 0.556316590563166 0.3356164383561644 0.0745814307458143 0.0654490106544901
5 0.3181126331811263 0.3736681887366819 0.1035007610350076 0.0989345509893455
5 0.3356164383561644 0.22450532724505326 0.1293759512937595 0.1567732115677321
5 0.3561643835616438 0.5167427701674278 0.1917808219178082 0.1324200913242009
5 0.4642313546423135 0.69558599695586 0.2191780821917808 0.213089802130898
7 0.632420091324201 0.7420091324200914 0.0867579908675799 0.1111111111111111
5 0.5829528158295282 0.8987823439878234 0.1917808219178082 0.1963470319634703
5 0.941400304414003 0.9337899543378996 0.1171993911719939 0.1324200913242009
5 0.8097412480974124 0.9315068493150684 0.1430745814307458 0.136986301369863
5 0.9025875190258752 0.8006088280060882 0.1126331811263318 0.1095890410958904
5 0.784627092846271 0.7975646879756468 0.1263318112633181 0.1278538812785388
5 0.9490106544901066 0.6590563165905632 0.1019786910197869 0.121765601217656
5 0.893455098934551 0.5669710806697108 0.0974124809741248 0.1171993911719939
5 0.819634703196347 0.560882800608828 0.0806697108066971 0.0989345509893455
5 0.8051750380517504 0.6598173515981736 0.1095890410958904 0.0928462709284627
5 0.9558599695585996 0.4307458143074581 0.0882800608828006 0.0791476407914764
5 0.8858447488584474 0.4162861491628615 0.0639269406392694 0.0958904109589041
5 0.9345509893455098 0.3599695585996956 0.0730593607305936 0.0563165905631659
5 0.7770167427701674 0.4901065449010654 0.1111111111111111 0.0700152207001522
5 0.7617960426179604 0.3105022831050228 0.0989345509893455 0.076103500761035
5 0.7526636225266362 0.4132420091324201 0.0989345509893455 0.0989345509893455
5 0.882800608828006 0.11796042617960426 0.091324200913242 0.1171993911719939
5 0.9604261796042618 0.0563165905631659 0.0791476407914764 0.1126331811263318
1 0.7366818873668188 0.0867579908675799 0.0639269406392694 0.0791476407914764
5 0.7968036529680366 0.10426179604261795 0.0867579908675799 0.0806697108066971
5 0.9748858447488584 0.15753424657534246 0.0502283105022831 0.1050228310502283
5 0.7754946727549468 0.2085235920852359 0.1415525114155251 0.1430745814307458
5 0.9269406392694064 0.2519025875190259 0.1430745814307458 0.1293759512937595
1 0.7382039573820396 0.0289193302891933 0.1308980213089802 0.0578386605783866
5 0.58675799086758 0.0487062404870624 0.1506849315068493 0.0974124809741248
5 0.3888888888888889 0.04794520547945205 0.2146118721461187 0.0958904109589041
5 0.5038051750380518 0.1339421613394216 0.1339421613394216 0.0821917808219178
6 0.617199391171994 0.21232876712328766 0.0350076103500761 0.0289193302891933
6 0.11491628614916286 0.0076103500761035 0.0380517503805175 0.015220700152207
3 0.2115677321156773 0.4474885844748858 0.0334855403348554 0.045662100456621
6 0.1933028919330289 0.3896499238964992 0.0213089802130898 0.0213089802130898
6 0.18036529680365296 0.8637747336377474 0.0289193302891933 0.0167427701674277
5 0.8767123287671232 0.02815829528158295 0.1187214611872146 0.0563165905631659
5 0.9657534246575342 0.5357686453576864 0.0684931506849315 0.106544901065449
5 0.9916286149162862 0.7754946727549468 0.0167427701674277 0.1019786910197869