5 0.7732115677321156 0.5342465753424658 0.0852359208523592 0.0730593607305936
5 0.8310502283105022 0.525875190258752 0.076103500761035 0.0958904109589041
5 0.7747336377473364 0.728310502283105 0.0669710806697108 0.0989345509893455
5 0.9353120243531202 0.5814307458143074 0.1141552511415525 0.1735159817351598
5 0.9155251141552512 0.7952815829528158 0.1537290715372907 0.2176560121765601
5 0.784627092846271 0.8561643835616438 0.0958904109589041 0.1019786910197869
5 0.8637747336377474 0.2572298325722983 0.0563165905631659 0.1126331811263318
5 0.9033485540334856 0.21080669710806696 0.0228310502283105 0.2054794520547945
5 0.9604261796042618 0.20319634703196346 0.0730593607305936 0.2207001522070015
6 0.3006088280060883 0.15449010654490106 0.0197869101978691 0.0289193302891933
6 0.20776255707762556 0.2115677321156773 0.0228310502283105 0.0365296803652968
6 0.3949771689497717 0.2039573820395738 0.0197869101978691 0.0213089802130898
6 0.5045662100456622 0.3455098934550989 0.0197869101978691 0.0273972602739726
6 0.624048706240487 0.15296803652968036 0.0243531202435312 0.0228310502283105
6 0.5494672754946728 0.16514459665144596 0.015220700152207 0.0136986301369863
6 0.7100456621004566 0.2678843226788432 0.0197869101978691 0.0182648401826484
6 0.6971080669710806 0.2952815829528158 0.0121765601217656 0.0121765601217656
6 0.1856925418569254 0.2800608828006088 0.0334855403348554 0.0273972602739726
6 0.5015220700152208 0.987062404870624 0.0167427701674277 0.0228310502283105
6 0.5136986301369864 0.9497716894977168 0.0258751902587519 0.015220700152207
6 0.5570776255707762 0.9200913242009132 0.0395738203957382 0.0350076103500761
6 0.5319634703196348 0.9809741248097412 0.0167427701674277 0.0167427701674277
6 0.4452054794520548 0.9406392694063926 0.0197869101978691 0.015220700152207
6 0.573820395738204 0.9779299847792998 0.0334855403348554 0.0350076103500761
6 0.5570776255707762 0.8264840182648402 0.015220700152207 0.0182648401826484
6 0.5441400304414004 0.7625570776255708 0.0106544901065449 0.0121765601217656
6 0.6331811263318112 0.0669710806697108 0.0213089802130898 0.0273972602739726
6 0.6681887366818874 0.05707762557077625 0.0182648401826484 0.0228310502283105
6 0.6453576864535768 0.02511415525114155 0.0182648401826484 0.0258751902587519
6 0.4200913242009132 0.0319634703196347 0.0365296803652968 0.030441400304414
6 0.4436834094368341 0.0045662100456621 0.0532724505327245 0.0091324200913242
5 0.8127853881278538 0.6255707762557078 0.1156773211567732 0.1035007610350076
5 0.9231354642313546 0.4505327245053272 0.0684931506849315 0.0821917808219178
5 0.9733637747336378 0.4140030441400304 0.0532724505327245 0.0700152207001522
5 0.9398782343987824 0.9550989345509894 0.1202435312024353 0.0563165905631659
5 0.8051750380517504 0.9467275494672754 0.136986301369863 0.0578386605783866
5 0.8972602739726028 0.3614916286149163 0.0593607305936073 0.0471841704718417