5 0.43249427917620137 0.0289193302891933 0.2562929061784897 0.0578386605783866
5 0.7402745995423341 0.2663622526636225 0.21739130434782608 0.1461187214611872
5 0.23569794050343248 0.8926940639269406 0.16933638443935928 0.1415525114155251
5 0.47254004576659037 0.832572298325723 0.2906178489702517 0.1704718417047184
5 0.3890160183066362 0.95662100456621 0.2700228832951945 0.0776255707762557
5 0.21853546910755148 0.6613394216133942 0.14874141876430205 0.0806697108066971
5 0.12128146453089245 0.3926940639269406 0.19679633867276888 0.1035007610350076
5 0.2745995423340961 0.4665144596651446 0.16933638443935928 0.1445966514459665
5 0.16361556064073227 0.5646879756468798 0.2585812356979405 0.1035007610350076
5 0.3135011441647597 0.271689497716895 0.18764302059496568 0.0867579908675799
5 0.40389016018306634 0.1689497716894977 0.19908466819221968 0.1339421613394216
5 0.4702517162471396 0.2998477929984779 0.14874141876430205 0.091324200913242
7 0.5491990846681922 0.19710806697108066 0.07780320366132723 0.0441400304414003
5 0.6510297482837528 0.4657534246575342 0.12128146453089245 0.0974124809741248
5 0.5446224256292906 0.3995433789954338 0.14187643020594964 0.1050228310502283
7 0.40503432494279173 0.3881278538812785 0.13272311212814644 0.0578386605783866
5 0.4279176201372998 0.6796042617960426 0.2517162471395881 0.1141552511415525
5 0.37643020594965676 0.5875190258751902 0.14874141876430205 0.1278538812785388
5 0.505720823798627 0.5350076103500762 0.20594965675057209 0.1598173515981735
5 0.6395881006864989 0.6149162861491628 0.18993135011441648 0.167427701674277
5 0.30778032036613273 0.3554033485540335 0.15331807780320367 0.0867579908675799
5 0.20709382151029748 0.06925418569254185 0.15331807780320367 0.1263318112633181
3 0.06064073226544622 0.1689497716894977 0.12128146453089245 0.3287671232876712
3 0.09725400457665904 0.8135464231354642 0.08924485125858124 0.1750380517503805