0 0.743531202435312 0.3531202435312024 0.0563165905631659 0.0547945205479452
0 0.5403348554033486 0.4474885844748858 0.0821917808219178 0.0700152207001522
0 0.6879756468797564 0.3904109589041096 0.0639269406392694 0.0410958904109589
0 0.6080669710806698 0.3942161339421613 0.0745814307458143 0.0365296803652968
0 0.5319634703196348 0.3858447488584475 0.0654490106544901 0.0593607305936073
0 0.669710806697108 0.2907153729071537 0.0730593607305936 0.0547945205479452
0 0.6735159817351598 0.3523592085235921 0.0684931506849315 0.0502283105022831
0 0.5951293759512938 0.3424657534246575 0.0791476407914764 0.0730593607305936
1 0.6727549467275494 0.863013698630137 0.2009132420091324 0.1430745814307458
5 0.3006088280060883 0.7321156773211568 0.0989345509893455 0.1461187214611872
5 0.16362252663622526 0.9596651445966514 0.1628614916286149 0.0806697108066971
5 0.21232876712328766 0.7047184170471842 0.1141552511415525 0.1430745814307458
5 0.2039573820395738 0.8485540334855404 0.1004566210045662 0.1263318112633181
5 0.3135464231354642 0.9094368340943684 0.1156773211567732 0.1415525114155251
5 0.6225266362252664 0.6643835616438356 0.1156773211567732 0.0654490106544901
5 0.5905631659056316 0.578386605783866 0.1156773211567732 0.0943683409436834
5 0.6301369863013698 0.5243531202435312 0.0974124809741248 0.0624048706240487
5 0.9056316590563166 0.7861491628614916 0.1765601217656012 0.1415525114155251
5 0.7595129375951294 0.7100456621004566 0.1126331811263318 0.1476407914764079
5 0.9710806697108066 0.6339421613394216 0.0578386605783866 0.1111111111111111
5 0.7229832572298326 0.5776255707762558 0.0974124809741248 0.0989345509893455
5 0.865296803652968 0.601978691019787 0.1445966514459665 0.0837138508371385
5 0.9764079147640792 0.5144596651445966 0.0471841704718417 0.0974124809741248
5 0.974124809741248 0.3835616438356164 0.0517503805175038 0.1004566210045662
5 0.8751902587519026 0.4573820395738204 0.136986301369863 0.1963470319634703
5 0.9444444444444444 0.2222222222222222 0.1111111111111111 0.2161339421613394
5 0.791476407914764 0.4383561643835616 0.0852359208523592 0.121765601217656
5 0.6133942161339422 0.4528158295281583 0.0517503805175038 0.0624048706240487
5 0.6773211567732116 0.4573820395738204 0.0547945205479452 0.0654490106544901
5 0.8295281582952816 0.3082191780821918 0.1004566210045662 0.0928462709284627
3 0.3554033485540335 0.2496194824961948 0.1963470319634703 0.1856925418569254
3 0.2709284627092846 0.4421613394216134 0.1187214611872146 0.1780821917808219
3 0.4071537290715373 0.4710806697108067 0.0654490106544901 0.1415525114155251
3 0.11491628614916286 0.54337899543379 0.0989345509893455 0.091324200913242
3 0.05555555555555555 0.6841704718417048 0.1111111111111111 0.1476407914764079
3 0.05707762557077625 0.8683409436834094 0.1141552511415525 0.1993911719939117
3 0.454337899543379 0.0700152207001522 0.1933028919330289 0.1400304414003044
3 0.2328767123287671 0.0624048706240487 0.167427701674277 0.1248097412480974
3 0.16210045662100456 0.2884322678843227 0.0806697108066971 0.3272450532724505
3 0.06164383561643835 0.4421613394216134 0.1080669710806697 0.0928462709284627
3 0.8995433789954338 0.9337899543378996 0.2009132420091324 0.1232876712328767