0 0.01902587519025875 0.167427701674277 0.0380517503805175 0.0700152207001522
5 0.9398782343987824 0.3592085235920852 0.1019786910197869 0.0791476407914764
1 0.7290715372907154 0.1400304414003044 0.091324200913242 0.0821917808219178
1 0.9687975646879756 0.14535768645357686 0.0624048706240487 0.0593607305936073
1 0.8242009132420092 0.0593607305936073 0.0867579908675799 0.0943683409436834
1 0.6126331811263318 0.03729071537290715 0.0715372907153729 0.0745814307458143
1 0.7077625570776256 0.0441400304414003 0.0791476407914764 0.0730593607305936
1 0.9429223744292238 0.07229832572298325 0.0776255707762557 0.0806697108066971
5 0.8143074581430746 0.2747336377473364 0.1278538812785388 0.0776255707762557
5 0.7115677321156774 0.3386605783866058 0.0898021308980213 0.0898021308980213
5 0.8028919330289194 0.4124809741248097 0.1019786910197869 0.1095890410958904
5 0.9048706240487062 0.4299847792998478 0.0928462709284627 0.0715372907153729
5 0.8721461187214612 0.5114155251141552 0.0821917808219178 0.0639269406392694
5 0.9687975646879756 0.5213089802130898 0.0593607305936073 0.0654490106544901
5 0.9018264840182648 0.6164383561643836 0.1202435312024353 0.1156773211567732
5 0.786910197869102 0.6080669710806698 0.0943683409436834 0.0867579908675799
5 0.7039573820395738 0.6308980213089802 0.1050228310502283 0.0928462709284627
5 0.6841704718417048 0.530441400304414 0.1141552511415525 0.0958904109589041
5 0.6872146118721462 0.4330289193302892 0.0806697108066971 0.0837138508371385
5 0.852359208523592 0.7382039573820396 0.121765601217656 0.1095890410958904
5 0.9611872146118722 0.7397260273972602 0.0776255707762557 0.0852359208523592
5 0.7328767123287672 0.7519025875190258 0.1019786910197869 0.0974124809741248
5 0.967275494672755 0.8439878234398782 0.0654490106544901 0.0898021308980213
5 0.8554033485540334 0.8470319634703196 0.106544901065449 0.0745814307458143
5 0.771689497716895 0.8964992389649924 0.0882800608828006 0.0943683409436834
5 0.898021308980213 0.9375951293759512 0.1095890410958904 0.0974124809741248
5 0.771689497716895 0.9687975646879756 0.1095890410958904 0.0624048706240487