6 0.08295281582952815 0.9627092846270928 0.0837138508371385 0.0745814307458143
6 0.3257229832572298 0.7975646879756468 0.045662100456621 0.0852359208523592
6 0.4025875190258752 0.8744292237442922 0.0958904109589041 0.0471841704718417
6 0.3866057838660578 0.8424657534246576 0.0487062404870624 0.0319634703196347
6 0.3736681887366819 0.773972602739726 0.0441400304414003 0.0593607305936073
6 0.3972602739726027 0.710806697108067 0.0517503805175038 0.060882800608828
6 0.4619482496194825 0.6704718417047184 0.0441400304414003 0.0258751902587519
6 0.4315068493150685 0.7952815829528158 0.0532724505327245 0.0532724505327245
6 0.4764079147640791 0.7678843226788432 0.045662100456621 0.0532724505327245
7 0.7785388127853882 0.5928462709284628 0.0867579908675799 0.0989345509893455
6 0.24581430745814306 0.9634703196347032 0.0532724505327245 0.0426179604261796
6 0.2420091324200913 0.9223744292237442 0.0974124809741248 0.0426179604261796
7 0.5365296803652968 0.7267884322678844 0.0989345509893455 0.1232876712328767
6 0.6887366818873668 0.728310502283105 0.0624048706240487 0.0715372907153729
7 0.632420091324201 0.773972602739726 0.1111111111111111 0.1141552511415525
6 0.7785388127853882 0.04642313546423135 0.0624048706240487 0.0471841704718417
6 0.9794520547945206 0.0593607305936073 0.0410958904109589 0.045662100456621
6 0.7534246575342466 0.2009132420091324 0.0730593607305936 0.0517503805175038
6 0.875951293759513 0.16514459665144596 0.0563165905631659 0.0471841704718417
6 0.9482496194824962 0.16971080669710806 0.0669710806697108 0.0745814307458143
6 0.8310502283105022 0.2534246575342466 0.0547945205479452 0.0654490106544901
5 0.928462709284627 0.3843226788432268 0.1430745814307458 0.1780821917808219
6 0.89117199391172 0.2671232876712329 0.0471841704718417 0.0471841704718417
6 0.952054794520548 0.24581430745814306 0.0441400304414003 0.0319634703196347
7 0.7519025875190258 0.3264840182648402 0.1035007610350076 0.1567732115677321
7 0.8340943683409436 0.5509893455098934 0.0730593607305936 0.1187214611872146
6 0.898021308980213 0.606544901065449 0.0395738203957382 0.0258751902587519
6 0.906392694063927 0.5768645357686454 0.0319634703196347 0.0273972602739726
6 0.8942161339421614 0.5350076103500762 0.0350076103500761 0.0350076103500761
6 0.941400304414003 0.512937595129376 0.0471841704718417 0.0395738203957382
6 0.89117199391172 0.4969558599695586 0.0380517503805175 0.0319634703196347
6 0.969558599695586 0.5692541856925418 0.0547945205479452 0.0487062404870624
5 0.91324200913242 0.8904109589041096 0.1582952815829528 0.2191780821917808
5 0.4208523592085236 0.9497716894977168 0.2602739726027397 0.0974124809741248
5 0.7092846270928462 0.9383561643835616 0.228310502283105 0.1111111111111111
7 0.7785388127853882 0.8059360730593608 0.0989345509893455 0.0958904109589041
6 0.4672754946727549 0.852359208523592 0.076103500761035 0.0517503805175038
6 0.5388127853881278 0.8569254185692542 0.045662100456621 0.0578386605783866
6 0.5753424657534246 0.875951293759513 0.060882800608828 0.0350076103500761