0 0.0106544901065449 0.2656012176560122 0.0213089802130898 0.0380517503805175
0 0.0639269406392694 0.2709284627092846 0.0578386605783866 0.0334855403348554
0 0.0547945205479452 0.3249619482496195 0.0791476407914764 0.0715372907153729
0 0.1415525114155251 0.2511415525114155 0.0426179604261796 0.0547945205479452
0 0.11948249619482496 0.2968036529680365 0.0441400304414003 0.0547945205479452
0 0.1719939117199391 0.3340943683409437 0.0426179604261796 0.0654490106544901
0 0.13165905631659056 0.3614916286149163 0.0471841704718417 0.0502283105022831
0 0.2846270928462709 0.3432267884322679 0.060882800608828 0.0532724505327245
0 0.2511415525114155 0.4208523592085236 0.0821917808219178 0.0654490106544901
0 0.0273972602739726 0.3995433789954338 0.045662100456621 0.0532724505327245
0 0.0669710806697108 0.4299847792998478 0.0487062404870624 0.0410958904109589
0 0.12252663622526636 0.4003044140030441 0.0593607305936073 0.0365296803652968
0 0.182648401826484 0.3911719939117199 0.045662100456621 0.0426179604261796
0 0.16971080669710806 0.4406392694063927 0.0745814307458143 0.0441400304414003
0 0.24124809741248096 0.4855403348554033 0.0806697108066971 0.0426179604261796
0 0.2039573820395738 0.5190258751902588 0.0791476407914764 0.060882800608828
0 0.2656012176560122 0.530441400304414 0.0471841704718417 0.0319634703196347
0 0.2952815829528158 0.5905631659056316 0.1035007610350076 0.0669710806697108
0 0.20471841704718416 0.5753424657534246 0.0715372907153729 0.045662100456621
0 0.02359208523592085 0.4459665144596651 0.0471841704718417 0.0365296803652968
0 0.3919330289193303 0.6430745814307458 0.0898021308980213 0.0563165905631659
5 0.0350076103500761 0.9771689497716894 0.0547945205479452 0.045662100456621
5 0.0319634703196347 0.9025875190258752 0.0639269406392694 0.0852359208523592
5 0.11187214611872145 0.974124809741248 0.1019786910197869 0.0517503805175038
5 0.24124809741248096 0.958904109589041 0.1415525114155251 0.0821917808219178
5 0.1202435312024353 0.9041095890410958 0.0821917808219178 0.091324200913242
5 0.22754946727549466 0.8576864535768646 0.1232876712328767 0.0989345509893455
5 0.08447488584474885 0.7975646879756468 0.1415525114155251 0.0882800608828006
5 0.10273972602739725 0.7207001522070016 0.0502283105022831 0.0715372907153729
5 0.2146118721461187 0.7519025875190258 0.1430745814307458 0.0943683409436834
5 0.2085235920852359 0.6757990867579908 0.15220700152207 0.0791476407914764
5 0.332572298325723 0.8744292237442922 0.0837138508371385 0.0776255707762557
5 0.3264840182648402 0.80441400304414 0.0715372907153729 0.0776255707762557
5 0.3150684931506849 0.7328767123287672 0.0578386605783866 0.0654490106544901
5 0.3158295281582953 0.6727549467275494 0.0684931506849315 0.0882800608828006
5 0.3873668188736682 0.776255707762557 0.0989345509893455 0.0730593607305936
5 0.3843226788432268 0.7077625570776256 0.0410958904109589 0.060882800608828
5 0.4155251141552511 0.8614916286149162 0.0791476407914764 0.0943683409436834
5 0.4885844748858447 0.8866057838660578 0.0639269406392694 0.0532724505327245
5 0.5038051750380518 0.832572298325723 0.0821917808219178 0.0578386605783866
5 0.487062404870624 0.7800608828006088 0.0852359208523592 0.0563165905631659
5 0.3729071537290715 0.974124809741248 0.106544901065449 0.0517503805175038
5 0.4185692541856925 0.9307458143074582 0.1035007610350076 0.0502283105022831
5 0.515220700152207 0.9528158295281582 0.0867579908675799 0.0639269406392694
5 0.4528158295281583 0.9794520547945206 0.0441400304414003 0.0350076103500761
5 0.6095890410958904 0.8873668188736682 0.1445966514459665 0.1156773211567732
5 0.6993911719939118 0.9733637747336378 0.1659056316590563 0.0532724505327245
5 0.5388127853881278 0.6560121765601218 0.1491628614916286 0.1004566210045662
5 0.728310502283105 0.6514459665144596 0.1293759512937595 0.1339421613394216
5 0.8089802130898022 0.5471841704718418 0.1476407914764079 0.1019786910197869
5 0.8820395738203958 0.6552511415525114 0.1263318112633181 0.0989345509893455
5 0.6537290715372908 0.7617960426179604 0.0593607305936073 0.0745814307458143
5 0.7709284627092846 0.7625570776255708 0.1415525114155251 0.1035007610350076
5 0.9170471841704718 0.7724505327245054 0.1293759512937595 0.1171993911719939
5 0.799847792998478 0.8919330289193302 0.1141552511415525 0.1095890410958904
5 0.9330289193302892 0.8949771689497716 0.1248097412480974 0.091324200913242
5 0.5814307458143074 0.7328767123287672 0.076103500761035 0.0745814307458143
1 0.971841704718417 0.6727549467275494 0.0563165905631659 0.0821917808219178
5 0.8774733637747336 0.439117199391172 0.1019786910197869 0.0989345509893455
5 0.6149162861491628 0.1902587519025875 0.091324200913242 0.0852359208523592
5 0.9581430745814308 0.0426179604261796 0.0837138508371385 0.0821917808219178
5 0.95662100456621 0.1445966514459665 0.0837138508371385 0.0882800608828006
5 0.8287671232876712 0.1780821917808219 0.1324200913242009 0.091324200913242
5 0.7214611872146118 0.0547945205479452 0.0974124809741248 0.091324200913242
5 0.7975646879756468 0.10121765601217655 0.0578386605783866 0.0441400304414003
5 0.8264840182648402 0.0517503805175038 0.0730593607305936 0.0547945205479452
5 0.8691019786910198 0.09665144596651445 0.0639269406392694 0.0502283105022831
5 0.1582952815829528 0.02815829528158295 0.0517503805175038 0.0502283105022831
5 0.0898021308980213 0.02511415525114155 0.0426179604261796 0.0380517503805175
5 0.0258751902587519 0.04794520547945205 0.0517503805175038 0.0502283105022831
5 0.0258751902587519 0.11643835616438356 0.0517503805175038 0.0593607305936073
5 0.1050228310502283 0.0974124809741248 0.0791476407914764 0.0578386605783866
5 0.18188736681887366 0.08751902587519025 0.0532724505327245 0.0593607305936073
5 0.09208523592085235 0.1567732115677321 0.0806697108066971 0.0578386605783866
5 0.01902587519025875 0.1841704718417047 0.0380517503805175 0.060882800608828
5 0.23363774733637746 0.04337899543378995 0.0745814307458143 0.0593607305936073
5 0.2602739726027397 0.10882800608828005 0.0852359208523592 0.0684931506849315
5 0.18493150684931506 0.1613394216133942 0.0593607305936073 0.0700152207001522
5 0.2770167427701674 0.1948249619482496 0.091324200913242 0.0547945205479452
5 0.2207001522070015 0.24581430745814306 0.0700152207001522 0.0837138508371385
5 0.34779299847793 0.0593607305936073 0.0898021308980213 0.0821917808219178
5 0.3554033485540335 0.1339421613394216 0.0532724505327245 0.060882800608828
5 0.3706240487062405 0.2146118721461187 0.0745814307458143 0.0578386605783866
5 0.3295281582952816 0.2800608828006088 0.0806697108066971 0.0730593607305936
5 0.3759512937595129 0.3637747336377473 0.091324200913242 0.0639269406392694
5 0.4269406392694064 0.2907153729071537 0.0593607305936073 0.0487062404870624
5 0.471841704718417 0.23363774733637746 0.091324200913242 0.0563165905631659
5 0.4946727549467275 0.3333333333333333 0.0791476407914764 0.0669710806697108
5 0.4535768645357686 0.4178082191780822 0.0974124809741248 0.0806697108066971
5 0.636986301369863 0.3470319634703196 0.0806697108066971 0.045662100456621
5 0.6560121765601218 0.2876712328767123 0.0547945205479452 0.0517503805175038
5 0.6971080669710806 0.2701674277016743 0.0700152207001522 0.0593607305936073
5 0.5707762557077626 0.3280060882800609 0.0639269406392694 0.0654490106544901
5 0.5692541856925418 0.4025875190258752 0.0791476407914764 0.0532724505327245
5 0.6742770167427702 0.4117199391171994 0.091324200913242 0.0806697108066971
5 0.5502283105022832 0.4824961948249619 0.0867579908675799 0.0791476407914764
5 0.5532724505327246 0.5601217656012176 0.1385083713850837 0.0821917808219178
5 0.3820395738203957 0.5243531202435312 0.0821917808219178 0.0958904109589041
5 0.7785388127853882 0.4033485540334855 0.0867579908675799 0.1035007610350076
5 0.7047184170471842 0.3401826484018265 0.0365296803652968 0.0471841704718417
5 0.6613394216133942 0.515220700152207 0.0684931506849315 0.0715372907153729