6 0.9635258358662614 0.5616438356164384 0.03343465045592705 0.0334855403348554
5 0.6717325227963525 0.0228310502283105 0.0790273556231003 0.045662100456621
5 0.6056231003039514 0.10882800608828005 0.10182370820668693 0.1567732115677321
5 0.7120060790273556 0.1035007610350076 0.06231003039513678 0.0578386605783866
5 0.7933130699088146 0.1339421613394216 0.12462006079027356 0.091324200913242
1 0.44224924012158057 0.9596651445966514 0.12462006079027356 0.0684931506849315
0 0.6474164133738601 0.9619482496194824 0.0668693009118541 0.0578386605783866
0 0.5098784194528876 0.8858447488584474 0.07750759878419453 0.0700152207001522
0 0.6041033434650456 0.8112633181126332 0.08054711246200608 0.0578386605783866
0 0.6322188449848024 0.8843226788432268 0.16109422492401215 0.0852359208523592
0 0.5007598784194529 0.821917808219178 0.08358662613981763 0.0517503805175038
0 0.5668693009118541 0.7404870624048706 0.06990881458966565 0.0502283105022831
0 0.689209726443769 0.408675799086758 0.08966565349544073 0.0989345509893455
0 0.6983282674772037 0.6354642313546424 0.06231003039513678 0.0867579908675799
0 0.7879939209726444 0.6339421613394216 0.07446808510638298 0.0806697108066971
0 0.5881458966565349 0.3972602739726027 0.0790273556231003 0.1308980213089802
0 0.6276595744680851 0.6879756468797564 0.1033434650455927 0.0639269406392694
0 0.5919452887537994 0.54337899543379 0.10486322188449848 0.0821917808219178
0 0.6937689969604863 0.5403348554033486 0.12613981762917933 0.106544901065449
0 0.5281155015197568 0.665144596651446 0.08054711246200608 0.091324200913242
0 0.628419452887538 0.6187214611872146 0.10790273556231003 0.0654490106544901
1 0.574468085106383 0.974124809741248 0.11550151975683891 0.0517503805175038
5 0.7849544072948328 0.9398782343987824 0.13221884498480244 0.0806697108066971
5 0.6884498480243161 0.7960426179604262 0.1094224924012158 0.1339421613394216
5 0.7712765957446809 0.7404870624048706 0.08966565349544073 0.1111111111111111
5 0.7674772036474165 0.8417047184170472 0.09422492401215805 0.0791476407914764
5 0.8799392097264438 0.878234398782344 0.1398176291793313 0.197869101978691
5 0.9300911854103343 0.7138508371385084 0.11246200607902736 0.1187214611872146
5 0.8890577507598785 0.5981735159817352 0.11854103343465046 0.0943683409436834
0 0.7917933130699089 0.5312024353120244 0.06990881458966565 0.1400304414003044
0 0.5030395136778115 0.7549467275494672 0.10030395136778116 0.0852359208523592
5 0.837386018237082 0.4292237442922374 0.08814589665653495 0.091324200913242
5 0.8898176291793313 0.0958904109589041 0.09878419452887538 0.1004566210045662
5 0.7629179331306991 0.2579908675799087 0.13069908814589665 0.1293759512937595
5 0.6291793313069909 0.2480974124809741 0.10030395136778116 0.1004566210045662
5 0.9209726443768997 0.3028919330289193 0.12462006079027356 0.197869101978691
0 0.49848024316109424 0.5471841704718418 0.07598784194528875 0.1171993911719939
0 0.7940729483282675 0.0213089802130898 0.12613981762917933 0.0365296803652968
0 0.5334346504559271 0.4528158295281583 0.11246200607902736 0.0837138508371385
3 0.4004559270516717 0.2328767123287671 0.15653495440729484 0.1643835616438356
3 0.30015197568389057 0.08599695585996955 0.18693009118541035 0.1354642313546423
3 0.17553191489361702 0.7701674277016742 0.35106382978723405 0.4322678843226788
3 0.22872340425531915 0.4512937595129376 0.29635258358662614 0.1719939117199391
3 0.18009118541033434 0.2557077625570776 0.25379939209726443 0.1948249619482496