7 0.21656534954407294 0.8051750380517504 0.06534954407294832 0.076103500761035
7 0.331306990881459 0.5821917808219178 0.057750759878419454 0.0593607305936073
5 0.47796352583586627 0.6537290715372908 0.17477203647416414 0.1567732115677321
5 0.648176291793313 0.7671232876712328 0.2507598784194529 0.182648401826484
5 0.44376899696048633 0.8668188736681888 0.1580547112462006 0.2602739726027397
5 0.6588145896656535 0.9200913242009132 0.21124620060790272 0.1598173515981735
6 0.2750759878419453 0.8264840182648402 0.0364741641337386 0.0395738203957382
5 0.3670212765957447 0.2770167427701674 0.16261398176291794 0.1887366818873668
5 0.6580547112462006 0.136986301369863 0.19756838905775076 0.0821917808219178
5 0.5113981762917933 0.1917808219178082 0.13221884498480244 0.1430745814307458
5 0.7135258358662614 0.2640791476407915 0.18085106382978725 0.1750380517503805
5 0.5379939209726444 0.3295281582952816 0.1702127659574468 0.1293759512937595
5 0.5174772036474165 0.4916286149162861 0.15045592705167174 0.1796042617960426
5 0.6709726443768997 0.532724505327245 0.1534954407294833 0.258751902587519
6 0.13221884498480244 0.6050228310502284 0.030395136778115502 0.0289193302891933
5 0.5577507598784195 0.0441400304414003 0.13677811550151975 0.0882800608828006
3 0.9050151975683891 0.07534246575342465 0.11702127659574468 0.1202435312024353
3 0.8305471124620061 0.4505327245053272 0.14437689969604864 0.1126331811263318
3 0.8966565349544073 0.3105022831050228 0.0425531914893617 0.0426179604261796
3 0.8183890577507599 0.5981735159817352 0.135258358662614 0.1643835616438356
3 0.8199088145896657 0.9208523592085236 0.07446808510638298 0.0639269406392694