5 0.4642313546423135 0.771689497716895 0.1095890410958904 0.1308980213089802
5 0.6248097412480974 0.6484018264840182 0.1080669710806697 0.1400304414003044
5 0.9406392694063926 0.882800608828006 0.1187214611872146 0.1643835616438356
5 0.7617960426179604 0.9200913242009132 0.1080669710806697 0.1537290715372907
5 0.6491628614916286 0.8074581430745814 0.0928462709284627 0.1019786910197869
5 0.3203957382039574 0.8378995433789954 0.0806697108066971 0.0989345509893455
5 0.07838660578386605 0.8424657534246576 0.1354642313546423 0.1202435312024353
5 0.20776255707762556 0.9315068493150684 0.0989345509893455 0.1035007610350076
5 0.4535768645357686 0.5791476407914764 0.1004566210045662 0.1232876712328767
5 0.0882800608828006 0.669710806697108 0.1339421613394216 0.1430745814307458
5 0.197869101978691 0.4436834094368341 0.1339421613394216 0.1293759512937595
5 0.5334855403348554 0.3706240487062405 0.1385083713850837 0.1506849315068493
5 0.578386605783866 0.136986301369863 0.1339421613394216 0.1095890410958904
5 0.1780821917808219 0.13926940639269406 0.1308980213089802 0.1293759512937595
5 0.3668188736681887 0.06621004566210045 0.1278538812785388 0.1050228310502283
5 0.8082191780821918 0.11035007610350075 0.1035007610350076 0.1019786910197869
5 0.8531202435312024 0.4687975646879756 0.1050228310502283 0.121765601217656
5 0.3668188736681887 0.2176560121765601 0.0943683409436834 0.0974124809741248
5 0.24124809741248096 0.7100456621004566 0.1171993911719939 0.1111111111111111
5 0.0669710806697108 0.286910197869102 0.1095890410958904 0.1019786910197869
5 0.8599695585996956 0.2602739726027397 0.0974124809741248 0.1004566210045662
5 0.9383561643835616 0.0517503805175038 0.1050228310502283 0.0882800608828006
5 0.7770167427701674 0.6057838660578386 0.1263318112633181 0.1339421613394216
5 0.2343987823439878 0.2808219178082192 0.1095890410958904 0.1354642313546423
5 0.8135464231354642 0.7351598173515982 0.0958904109589041 0.091324200913242
5 0.4779299847792998 0.9246575342465754 0.0852359208523592 0.0898021308980213
5 0.5776255707762558 0.967275494672755 0.1019786910197869 0.0654490106544901
5 0.4003044140030441 0.4581430745814307 0.0700152207001522 0.0700152207001522
5 0.632420091324201 0.4642313546423135 0.0593607305936073 0.0639269406392694
5 0.7534246575342466 0.3378995433789954 0.0821917808219178 0.091324200913242
5 0.7534246575342466 0.4315068493150685 0.0700152207001522 0.0624048706240487
5 0.9733637747336378 0.2404870624048706 0.0532724505327245 0.1095890410958904