5 0.271689497716895 0.8873668188736682 0.0989345509893455 0.076103500761035
5 0.4604261796042618 0.954337899543379 0.0532724505327245 0.0700152207001522
5 0.5829528158295282 0.9512937595129376 0.182648401826484 0.0974124809741248
5 0.3599695585996956 0.2853881278538813 0.0989345509893455 0.1202435312024353
5 0.4832572298325723 0.12861491628614916 0.1171993911719939 0.1354642313546423
7 0.4368340943683409 0.2595129375951294 0.0243531202435312 0.0563165905631659
5 0.5235920852359208 0.3158295281582953 0.1613394216133942 0.0928462709284627
7 0.5357686453576864 0.243531202435312 0.0943683409436834 0.0517503805175038
7 0.4596651445966514 0.7831050228310502 0.045662100456621 0.0532724505327245
6 0.726027397260274 0.08751902587519025 0.0182648401826484 0.0136986301369863
6 0.7077625570776256 0.14992389649923896 0.030441400304414 0.0136986301369863
6 0.7572298325722984 0.14840182648401826 0.0167427701674277 0.0167427701674277
6 0.758751902587519 0.1232876712328767 0.0197869101978691 0.0213089802130898
6 0.7511415525114156 0.0898021308980213 0.0106544901065449 0.0121765601217656
5 0.6986301369863014 0.8310502283105022 0.1004566210045662 0.0882800608828006
1 0.6643835616438356 0.5365296803652968 0.0867579908675799 0.0928462709284627
5 0.7808219178082192 0.3127853881278539 0.1126331811263318 0.0776255707762557
5 0.6560121765601218 0.319634703196347 0.0639269406392694 0.0791476407914764
5 0.8105022831050228 0.0898021308980213 0.0593607305936073 0.0578386605783866
5 0.684931506849315 0.4185692541856925 0.0882800608828006 0.1035007610350076
3 0.9162861491628614 0.4809741248097412 0.1582952815829528 0.2009132420091324
5 0.8812785388127854 0.3767123287671233 0.060882800608828 0.0745814307458143
5 0.7229832572298326 0.7359208523592086 0.0517503805175038 0.0441400304414003
3 0.8904109589041096 0.7298325722983258 0.213089802130898 0.2876712328767123
3 0.8051750380517504 0.9162861491628614 0.1552511415525114 0.1582952815829528
3 0.9307458143074582 0.2085235920852359 0.1354642313546423 0.258751902587519