6 0.7062404870624048 0.4642313546423135 0.015220700152207 0.0121765601217656
6 0.730593607305936 0.4649923896499239 0.0182648401826484 0.0136986301369863
6 0.7161339421613394 0.5060882800608828 0.0197869101978691 0.0136986301369863
6 0.682648401826484 0.5502283105022832 0.0106544901065449 0.0167427701674277
3 0.2701674277016743 0.6149162861491628 0.2237442922374429 0.2191780821917808
3 0.601978691019787 0.4147640791476408 0.0867579908675799 0.1902587519025875
3 0.7123287671232876 0.04185692541856925 0.0943683409436834 0.0837138508371385
3 0.6293759512937596 0.2754946727549467 0.0928462709284627 0.0547945205479452
3 0.07077625570776255 0.4520547945205479 0.0989345509893455 0.1704718417047184
3 0.0776255707762557 0.7625570776255708 0.1308980213089802 0.1552511415525114
3 0.07686453576864535 0.6012176560121766 0.1293759512937595 0.121765601217656
3 0.4208523592085236 0.7070015220700152 0.0806697108066971 0.2146118721461187