1 0.1899696048632219 0.6636225266362252 0.1094224924012158 0.0791476407914764
1 0.044832826747720364 0.6666666666666666 0.08358662613981763 0.1035007610350076
5 0.37537993920972645 0.6689497716894978 0.08206686930091185 0.0624048706240487
5 0.5623100303951368 0.5981735159817352 0.24620060790273557 0.0791476407914764
5 0.7127659574468085 0.5943683409436834 0.0486322188449848 0.0471841704718417
5 0.797112462006079 0.5844748858447488 0.06231003039513678 0.0821917808219178
5 0.3731003039513678 0.8280060882800608 0.12917933130699089 0.136986301369863
5 0.20440729483282674 0.928462709284627 0.1474164133738602 0.1278538812785388
5 0.49848024316109424 0.7899543378995434 0.0972644376899696 0.1308980213089802
5 0.6155015197568389 0.8409436834094368 0.0790273556231003 0.0806697108066971
5 0.6747720364741642 0.9277016742770168 0.03343465045592705 0.0410958904109589
3 0.8958966565349544 0.817351598173516 0.06838905775075987 0.1400304414003044
3 0.18161094224924013 0.7648401826484018 0.21732522796352582 0.0563165905631659
3 0.030395136778115502 0.3759512937595129 0.060790273556231005 0.0852359208523592
3 0.4787234042553192 0.8942161339421614 0.06990881458966565 0.0593607305936073
3 0.5668693009118541 0.967275494672755 0.05167173252279635 0.0654490106544901