1 0.3812785388127854 0.5837138508371386 0.1780821917808219 0.1719939117199391
1 0.8942161339421614 0.7351598173515982 0.1902587519025875 0.1887366818873668
1 0.17275494672754946 0.8592085235920852 0.1750380517503805 0.1567732115677321
1 0.5859969558599696 0.6506849315068494 0.1856925418569254 0.1628614916286149
1 0.4809741248097412 0.7503805175038052 0.213089802130898 0.1582952815829528
1 0.08751902587519025 0.5616438356164384 0.1719939117199391 0.2831050228310502
1 0.6164383561643836 0.11948249619482496 0.182648401826484 0.1811263318112633
1 0.09665144596651445 0.15296803652968036 0.1933028919330289 0.1689497716894977
1 0.4353120243531202 0.24429223744292236 0.167427701674277 0.1293759512937595
1 0.2511415525114155 0.3668188736681887 0.213089802130898 0.1765601217656012
5 0.8942161339421614 0.09665144596651445 0.2115677321156773 0.1567732115677321