5 0.6111111111111112 0.9528158295281582 0.1811263318112633 0.0943683409436834
6 0.4535768645357686 0.7907153729071538 0.0182648401826484 0.0136986301369863
6 0.541095890410959 0.7777777777777778 0.0197869101978691 0.0273972602739726
6 0.6035007610350076 0.5167427701674278 0.0136986301369863 0.0167427701674277
6 0.7146118721461188 0.4939117199391172 0.0197869101978691 0.0350076103500761
6 0.7359208523592086 0.4375951293759513 0.0106544901065449 0.0167427701674277
6 0.6385083713850838 0.4079147640791476 0.0136986301369863 0.0213089802130898
6 0.4505327245053272 0.3592085235920852 0.0121765601217656 0.0182648401826484
6 0.617199391171994 0.3135464231354642 0.0258751902587519 0.0213089802130898
6 0.7732115677321156 0.2579908675799087 0.0273972602739726 0.0167427701674277
6 0.2853881278538813 0.2526636225266362 0.0197869101978691 0.0121765601217656
6 0.7054794520547946 0.14840182648401826 0.0167427701674277 0.0197869101978691
6 0.7876712328767124 0.1278538812785388 0.0136986301369863 0.015220700152207