6 0.512937595129376 0.05547112462006079 0.0426179604261796 0.05015197568389058
6 0.3340943683409437 0.0486322188449848 0.0197869101978691 0.02735562310030395
5 0.487062404870624 0.3594224924012158 0.1765601217656012 0.1474164133738602
6 0.4954337899543379 0.23556231003039513 0.0228310502283105 0.04559270516717325
1 0.8713850837138508 0.06610942249240122 0.1202435312024353 0.13221884498480244
1 0.6887366818873668 0.18085106382978725 0.2420091324200913 0.08814589665653495
1 0.4687975646879756 0.5243161094224924 0.091324200913242 0.14893617021276595
1 0.4147640791476408 0.6337386018237082 0.0958904109589041 0.06990881458966565
1 0.2085235920852359 0.9483282674772037 0.1339421613394216 0.1033434650455927
1 0.2534246575342466 0.8495440729483282 0.1963470319634703 0.13069908814589665
5 0.7062404870624048 0.06231003039513678 0.1613394216133942 0.12462006079027356
5 0.3203957382039574 0.7287234042553191 0.1719939117199391 0.13221884498480244
5 0.4657534246575342 0.9445288753799392 0.1887366818873668 0.11094224924012158
5 0.4931506849315068 0.8290273556231003 0.2313546423135464 0.11398176291793313
5 0.5700152207001522 0.7051671732522796 0.1780821917808219 0.1276595744680851
5 0.6438356164383562 0.520516717325228 0.1917808219178082 0.22036474164133737
5 0.7534246575342466 0.9278115501519757 0.2404870624048706 0.14437689969604864
5 0.9406392694063926 0.8890577507598785 0.1187214611872146 0.22188449848024316
5 0.771689497716895 0.7492401215805471 0.2313546423135464 0.17325227963525835
5 0.9512937595129376 0.7104863221884499 0.0974124809741248 0.13829787234042554
5 0.969558599695586 0.48556231003039513 0.060882800608828 0.13829787234042554
5 0.9269406392694064 0.5843465045592705 0.106544901065449 0.09270516717325228
5 0.8424657534246576 0.4764437689969605 0.1659056316590563 0.11702127659574468
5 0.9322678843226788 0.3601823708206687 0.1354642313546423 0.0911854103343465
5 0.9642313546423136 0.23024316109422494 0.0715372907153729 0.15653495440729484
5 0.7488584474885844 0.3229483282674772 0.1856925418569254 0.1717325227963526
1 0.6537290715372908 0.2864741641337386 0.1080669710806697 0.13829787234042554