1 0.6565349544072948 0.15653495440729484 0.0790273556231003 0.13069908814589665
5 0.425531914893617 0.9696048632218845 0.1094224924012158 0.060790273556231005
5 0.4376899696048632 0.9141337386018237 0.0729483282674772 0.06838905775075987
5 0.6086626139817629 0.8776595744680851 0.11094224924012158 0.09878419452887538
5 0.6990881458966566 0.9468085106382979 0.11854103343465046 0.08206686930091185
5 0.49544072948328266 0.5509118541033434 0.0851063829787234 0.08358662613981763
5 0.5151975683890577 0.6367781155015197 0.11854103343465046 0.06382978723404255
5 0.46048632218844987 0.20516717325227962 0.060790273556231005 0.04559270516717325
5 0.5091185410334347 0.9133738601823708 0.07598784194528875 0.11550151975683891
5 0.5759878419452887 0.9703647416413373 0.1337386018237082 0.05927051671732523
5 0.5987841945288754 0.526595744680851 0.09422492401215805 0.06838905775075987
5 0.5653495440729484 0.25227963525835867 0.11550151975683891 0.0790273556231003
5 0.7059270516717325 0.30015197568389057 0.10486322188449848 0.1595744680851064
5 0.47112462006079026 0.425531914893617 0.21580547112462006 0.1762917933130699
5 0.5121580547112462 0.32142857142857145 0.11246200607902736 0.14437689969604864
5 0.3655015197568389 0.5759878419452887 0.10790273556231003 0.1337386018237082
5 0.5364741641337386 0.07750759878419453 0.20972644376899696 0.15501519756838905
5 0.7249240121580547 0.06610942249240122 0.0972644376899696 0.10182370820668693
3 0.21048632218844984 0.6550151975683891 0.15045592705167174 0.11246200607902736
3 0.21124620060790272 0.8351063829787234 0.22796352583586627 0.1838905775075988
3 0.2712765957446808 0.20516717325227962 0.196048632218845 0.41033434650455924