6 0.4665144596651446 0.6177811550151976 0.0289193302891933 0.019756838905775075
1 0.4505327245053272 0.9688449848024316 0.1278538812785388 0.06231003039513678
6 0.454337899543379 0.8837386018237082 0.0441400304414003 0.034954407294832825
6 0.4353120243531202 0.8358662613981763 0.0273972602739726 0.03343465045592705
3 0.21689497716894976 0.15729483282674772 0.1171993911719939 0.15653495440729484
3 0.2625570776255708 0.29711246200607905 0.0776255707762557 0.09270516717325228
3 0.3706240487062405 0.30775075987841943 0.1050228310502283 0.6155015197568389
3 0.16818873668188736 0.7082066869300911 0.0715372907153729 0.5835866261398176
3 0.2602739726027397 0.6048632218844985 0.0791476407914764 0.08206686930091185
3 0.700152207001522 0.1952887537993921 0.0821917808219178 0.05623100303951368
3 0.2914764079147641 0.8381458966565349 0.1476407914764079 0.32370820668693007