5 0.0471841704718417 0.6613394216133942 0.0882800608828006 0.1659056316590563
7 0.0182648401826484 0.3858447488584475 0.030441400304414 0.0837138508371385
7 0.15220700152207 0.5449010654490106 0.0730593607305936 0.0700152207001522
7 0.1248097412480974 0.271689497716895 0.0730593607305936 0.0624048706240487
5 0.23059360730593606 0.7092846270928462 0.1019786910197869 0.106544901065449
7 0.1004566210045662 0.1278538812785388 0.0578386605783866 0.0395738203957382
3 0.5015220700152208 0.4200913242009132 0.0928462709284627 0.136986301369863
5 0.5007610350076104 0.2929984779299848 0.076103500761035 0.0867579908675799
5 0.0852359208523592 0.0365296803652968 0.1095890410958904 0.0730593607305936
3 0.5266362252663622 0.8310502283105022 0.0882800608828006 0.076103500761035
1 0.5380517503805176 0.7351598173515982 0.0715372907153729 0.106544901065449
5 0.4893455098934551 0.5837138508371386 0.0593607305936073 0.0624048706240487
5 0.3333333333333333 0.439117199391172 0.0700152207001522 0.0745814307458143
5 0.22450532724505326 0.5296803652968036 0.0502283105022831 0.0517503805175038
5 0.378234398782344 0.6255707762557078 0.0776255707762557 0.0791476407914764
3 0.649923896499239 0.4596651445966514 0.2557077625570776 0.2952815829528158
3 0.7047184170471842 0.05555555555555555 0.2800608828006088 0.1111111111111111
3 0.9779299847792998 0.604261796042618 0.0441400304414003 0.791476407914764
3 0.649923896499239 0.7336377473363774 0.1400304414003044 0.2465753424657534
3 0.6103500761035008 0.939117199391172 0.273972602739726 0.121765601217656
3 0.5266362252663622 0.05251141552511415 0.1187214611872146 0.1050228310502283
3 0.6210045662100456 0.2039573820395738 0.136986301369863 0.1735159817351598