5 0.5159817351598174 0.4870820668693009 0.1308980213089802 0.10182370820668693
5 0.5449010654490106 0.06610942249240122 0.1704718417047184 0.12613981762917933
5 0.182648401826484 0.6466565349544073 0.0974124809741248 0.07750759878419453
5 0.2176560121765601 0.47112462006079026 0.0487062404870624 0.0911854103343465
5 0.2914764079147641 0.44680851063829785 0.0471841704718417 0.060790273556231005
5 0.3949771689497717 0.3556231003039514 0.0715372907153729 0.0911854103343465
5 0.2838660578386606 0.324468085106383 0.0684931506849315 0.11094224924012158
5 0.3211567732115677 0.5478723404255319 0.1004566210045662 0.07750759878419453
0 0.7146118721461188 0.8936170212765957 0.1080669710806697 0.10030395136778116
0 0.7968036529680366 0.9688449848024316 0.1171993911719939 0.06231003039513678
0 0.9124809741248098 0.9756838905775076 0.0989345509893455 0.0486322188449848
0 0.7168949771689498 0.648936170212766 0.1126331811263318 0.08814589665653495
5 0.667427701674277 0.041033434650455926 0.0684931506849315 0.05167173252279635
5 0.9170471841704718 0.7834346504559271 0.0867579908675799 0.08358662613981763
5 0.9649923896499238 0.9012158054711246 0.0639269406392694 0.1033434650455927
5 0.634703196347032 0.7948328267477204 0.060882800608828 0.06382978723404255
3 0.865296803652968 0.1276595744680851 0.2694063926940639 0.1337386018237082
3 0.332572298325723 0.12006079027355623 0.1476407914764079 0.22492401215805471
3 0.5730593607305936 0.28343465045592703 0.2146118721461187 0.06231003039513678
3 0.1248097412480974 0.8556231003039514 0.0791476407914764 0.2887537993920973