5 0.12100456621004566 0.395738203957382 0.0928462709284627 0.1004566210045662
5 0.11491628614916286 0.5342465753424658 0.0958904109589041 0.076103500761035
5 0.0395738203957382 0.7427701674277016 0.0791476407914764 0.1126331811263318
5 0.02663622526636225 0.2511415525114155 0.0532724505327245 0.076103500761035
5 0.7929984779299848 0.9269406392694064 0.15220700152207 0.121765601217656
5 0.4155251141552511 0.1232876712328767 0.1308980213089802 0.1095890410958904
5 0.20776255707762556 0.0517503805175038 0.1263318112633181 0.0882800608828006
5 0.3028919330289193 0.0745814307458143 0.1004566210045662 0.0821917808219178
5 0.1232876712328767 0.228310502283105 0.0852359208523592 0.0821917808219178
5 0.030441400304414 0.1263318112633181 0.060882800608828 0.1430745814307458
3 0.4421613394216134 0.3637747336377473 0.2907153729071537 0.2709284627092846
3 0.8272450532724506 0.4299847792998478 0.2480974124809741 0.8569254185692542
3 0.3881278538812785 0.8942161339421614 0.2922374429223744 0.2115677321156773
3 0.3691019786910198 0.5646879756468798 0.1445966514459665 0.1308980213089802