5 0.0654490106544901 0.4444444444444444 0.1308980213089802 0.1643835616438356
5 0.09056316590563165 0.7351598173515982 0.1506849315068493 0.1552511415525114
5 0.4885844748858447 0.6910197869101978 0.1004566210045662 0.1126331811263318
3 0.5121765601217656 0.8964992389649924 0.0715372907153729 0.2070015220700152
3 0.6012176560121766 0.832572298325723 0.1461187214611872 0.334855403348554
5 0.601978691019787 0.6202435312024354 0.0837138508371385 0.0776255707762557
5 0.1080669710806697 0.167427701674277 0.0791476407914764 0.0700152207001522
5 0.2146118721461187 0.4946727549467275 0.0974124809741248 0.076103500761035
5 0.2024353120243531 0.6202435312024354 0.1461187214611872 0.0745814307458143
3 0.3356164383561644 0.9383561643835616 0.0715372907153729 0.0715372907153729
1 0.4101978691019787 0.8272450532724506 0.0837138508371385 0.0898021308980213
1 0.4094368340943683 0.9231354642313546 0.106544901065449 0.0958904109589041
1 0.2792998477929985 0.9756468797564688 0.0471841704718417 0.045662100456621
5 0.23972602739726026 0.8280060882800608 0.0441400304414003 0.0426179604261796
5 0.2054794520547945 0.7815829528158296 0.0639269406392694 0.0593607305936073
5 0.3158295281582953 0.7214611872146118 0.1111111111111111 0.0882800608828006
5 0.2907153729071537 0.5312024353120244 0.0426179604261796 0.0547945205479452
5 0.3165905631659056 0.5821917808219178 0.060882800608828 0.0654490106544901
5 0.3675799086757991 0.4741248097412481 0.0898021308980213 0.1171993911719939
5 0.4680365296803653 0.4954337899543379 0.0745814307458143 0.0928462709284627
5 0.3302891933028919 0.2176560121765601 0.1704718417047184 0.1582952815829528
3 0.5859969558599696 0.1430745814307458 0.3592085235920852 0.2709284627092846
3 0.9558599695585996 0.1628614916286149 0.0882800608828006 0.3226788432267884
3 0.9528158295281582 0.4817351598173516 0.0943683409436834 0.2663622526636225
3 0.928462709284627 0.8051750380517504 0.1430745814307458 0.3835616438356164
3 0.60882800608828 0.4452054794520548 0.1430745814307458 0.2420091324200913
3 0.4063926940639269 0.6339421613394216 0.060882800608828 0.0837138508371385