1 0.939117199391172 0.8637747336377474 0.121765601217656 0.2724505327245053
1 0.6887366818873668 0.6103500761035008 0.1476407914764079 0.1308980213089802
1 0.8211567732115678 0.5296803652968036 0.0898021308980213 0.1248097412480974
1 0.1780821917808219 0.4178082191780822 0.1765601217656012 0.1537290715372907
1 0.5662100456621004 0.10426179604261795 0.15220700152207 0.1659056316590563
1 0.1278538812785388 0.7899543378995434 0.2343987823439878 0.2526636225266362
1 0.4642313546423135 0.9033485540334856 0.1035007610350076 0.1141552511415525
1 0.4292237442922374 0.7100456621004566 0.1552511415525114 0.1628614916286149
1 0.4923896499238965 0.4840182648401826 0.1202435312024353 0.1430745814307458
1 0.3439878234398782 0.11796042617960426 0.1643835616438356 0.1202435312024353
1 0.4003044140030441 0.3165905631659056 0.15220700152207 0.1461187214611872
1 0.09056316590563165 0.2823439878234399 0.1445966514459665 0.1689497716894977
1 0.758751902587519 0.2975646879756469 0.1659056316590563 0.2876712328767123
1 0.7983257229832572 0.7617960426179604 0.1354642313546423 0.1415525114155251