1 0.7864741641337386 0.09360730593607305 0.21732522796352582 0.1872146118721461
1 0.53419452887538 0.0745814307458143 0.22036474164133737 0.1461187214611872
1 0.3290273556231003 0.2625570776255708 0.18085106382978725 0.1689497716894977
1 0.11626139817629179 0.2191780821917808 0.17477203647416414 0.2161339421613394
1 0.40425531914893614 0.45662100456621 0.1458966565349544 0.1400304414003044
1 0.5554711246200608 0.2747336377473364 0.19300911854103345 0.1537290715372907
1 0.3533434650455927 0.7899543378995434 0.1838905775075988 0.2100456621004566
1 0.6428571428571429 0.5289193302891934 0.1519756838905775 0.1933028919330289
1 0.8457446808510638 0.4528158295281583 0.12613981762917933 0.1354642313546423
1 0.8632218844984803 0.715372907153729 0.24316109422492402 0.2831050228310502
1 0.6306990881458967 0.8949771689497716 0.17933130699088146 0.2100456621004566
1 0.19680851063829788 0.5045662100456622 0.11702127659574468 0.1232876712328767
1 0.10486322188449848 0.7480974124809742 0.20972644376899696 0.2267884322678843