1 0.0715372907153729 0.5677321156773212 0.106544901065449 0.1187214611872146
5 0.6004566210045662 0.136986301369863 0.1141552511415525 0.121765601217656
5 0.819634703196347 0.1430745814307458 0.2024353120243531 0.1339421613394216
5 0.6263318112633182 0.2374429223744292 0.1141552511415525 0.0882800608828006
5 0.5494672754946728 0.3691019786910198 0.1400304414003044 0.1293759512937595
5 0.4619482496194825 0.5540334855403348 0.1263318112633181 0.2009132420091324
5 0.6902587519025876 0.6012176560121766 0.1324200913242009 0.15220700152207
5 0.2823439878234399 0.8691019786910198 0.1719939117199391 0.1095890410958904
5 0.1050228310502283 0.8120243531202436 0.1035007610350076 0.1324200913242009
5 0.4094368340943683 0.84779299847793 0.136986301369863 0.136986301369863
5 0.18493150684931506 0.7222222222222222 0.1750380517503805 0.1293759512937595
5 0.3280060882800609 0.7290715372907154 0.0867579908675799 0.0943683409436834
5 0.3515981735159817 0.6453576864535768 0.0882800608828006 0.091324200913242
5 0.3150684931506849 0.5578386605783866 0.091324200913242 0.0958904109589041
5 0.2252663622526636 0.4512937595129376 0.1035007610350076 0.1293759512937595
5 0.1308980213089802 0.3736681887366819 0.0882800608828006 0.1476407914764079
5 0.15449010654490106 0.2777777777777778 0.1780821917808219 0.1141552511415525
5 0.08751902587519025 0.15753424657534246 0.1293759512937595 0.0715372907153729
5 0.1659056316590563 0.0974124809741248 0.167427701674277 0.1035007610350076
5 0.2777777777777778 0.1887366818873668 0.1293759512937595 0.1095890410958904
5 0.3508371385083714 0.1019786910197869 0.1628614916286149 0.106544901065449
5 0.8843226788432268 0.363013698630137 0.1035007610350076 0.0806697108066971
5 0.8926940639269406 0.2922374429223744 0.1019786910197869 0.091324200913242
5 0.3089802130898021 0.3980213089802131 0.0578386605783866 0.1019786910197869
5 0.3866057838660578 0.3371385083713851 0.1339421613394216 0.1293759512937595
5 0.7199391171993912 0.8850837138508372 0.2313546423135464 0.1628614916286149
5 0.5418569254185692 0.8637747336377474 0.0943683409436834 0.1141552511415525
5 0.8599695585996956 0.6940639269406392 0.106544901065449 0.1400304414003044
5 0.8995433789954338 0.8645357686453576 0.1035007610350076 0.1035007610350076
5 0.4878234398782344 0.10121765601217655 0.1111111111111111 0.1171993911719939
5 0.5837138508371386 0.5418569254185692 0.0867579908675799 0.1248097412480974
5 0.4634703196347032 0.7176560121765602 0.0989345509893455 0.0958904109589041
5 0.563165905631659 0.708523592085236 0.091324200913242 0.1719939117199391
5 0.7161339421613394 0.7526636225266362 0.1872146118721461 0.1293759512937595
5 0.8120243531202436 0.5654490106544902 0.1324200913242009 0.1111111111111111
5 0.4634703196347032 0.23211567732115676 0.1445966514459665 0.1141552511415525
5 0.7678843226788432 0.3835616438356164 0.2359208523592085 0.213089802130898