1 0.7724505327245054 0.7732115677321156 0.2054794520547945 0.1400304414003044
1 0.05555555555555555 0.8683409436834094 0.0989345509893455 0.1171993911719939
5 0.5159817351598174 0.2640791476407915 0.167427701674277 0.1324200913242009
5 0.560882800608828 0.3280060882800609 0.1415525114155251 0.1324200913242009
5 0.09817351598173515 0.3257229832572298 0.1598173515981735 0.1552511415525114
5 0.1643835616438356 0.21385083713850836 0.1248097412480974 0.0867579908675799
5 0.16971080669710806 0.1263318112633181 0.0806697108066971 0.1035007610350076
5 0.2762557077625571 0.1841704718417047 0.0989345509893455 0.1491628614916286
5 0.7199391171993912 0.1567732115677321 0.1035007610350076 0.1248097412480974
5 0.7404870624048706 0.3089802130898021 0.0989345509893455 0.1187214611872146
5 0.8074581430745814 0.2709284627092846 0.0806697108066971 0.1491628614916286
7 0.908675799086758 0.2420091324200913 0.045662100456621 0.076103500761035
5 0.8401826484018264 0.0958904109589041 0.182648401826484 0.1491628614916286
5 0.4124809741248097 0.22298325722983256 0.1095890410958904 0.1293759512937595
5 0.3089802130898021 0.0715372907153729 0.1095890410958904 0.091324200913242
5 0.3059360730593607 0.4056316590563166 0.1796042617960426 0.2541856925418569
5 0.10426179604261795 0.6339421613394216 0.1567732115677321 0.1902587519025875
5 0.1278538812785388 0.4878234398782344 0.1035007610350076 0.1415525114155251
5 0.24581430745814306 0.6301369863013698 0.1111111111111111 0.1704718417047184
5 0.3531202435312024 0.647640791476408 0.091324200913242 0.1324200913242009
5 0.5464231354642314 0.6925418569254186 0.2252663622526636 0.167427701674277
7 0.13774733637747336 0.7968036529680366 0.0502283105022831 0.0867579908675799
5 0.2671232876712329 0.8432267884322678 0.1719939117199391 0.2404870624048706
5 0.13318112633181126 0.9482496194824962 0.1141552511415525 0.0730593607305936
5 0.4649923896499239 0.8386605783866058 0.1263318112633181 0.1704718417047184
5 0.5837138508371386 0.8409436834094368 0.0715372907153729 0.1141552511415525
5 0.6704718417047184 0.9140030441400304 0.1628614916286149 0.1415525114155251
5 0.4429223744292237 0.563165905631659 0.0882800608828006 0.076103500761035
5 0.4330289193302892 0.3706240487062405 0.0532724505327245 0.0958904109589041
5 0.5098934550989346 0.4878234398782344 0.136986301369863 0.1719939117199391
5 0.8835616438356164 0.89117199391172 0.1263318112633181 0.1415525114155251
1 0.9429223744292238 0.6111111111111112 0.0989345509893455 0.1111111111111111
5 0.8432267884322678 0.4459665144596651 0.136986301369863 0.1339421613394216
5 0.6894977168949772 0.4680365296803653 0.1095890410958904 0.1445966514459665
5 0.4094368340943683 0.09665144596651445 0.0730593607305936 0.1019786910197869
5 0.5844748858447488 0.13165905631659056 0.1248097412480974 0.1141552511415525