1 0.5797872340425532 0.4893455098934551 0.12613981762917933 0.1445966514459665
1 0.19908814589665655 0.1111111111111111 0.1702127659574468 0.1400304414003044
2 0.05243161094224924 0.0593607305936073 0.06838905775075987 0.0639269406392694
1 0.19832826747720364 0.3607305936073059 0.11094224924012158 0.121765601217656
1 0.2188449848024316 0.5197869101978692 0.12158054711246201 0.1324200913242009
1 0.6732522796352584 0.2595129375951294 0.1094224924012158 0.0867579908675799
1 0.6975683890577508 0.17275494672754946 0.12462006079027356 0.0806697108066971
1 0.5091185410334347 0.2115677321156773 0.0911854103343465 0.0730593607305936
7 0.6063829787234043 0.0974124809741248 0.1094224924012158 0.060882800608828
1 0.8115501519756839 0.0898021308980213 0.07598784194528875 0.0943683409436834
1 0.9202127659574468 0.0852359208523592 0.09574468085106383 0.0730593607305936
1 0.8153495440729484 0.22907153729071536 0.09878419452887538 0.1019786910197869
1 0.8913373860182371 0.3143074581430746 0.11094224924012158 0.1171993911719939
1 0.7606382978723404 0.3660578386605784 0.11094224924012158 0.1324200913242009
1 0.3009118541033435 0.2252663622526636 0.1398176291793313 0.1552511415525114
1 0.4430091185410334 0.3211567732115677 0.08358662613981763 0.1095890410958904
1 0.5501519756838906 0.2831050228310502 0.0911854103343465 0.1035007610350076
1 0.42629179331306993 0.4581430745814307 0.11094224924012158 0.1248097412480974
1 0.5524316109422492 0.6210045662100456 0.07142857142857142 0.0943683409436834
1 0.4521276595744681 0.5753424657534246 0.08358662613981763 0.0730593607305936
1 0.11170212765957446 0.23820395738203956 0.07142857142857142 0.0837138508371385
5 0.09422492401215805 0.6453576864535768 0.12158054711246201 0.0791476407914764
5 0.19072948328267478 0.6757990867579908 0.05015197568389058 0.0882800608828006
5 0.20212765957446807 0.8417047184170472 0.1398176291793313 0.1095890410958904
5 0.4878419452887538 0.9048706240487062 0.1702127659574468 0.0989345509893455
5 0.8563829787234043 0.9155251141552512 0.1778115501519757 0.0867579908675799
5 0.817629179331307 0.7663622526636226 0.15501519756838905 0.1324200913242009
5 0.662613981762918 0.7336377473363774 0.15501519756838905 0.091324200913242
5 0.6694528875379939 0.860730593607306 0.12613981762917933 0.1019786910197869
5 0.8533434650455927 0.5692541856925418 0.14437689969604864 0.1948249619482496
1 0.0858662613981763 0.3736681887366819 0.09574468085106383 0.1019786910197869
1 0.3617021276595745 0.0776255707762557 0.08814589665653495 0.1095890410958904
5 0.9399696048632219 0.7945205479452054 0.09574468085106383 0.091324200913242