5 0.4284627092846271 0.4246575342465753 0.1141552511415525 0.1643835616438356
5 0.13318112633181126 0.2115677321156773 0.1141552511415525 0.1248097412480974
5 0.2785388127853881 0.1643835616438356 0.1248097412480974 0.1248097412480974
5 0.3713850837138508 0.21841704718417046 0.1552511415525114 0.1324200913242009
5 0.576103500761035 0.0958904109589041 0.1263318112633181 0.1187214611872146
5 0.1019786910197869 0.4665144596651446 0.136986301369863 0.1111111111111111
5 0.1004566210045662 0.350076103500761 0.0639269406392694 0.076103500761035
5 0.20776255707762556 0.3721461187214612 0.0837138508371385 0.1445966514459665
5 0.14687975646879756 0.6057838660578386 0.0867579908675799 0.1095890410958904
5 0.11187214611872145 0.7511415525114156 0.1476407914764079 0.1171993911719939
5 0.2800608828006088 0.5799086757990868 0.1552511415525114 0.1187214611872146
5 0.3470319634703196 0.815068493150685 0.1187214611872146 0.1476407914764079
5 0.3295281582952816 0.6742770167427702 0.0958904109589041 0.0639269406392694
5 0.4923896499238965 0.8569254185692542 0.0806697108066971 0.0882800608828006
5 0.6491628614916286 0.8698630136986302 0.1445966514459665 0.1263318112633181
5 0.8318112633181126 0.8729071537290716 0.1628614916286149 0.1567732115677321
5 0.8188736681887366 0.6971080669710806 0.1035007610350076 0.1339421613394216
5 0.7861491628614916 0.5494672754946728 0.1111111111111111 0.1035007610350076
5 0.8789954337899544 0.4931506849315068 0.1293759512937595 0.091324200913242
5 0.3203957382039574 0.4421613394216134 0.0958904109589041 0.1324200913242009
5 0.578386605783866 0.2831050228310502 0.121765601217656 0.2009132420091324
5 0.726027397260274 0.2557077625570776 0.091324200913242 0.1035007610350076
5 0.7861491628614916 0.2100456621004566 0.0867579908675799 0.0730593607305936
5 0.7092846270928462 0.1232876712328767 0.0791476407914764 0.1095890410958904
5 0.8812785388127854 0.13470319634703196 0.1643835616438356 0.1324200913242009
5 0.880517503805175 0.3409436834094368 0.1019786910197869 0.136986301369863
5 0.7557077625570776 0.4063926940639269 0.1141552511415525 0.121765601217656
5 0.6248097412480974 0.4535768645357686 0.0958904109589041 0.1035007610350076
5 0.4284627092846271 0.6666666666666666 0.0684931506849315 0.1339421613394216
5 0.530441400304414 0.5730593607305936 0.1476407914764079 0.1293759512937595
5 0.5197869101978692 0.7252663622526636 0.1141552511415525 0.1293759512937595
5 0.18340943683409436 0.8683409436834094 0.1780821917808219 0.1171993911719939
5 0.6613394216133942 0.6133942161339422 0.1141552511415525 0.1187214611872146
5 0.6735159817351598 0.7366818873668188 0.0989345509893455 0.1035007610350076
5 0.0852359208523592 0.05098934550989345 0.1552511415525114 0.1019786910197869
5 0.4315068493150685 0.0517503805175038 0.1111111111111111 0.0882800608828006
5 0.5144596651445966 0.967275494672755 0.1248097412480974 0.0563165905631659
5 0.941400304414003 0.6818873668188736 0.0958904109589041 0.2617960426179604