7 0.3097412480974125 0.182648401826484 0.0715372907153729 0.0821917808219178
5 0.363013698630137 0.2709284627092846 0.0776255707762557 0.1461187214611872
5 0.3158295281582953 0.4497716894977169 0.1050228310502283 0.0958904109589041
5 0.4246575342465753 0.4094368340943683 0.1095890410958904 0.1248097412480974
5 0.17427701674277016 0.5449010654490106 0.1445966514459665 0.1035007610350076
5 0.1567732115677321 0.682648401826484 0.1643835616438356 0.1263318112633181
5 0.302130898021309 0.7359208523592086 0.1019786910197869 0.1019786910197869
5 0.2724505327245053 0.9041095890410958 0.1248097412480974 0.1339421613394216
5 0.13622526636225266 0.8417047184170472 0.1902587519025875 0.1400304414003044
5 0.3812785388127854 0.9155251141552512 0.0806697108066971 0.1111111111111111
5 0.4398782343987823 0.8318112633181126 0.1187214611872146 0.1567732115677321
5 0.3843226788432268 0.6080669710806698 0.1445966514459665 0.1598173515981735
5 0.4824961948249619 0.6917808219178082 0.091324200913242 0.0532724505327245
5 0.545662100456621 0.589041095890411 0.1628614916286149 0.076103500761035
5 0.5464231354642314 0.4931506849315068 0.1400304414003044 0.0639269406392694
5 0.6681887366818874 0.4954337899543379 0.076103500761035 0.0958904109589041
5 0.7146118721461188 0.4056316590563166 0.0532724505327245 0.0867579908675799
5 0.6339421613394216 0.378234398782344 0.0563165905631659 0.0715372907153729
5 0.5601217656012176 0.2952815829528158 0.1095890410958904 0.1339421613394216
5 0.4589041095890411 0.24277016742770166 0.0837138508371385 0.1445966514459665
5 0.4512937595129376 0.0882800608828006 0.1324200913242009 0.0943683409436834
5 0.5700152207001522 0.1628614916286149 0.1141552511415525 0.121765601217656
5 0.6643835616438356 0.12252663622526636 0.0867579908675799 0.0867579908675799
5 0.7123287671232876 0.2465753424657534 0.1400304414003044 0.106544901065449
5 0.8234398782343988 0.2990867579908676 0.0943683409436834 0.1111111111111111
5 0.898021308980213 0.1324200913242009 0.15220700152207 0.15220700152207
5 0.9003044140030442 0.4345509893455099 0.1445966514459665 0.1476407914764079
5 0.8531202435312024 0.5570776255707762 0.1476407914764079 0.1035007610350076
5 0.7252663622526636 0.601978691019787 0.0989345509893455 0.1263318112633181
5 0.5730593607305936 0.8409436834094368 0.1293759512937595 0.1750380517503805
5 0.6225266362252664 0.6986301369863014 0.1339421613394216 0.1187214611872146
5 0.7496194824961948 0.8531202435312024 0.1293759512937595 0.1780821917808219
5 0.8508371385083714 0.7275494672754946 0.136986301369863 0.1339421613394216
5 0.9223744292237442 0.9056316590563166 0.1187214611872146 0.121765601217656
5 0.9299847792998478 0.2762557077625571 0.0639269406392694 0.1111111111111111