5 0.5852359208523592 0.4611872146118721 0.1506849315068493 0.1461187214611872
0 0.6248097412480974 0.6575342465753424 0.0898021308980213 0.0882800608828006
0 0.30441400304414 0.5684931506849316 0.0730593607305936 0.0806697108066971
0 0.3706240487062405 0.4497716894977169 0.0898021308980213 0.0898021308980213
0 0.578386605783866 0.7168949771689498 0.0669710806697108 0.0578386605783866
0 0.13165905631659056 0.7975646879756468 0.0624048706240487 0.060882800608828
0 0.09969558599695585 0.9170471841704718 0.0837138508371385 0.0745814307458143
0 0.791476407914764 0.2686453576864536 0.0943683409436834 0.1080669710806697
0 0.9558599695585996 0.9307458143074582 0.0700152207001522 0.0806697108066971
0 0.9353120243531202 0.8051750380517504 0.0776255707762557 0.0791476407914764
0 0.7009132420091324 0.867579908675799 0.0684931506849315 0.0639269406392694
0 0.4642313546423135 0.91324200913242 0.076103500761035 0.0852359208523592
0 0.4330289193302892 0.776255707762557 0.0867579908675799 0.0852359208523592
0 0.6354642313546424 0.9497716894977168 0.0806697108066971 0.1004566210045662
0 0.7656012176560122 0.4840182648401826 0.091324200913242 0.0821917808219178
0 0.7115677321156774 0.771689497716895 0.0898021308980213 0.0852359208523592
0 0.837138508371385 0.5905631659056316 0.0852359208523592 0.0821917808219178
0 0.3264840182648402 0.952054794520548 0.0837138508371385 0.0867579908675799
0 0.4231354642313546 0.6301369863013698 0.091324200913242 0.076103500761035
0 0.2115677321156773 0.6856925418569254 0.0639269406392694 0.0684931506849315
0 0.8850837138508372 0.9079147640791476 0.0624048706240487 0.0624048706240487
0 0.1993911719939117 0.8036529680365296 0.0730593607305936 0.0669710806697108
0 0.21232876712328766 0.9665144596651446 0.0654490106544901 0.0578386605783866
0 0.0350076103500761 0.7663622526636226 0.0700152207001522 0.0745814307458143
0 0.2770167427701674 0.754185692541857 0.0517503805175038 0.0715372907153729
0 0.850076103500761 0.9794520547945206 0.0776255707762557 0.0410958904109589
0 0.7374429223744292 0.9505327245053272 0.0624048706240487 0.0532724505327245
0 0.9277016742770168 0.5388127853881278 0.0593607305936073 0.0578386605783866
0 0.9383561643835616 0.4010654490106545 0.0471841704718417 0.0684931506849315
0 0.5487062404870624 0.8995433789954338 0.0654490106544901 0.0700152207001522
0 0.3272450532724505 0.6856925418569254 0.076103500761035 0.0563165905631659
0 0.2876712328767123 0.837138508371385 0.0730593607305936 0.0669710806697108
0 0.6902587519025876 0.5745814307458144 0.0593607305936073 0.0624048706240487
0 0.9703196347031964 0.665144596651446 0.0502283105022831 0.0487062404870624
0 0.3470319634703196 0.7853881278538812 0.0517503805175038 0.0547945205479452
0 0.8546423135464232 0.8310502283105022 0.0502283105022831 0.0487062404870624
0 0.7549467275494672 0.8866057838660578 0.0547945205479452 0.0593607305936073
0 0.928462709284627 0.6057838660578386 0.0639269406392694 0.0578386605783866
0 0.03576864535768645 0.6407914764079148 0.0715372907153729 0.060882800608828
0 0.73896499238965 0.6529680365296804 0.0502283105022831 0.0547945205479452
0 0.5068493150684932 0.8158295281582952 0.0487062404870624 0.0517503805175038
0 0.784627092846271 0.7785388127853882 0.0593607305936073 0.0624048706240487
5 0.1933028919330289 0.5395738203957382 0.0821917808219178 0.0958904109589041
5 0.5289193302891934 0.3333333333333333 0.1263318112633181 0.136986301369863
0 0.06164383561643835 0.4155251141552511 0.0928462709284627 0.1278538812785388
0 0.09360730593607305 0.532724505327245 0.1171993911719939 0.1126331811263318
0 0.1430745814307458 0.4246575342465753 0.0821917808219178 0.1004566210045662
0 0.286910197869102 0.4459665144596651 0.0958904109589041 0.1095890410958904