5 0.5654490106544902 0.5091324200913242 0.1628614916286149 0.1293759512937595
1 0.6872146118721462 0.10121765601217655 0.1171993911719939 0.1476407914764079
5 0.5053272450532724 0.1613394216133942 0.121765601217656 0.0943683409436834
5 0.7290715372907154 0.3592085235920852 0.1643835616438356 0.1552511415525114
7 0.7595129375951294 0.22754946727549466 0.0943683409436834 0.0837138508371385
5 0.0852359208523592 0.3942161339421613 0.0791476407914764 0.106544901065449
5 0.10578386605783865 0.2960426179604262 0.0989345509893455 0.1293759512937595
5 0.09817351598173515 0.16514459665144596 0.0989345509893455 0.1111111111111111
5 0.11796042617960426 0.6073059360730594 0.1445966514459665 0.121765601217656
5 0.18188736681887366 0.4946727549467275 0.1598173515981735 0.15220700152207
5 0.2534246575342466 0.3987823439878234 0.0837138508371385 0.060882800608828
5 0.5852359208523592 0.4041095890410959 0.1141552511415525 0.0867579908675799
7 0.573820395738204 0.3051750380517504 0.076103500761035 0.0715372907153729
5 0.2754946727549467 0.2907153729071537 0.1035007610350076 0.1095890410958904
2 0.8264840182648402 0.1232876712328767 0.1035007610350076 0.0882800608828006
7 0.8987823439878234 0.2557077625570776 0.0806697108066971 0.1248097412480974
5 0.34779299847793 0.3774733637747336 0.0806697108066971 0.0791476407914764
5 0.4216133942161339 0.3097412480974125 0.15220700152207 0.1171993911719939
5 0.3508371385083714 0.15296803652968036 0.1872146118721461 0.1415525114155251
5 0.0974124809741248 0.850076103500761 0.121765601217656 0.1415525114155251
5 0.21841704718417046 0.8546423135464232 0.1263318112633181 0.1902587519025875
5 0.3158295281582953 0.708523592085236 0.1750380517503805 0.1171993911719939
5 0.3554033485540335 0.8165905631659056 0.1719939117199391 0.1141552511415525
5 0.3561643835616438 0.5639269406392694 0.106544901065449 0.1171993911719939
5 0.4117199391171994 0.4923896499238965 0.0958904109589041 0.1111111111111111
5 0.4672754946727549 0.4269406392694064 0.091324200913242 0.0806697108066971
5 0.7686453576864536 0.5083713850837138 0.121765601217656 0.1095890410958904
5 0.4817351598173516 0.8691019786910198 0.1324200913242009 0.1095890410958904
5 0.601978691019787 0.845509893455099 0.1111111111111111 0.1324200913242009
5 0.4893455098934551 0.7161339421613394 0.0989345509893455 0.0715372907153729
5 0.556316590563166 0.756468797564688 0.1111111111111111 0.091324200913242
5 0.7161339421613394 0.9299847792998478 0.1415525114155251 0.1339421613394216
5 0.921613394216134 0.8835616438356164 0.0958904109589041 0.1019786910197869
5 0.7519025875190258 0.799847792998478 0.15220700152207 0.0867579908675799
5 0.7595129375951294 0.667427701674277 0.121765601217656 0.1263318112633181
5 0.8622526636225266 0.7633181126331812 0.1019786910197869 0.1111111111111111
5 0.8789954337899544 0.58675799086758 0.1293759512937595 0.1476407914764079
5 0.8964992389649924 0.378234398782344 0.121765601217656 0.1171993911719939
5 0.4771689497716895 0.6187214611872146 0.0867579908675799 0.0989345509893455