5 0.3051750380517504 0.4284627092846271 0.2572298325722983 0.1963470319634703
5 0.09056316590563165 0.3980213089802131 0.1811263318112633 0.3942161339421613
5 0.07077625570776255 0.715372907153729 0.1415525114155251 0.2374429223744292
5 0.19254185692541856 0.7701674277016742 0.1354642313546423 0.136986301369863
5 0.19863013698630136 0.8691019786910198 0.1811263318112633 0.1126331811263318
5 0.2146118721461187 0.5509893455098934 0.2800608828006088 0.2526636225266362
5 0.3546423135464231 0.6773211567732116 0.213089802130898 0.2161339421613394
5 0.5213089802130898 0.5441400304414004 0.2024353120243531 0.3302891933028919
5 0.7861491628614916 0.2937595129375951 0.1719939117199391 0.1400304414003044
5 0.8888888888888888 0.09360730593607305 0.2222222222222222 0.1872146118721461
5 0.8751902587519026 0.4337899543378995 0.1491628614916286 0.167427701674277
5 0.895738203957382 0.8888888888888888 0.2085235920852359 0.2222222222222222
5 0.8949771689497716 0.6757990867579908 0.2100456621004566 0.1917808219178082
5 0.24429223744292236 0.967275494672755 0.2267884322678843 0.0654490106544901
5 0.682648401826484 0.617199391171994 0.1537290715372907 0.2511415525114155
5 0.4756468797564688 0.941400304414003 0.2328767123287671 0.1171993911719939
5 0.541095890410959 0.8006088280060882 0.2480974124809741 0.1856925418569254
5 0.7047184170471842 0.4467275494672755 0.1796042617960426 0.2176560121765601
5 0.7245053272450532 0.8234398782343988 0.1187214611872146 0.1765601217656012
5 0.4269406392694064 0.1750380517503805 0.1719939117199391 0.1035007610350076
5 0.5974124809741248 0.09056316590563165 0.2572298325722983 0.1689497716894977
5 0.3919330289193303 0.0639269406392694 0.1385083713850837 0.1126331811263318
5 0.0547945205479452 0.0578386605783866 0.1095890410958904 0.1156773211567732
5 0.2686453576864536 0.2237442922374429 0.1933028919330289 0.2039573820395738
5 0.2161339421613394 0.0639269406392694 0.2039573820395738 0.1278538812785388
5 0.5015220700152208 0.2747336377473364 0.2633181126331811 0.1872146118721461
5 0.1080669710806697 0.18340943683409436 0.121765601217656 0.1141552511415525