5 0.136986301369863 0.3181126331811263 0.121765601217656 0.121765601217656
5 0.3181126331811263 0.3599695585996956 0.2100456621004566 0.1598173515981735
5 0.09208523592085235 0.5083713850837138 0.0654490106544901 0.0730593607305936
5 0.2343987823439878 0.4992389649923896 0.1339421613394216 0.1187214611872146
5 0.13318112633181126 0.14840182648401826 0.0837138508371385 0.1293759512937595
5 0.1719939117199391 0.7831050228310502 0.1095890410958904 0.1293759512937595
5 0.18949771689497716 0.6529680365296804 0.0837138508371385 0.076103500761035
5 0.3059360730593607 0.20776255707762556 0.0943683409436834 0.0806697108066971
5 0.4474885844748858 0.528158295281583 0.1339421613394216 0.136986301369863
5 0.5905631659056316 0.4452054794520548 0.1035007610350076 0.2207001522070015
5 0.7207001522070016 0.4505327245053272 0.1872146118721461 0.1491628614916286
5 0.5951293759512938 0.13165905631659056 0.1856925418569254 0.1293759512937595
5 0.4992389649923896 0.2519025875190259 0.1552511415525114 0.1628614916286149
5 0.6788432267884322 0.710806697108067 0.1704718417047184 0.136986301369863
5 0.7024353120243532 0.5829528158295282 0.1111111111111111 0.0882800608828006
5 0.9117199391171994 0.8485540334855404 0.0730593607305936 0.0989345509893455
5 0.6925418569254186 0.8850837138508372 0.182648401826484 0.1324200913242009
5 0.9003044140030442 0.5669710806697108 0.1263318112633181 0.1293759512937595
5 0.8896499238964992 0.3576864535768645 0.1445966514459665 0.15220700152207
5 0.8919330289193302 0.121765601217656 0.1187214611872146 0.106544901065449
5 0.8462709284627092 0.2267884322678843 0.0882800608828006 0.0639269406392694
3 0.4939117199391172 0.9528158295281582 0.0989345509893455 0.0791476407914764
5 0.6986301369863014 0.2945205479452055 0.1187214611872146 0.1111111111111111
7 0.7572298325722984 0.15449010654490106 0.0837138508371385 0.0989345509893455