5 0.5060882800608828 0.4512937595129376 0.1506849315068493 0.1111111111111111
5 0.395738203957382 0.11035007610350075 0.2009132420091324 0.1293759512937595
5 0.4178082191780822 0.3097412480974125 0.2511415525114155 0.2207001522070015
5 0.16818873668188736 0.12252663622526636 0.2237442922374429 0.2024353120243531
5 0.0639269406392694 0.045662100456621 0.1187214611872146 0.091324200913242
5 0.20167427701674276 0.3713850837138508 0.2176560121765601 0.2861491628614916
5 0.18340943683409436 0.6552511415525114 0.2024353120243531 0.2024353120243531
5 0.3888888888888889 0.7602739726027398 0.1933028919330289 0.2541856925418569
5 0.16818873668188736 0.8538812785388128 0.2450532724505327 0.2343987823439878
5 0.4322678843226788 0.9094368340943684 0.2770167427701674 0.1598173515981735
5 0.03729071537290715 0.7024353120243532 0.0684931506849315 0.1293759512937595
5 0.9033485540334856 0.0776255707762557 0.1933028919330289 0.1552511415525114
5 0.9071537290715372 0.24277016742770166 0.1856925418569254 0.1719939117199391
5 0.693302891933029 0.16057838660578386 0.2298325722983257 0.2115677321156773
5 0.7343987823439878 0.2777777777777778 0.1537290715372907 0.1841704718417047
5 0.893455098934551 0.4398782343987823 0.213089802130898 0.2161339421613394
5 0.8637747336377474 0.9178082191780822 0.2724505327245053 0.1643835616438356
7 0.6385083713850838 0.8097412480974124 0.1598173515981735 0.1887366818873668
7 0.773972602739726 0.7343987823439878 0.1750380517503805 0.1750380517503805
7 0.9170471841704718 0.678082191780822 0.1202435312024353 0.1506849315068493
7 0.7557077625570776 0.5471841704718418 0.2359208523592085 0.1993911719939117
7 0.5662100456621004 0.5829528158295282 0.1308980213089802 0.1278538812785388
7 0.3911719939117199 0.5121765601217656 0.15220700152207 0.1263318112633181
5 0.0517503805175038 0.5235920852359208 0.1035007610350076 0.1948249619482496
5 0.0350076103500761 0.3280060882800609 0.0700152207001522 0.1354642313546423