5 0.21428571428571427 0.15753424657534246 0.17325227963525835 0.1476407914764079
5 0.8852583586626139 0.6202435312024354 0.21732522796352582 0.3637747336377473
5 0.7462006079027356 0.9444444444444444 0.20972644376899696 0.1111111111111111
7 0.9635258358662614 0.9223744292237442 0.0729483282674772 0.1552511415525114
7 0.7424012158054711 0.7671232876712328 0.08966565349544073 0.091324200913242
7 0.6527355623100304 0.8089802130898022 0.06838905775075987 0.1050228310502283
7 0.5972644376899696 0.9406392694063926 0.0668693009118541 0.1126331811263318
0 0.8594224924012158 0.8873668188736682 0.10182370820668693 0.1156773211567732
5 0.4217325227963526 0.9307458143074582 0.11702127659574468 0.1385083713850837
5 0.4969604863221885 0.9162861491628614 0.13677811550151975 0.1613394216133942
5 0.5509118541033434 0.7945205479452054 0.12917933130699089 0.1308980213089802
5 0.2750759878419453 0.9025875190258752 0.1702127659574468 0.1948249619482496
5 0.09650455927051672 0.8188736681887366 0.1656534954407295 0.1308980213089802
5 0.08738601823708207 0.943683409436834 0.16869300911854104 0.1126331811263318
5 0.3556231003039514 0.7199391171993912 0.23100303951367782 0.2100456621004566
5 0.5258358662613982 0.6445966514459666 0.2127659574468085 0.1659056316590563
5 0.648176291793313 0.4710806697108067 0.21124620060790272 0.1750380517503805
7 0.7021276595744681 0.6255707762557078 0.11854103343465046 0.121765601217656
7 0.9293313069908815 0.0395738203957382 0.13221884498480244 0.0791476407914764
7 0.9179331306990881 0.1263318112633181 0.11550151975683891 0.091324200913242
7 0.6071428571428571 0.0136986301369863 0.1778115501519757 0.0273972602739726
5 0.196048632218845 0.6484018264840182 0.1398176291793313 0.1796042617960426
5 0.0547112462006079 0.6133942161339422 0.1033434650455927 0.2496194824961948
5 0.13677811550151975 0.5068493150684932 0.15501519756838905 0.1035007610350076
5 0.0547112462006079 0.408675799086758 0.1033434650455927 0.1080669710806697
5 0.1717325227963526 0.3447488584474886 0.13677811550151975 0.1628614916286149
5 0.04939209726443769 0.2404870624048706 0.09878419452887538 0.182648401826484
5 0.32142857142857145 0.502283105022831 0.22644376899696048 0.2009132420091324
5 0.33814589665653494 0.3584474885844749 0.15045592705167174 0.1780821917808219
5 0.46580547112462006 0.2709284627092846 0.10790273556231003 0.0882800608828006
5 0.3837386018237082 0.19863013698630136 0.15653495440729484 0.1324200913242009
5 0.7857142857142857 0.4010654490106545 0.1398176291793313 0.1689497716894977
5 0.6314589665653495 0.2671232876712329 0.16261398176291794 0.1750380517503805
0 0.33966565349544076 0.060882800608828 0.13829787234042554 0.121765601217656
0 0.47720364741641336 0.0532724505327245 0.12158054711246201 0.1004566210045662