5 0.23211567732115676 0.2747336377473364 0.2298325722983257 0.1689497716894977
5 0.1156773211567732 0.4277016742770167 0.1156773211567732 0.1187214611872146
5 0.2541856925418569 0.4467275494672755 0.1308980213089802 0.1567732115677321
5 0.4299847792998478 0.15144596651445966 0.1993911719939117 0.1324200913242009
5 0.2511415525114155 0.05859969558599695 0.1491628614916286 0.1171993911719939
5 0.378234398782344 0.04337899543378995 0.1080669710806697 0.0867579908675799
5 0.9398782343987824 0.8127853881278538 0.1202435312024353 0.243531202435312
5 0.8203957382039574 0.7975646879756468 0.1095890410958904 0.1278538812785388
5 0.8995433789954338 0.9322678843226788 0.2009132420091324 0.1354642313546423
5 0.7473363774733638 0.9360730593607306 0.1582952815829528 0.1278538812785388
5 0.6643835616438356 0.8051750380517504 0.1750380517503805 0.1156773211567732
5 0.7222222222222222 0.715372907153729 0.1445966514459665 0.1308980213089802
5 0.558599695585997 0.9162861491628614 0.2070015220700152 0.167427701674277
5 0.3340943683409437 0.9353120243531202 0.2480974124809741 0.1293759512937595
5 0.319634703196347 0.8713850837138508 0.1095890410958904 0.0867579908675799
5 0.1796042617960426 0.8774733637747336 0.1491628614916286 0.1933028919330289
5 0.05859969558599695 0.9398782343987824 0.1141552511415525 0.1202435312024353
5 0.8949771689497716 0.6636225266362252 0.1582952815829528 0.1095890410958904
5 0.8660578386605784 0.5182648401826484 0.1613394216133942 0.1659056316590563
5 0.9802130898021308 0.563165905631659 0.0395738203957382 0.1430745814307458
5 0.9680365296803652 0.3942161339421613 0.0639269406392694 0.1582952815829528
5 0.9550989345509894 0.2656012176560122 0.0898021308980213 0.0776255707762557
5 0.8280060882800608 0.01750380517503805 0.1461187214611872 0.0350076103500761
5 0.954337899543379 0.0471841704718417 0.091324200913242 0.0943683409436834
5 0.7480974124809742 0.13470319634703196 0.1872146118721461 0.1567732115677321
5 0.9246575342465754 0.1643835616438356 0.1506849315068493 0.1430745814307458
5 0.8242009132420092 0.2526636225266362 0.1324200913242009 0.0700152207001522
5 0.6773211567732116 0.24429223744292236 0.1430745814307458 0.0958904109589041
5 0.8546423135464232 0.3721461187214612 0.1628614916286149 0.1445966514459665
5 0.6993911719939118 0.3706240487062405 0.1506849315068493 0.1476407914764079
5 0.7100456621004566 0.5646879756468798 0.1963470319634703 0.1552511415525114
5 0.5601217656012176 0.4748858447488584 0.136986301369863 0.1917808219178082
5 0.5517503805175038 0.6757990867579908 0.1324200913242009 0.182648401826484
5 0.4505327245053272 0.7336377473363774 0.1430745814307458 0.2009132420091324
5 0.2754946727549467 0.7100456621004566 0.2039573820395738 0.2207001522070015
5 0.0882800608828006 0.7625570776255708 0.167427701674277 0.2191780821917808
5 0.1552511415525114 0.5776255707762558 0.1491628614916286 0.1354642313546423
5 0.0350076103500761 0.578386605783866 0.0669710806697108 0.1308980213089802
5 0.02359208523592085 0.4231354642313546 0.0410958904109589 0.1613394216133942
5 0.05098934550989345 0.23059360730593606 0.0928462709284627 0.1841704718417047
7 0.0852359208523592 0.05251141552511415 0.1552511415525114 0.1050228310502283
7 0.02815829528158295 0.0989345509893455 0.0502283105022831 0.0547945205479452
5 0.636986301369863 0.0380517503805175 0.1750380517503805 0.076103500761035
7 0.5806697108066972 0.1232876712328767 0.0776255707762557 0.076103500761035
5 0.487062404870624 0.3051750380517504 0.2465753424657534 0.1567732115677321
5 0.3866057838660578 0.5007610350076104 0.1400304414003044 0.2343987823439878