5 0.5776255707762558 0.7275494672754946 0.2237442922374429 0.2252663622526636
5 0.3249619482496195 0.7374429223744292 0.1811263318112633 0.1567732115677321
5 0.895738203957382 0.9117199391171994 0.2085235920852359 0.1765601217656012
5 0.4863013698630137 0.8949771689497716 0.2998477929984779 0.2100456621004566
5 0.6856925418569254 0.3066971080669711 0.1537290715372907 0.1659056316590563
5 0.3082191780821918 0.4832572298325723 0.2115677321156773 0.1780821917808219
5 0.8881278538812786 0.1811263318112633 0.2237442922374429 0.1917808219178082
5 0.5852359208523592 0.1628614916286149 0.1415525114155251 0.1187214611872146
5 0.2945205479452055 0.2952815829528158 0.1506849315068493 0.1187214611872146
5 0.18188736681887366 0.363013698630137 0.1019786910197869 0.1111111111111111
5 0.05403348554033485 0.3622526636225266 0.1080669710806697 0.1796042617960426
5 0.4269406392694064 0.20928462709284626 0.1537290715372907 0.1050228310502283
5 0.4383561643835616 0.3417047184170472 0.1552511415525114 0.1385083713850837
5 0.5958904109589042 0.3645357686453577 0.0898021308980213 0.0867579908675799
5 0.941400304414003 0.4855403348554033 0.1171993911719939 0.1430745814307458
5 0.9048706240487062 0.730593607305936 0.1750380517503805 0.1308980213089802
5 0.6856925418569254 0.9101978691019786 0.1933028919330289 0.1796042617960426
5 0.708523592085236 0.5494672754946728 0.1750380517503805 0.1004566210045662
5 0.7427701674277016 0.4406392694063927 0.1796042617960426 0.0989345509893455
5 0.525875190258752 0.5700152207001522 0.1537290715372907 0.1050228310502283
5 0.754185692541857 0.2625570776255708 0.1080669710806697 0.0928462709284627
5 0.20015220700152206 0.5654490106544902 0.1324200913242009 0.1354642313546423
5 0.1004566210045662 0.5076103500761036 0.1004566210045662 0.1019786910197869
5 0.09360730593607305 0.6331811263318112 0.1171993911719939 0.1430745814307458
5 0.0837138508371385 0.830289193302892 0.1126331811263318 0.0898021308980213
5 0.16514459665144596 0.1856925418569254 0.1628614916286149 0.15220700152207
5 0.7420091324200914 0.0639269406392694 0.1385083713850837 0.1278538812785388
5 0.2579908675799087 0.9528158295281582 0.1476407914764079 0.0943683409436834
5 0.1080669710806697 0.9292237442922374 0.2161339421613394 0.1415525114155251
5 0.867579908675799 0.0471841704718417 0.106544901065449 0.0943683409436834
5 0.4984779299847793 0.03120243531202435 0.1263318112633181 0.0624048706240487
5 0.045662100456621 0.15449010654490106 0.091324200913242 0.2146118721461187
5 0.11643835616438356 0.0593607305936073 0.1659056316590563 0.1156773211567732
5 0.3774733637747336 0.10121765601217655 0.1735159817351598 0.1111111111111111