5 0.6659056316590564 0.9429223744292238 0.0837138508371385 0.1141552511415525
5 0.7595129375951294 0.9375951293759512 0.0943683409436834 0.1248097412480974
5 0.9140030441400304 0.9680365296803652 0.0898021308980213 0.0639269406392694
5 0.9817351598173516 0.971841704718417 0.0365296803652968 0.0563165905631659
5 0.8485540334855404 0.8158295281582952 0.0776255707762557 0.091324200913242
5 0.867579908675799 0.9246575342465754 0.1308980213089802 0.1019786910197869
5 0.8835616438356164 0.6872146118721462 0.1232876712328767 0.1141552511415525
5 0.9193302891933028 0.8158295281582952 0.0639269406392694 0.121765601217656
5 0.9756468797564688 0.8181126331811264 0.0487062404870624 0.2207001522070015
5 0.9642313546423136 0.5814307458143074 0.0715372907153729 0.1095890410958904
5 0.9375951293759512 0.4284627092846271 0.1248097412480974 0.1750380517503805
5 0.8691019786910198 0.573820395738204 0.1004566210045662 0.0974124809741248
5 0.7656012176560122 0.5494672754946728 0.1095890410958904 0.1491628614916286
5 0.745814307458143 0.7785388127853882 0.1400304414003044 0.1628614916286149
5 0.6940639269406392 0.6727549467275494 0.1582952815829528 0.182648401826484
5 0.5525114155251142 0.9505327245053272 0.121765601217656 0.0989345509893455
5 0.5570776255707762 0.789193302891933 0.15220700152207 0.1476407914764079
5 0.5243531202435312 0.8645357686453576 0.0928462709284627 0.0730593607305936
5 0.454337899543379 0.9535768645357686 0.0684931506849315 0.0928462709284627
5 0.4368340943683409 0.8485540334855404 0.0821917808219178 0.0867579908675799
5 0.3683409436834094 0.9246575342465754 0.1248097412480974 0.1506849315068493
5 0.2298325722983257 0.8531202435312024 0.1582952815829528 0.1415525114155251
5 0.2511415525114155 0.969558599695586 0.0943683409436834 0.060882800608828
5 0.09360730593607305 0.95662100456621 0.1841704718417047 0.0867579908675799
5 0.07382039573820395 0.8257229832572298 0.1445966514459665 0.2054794520547945
5 0.04185692541856925 0.6834094368340944 0.0776255707762557 0.1035007610350076
5 0.1537290715372907 0.6879756468797564 0.1308980213089802 0.167427701674277
5 0.2625570776255708 0.6491628614916286 0.0806697108066971 0.0898021308980213
5 0.2678843226788432 0.76103500761035 0.0791476407914764 0.0852359208523592
5 0.3828006088280061 0.730593607305936 0.1415525114155251 0.1887366818873668
5 0.484779299847793 0.5974124809741248 0.1993911719939117 0.2115677321156773
5 0.6613394216133942 0.4604261796042618 0.1354642313546423 0.1415525114155251
5 0.556316590563166 0.5357686453576864 0.1263318112633181 0.1156773211567732
5 0.9627092846270928 0.2808219178082192 0.0745814307458143 0.1141552511415525
5 0.9010654490106544 0.13165905631659056 0.197869101978691 0.1719939117199391
5 0.9467275494672754 0.02663622526636225 0.106544901065449 0.0532724505327245
5 0.821917808219178 0.2952815829528158 0.1948249619482496 0.2191780821917808
5 0.6605783866057838 0.2861491628614916 0.1400304414003044 0.1917808219178082
5 0.4961948249619482 0.4193302891933029 0.1430745814307458 0.1111111111111111
5 0.5357686453576864 0.2754946727549467 0.1035007610350076 0.1613394216133942
5 0.6971080669710806 0.08295281582952815 0.1582952815829528 0.1659056316590563
5 0.576103500761035 0.1400304414003044 0.0715372907153729 0.0852359208523592
5 0.4155251141552511 0.2777777777777778 0.1308980213089802 0.1598173515981735
5 0.454337899543379 0.09360730593607305 0.1598173515981735 0.1872146118721461
5 0.2617960426179604 0.5228310502283106 0.1735159817351598 0.1750380517503805
5 0.2990867579908676 0.4223744292237443 0.1719939117199391 0.1324200913242009
5 0.0882800608828006 0.5220700152207002 0.1735159817351598 0.197869101978691
5 0.0639269406392694 0.3683409436834094 0.1278538812785388 0.1095890410958904
5 0.18493150684931506 0.334855403348554 0.1232876712328767 0.1552511415525114
5 0.2853881278538813 0.2671232876712329 0.1324200913242009 0.1476407914764079
5 0.11035007610350075 0.08904109589041095 0.1537290715372907 0.1780821917808219
5 0.0563165905631659 0.24429223744292236 0.1126331811263318 0.1202435312024353
5 0.20624048706240486 0.1476407914764079 0.1415525114155251 0.1948249619482496
5 0.8226788432267884 0.4672754946727549 0.0958904109589041 0.1035007610350076