5 0.3607305936073059 0.7146118721461188 0.1613394216133942 0.1567732115677321
5 0.2237442922374429 0.6986301369863014 0.1613394216133942 0.1643835616438356
5 0.04642313546423135 0.8120243531202436 0.0928462709284627 0.1537290715372907
5 0.1050228310502283 0.9048706240487062 0.091324200913242 0.1689497716894977
5 0.3432267884322679 0.8538812785388128 0.1598173515981735 0.136986301369863
5 0.21232876712328766 0.8569254185692542 0.1111111111111111 0.1796042617960426
5 0.3378995433789954 0.9619482496194824 0.1461187214611872 0.076103500761035
5 0.4931506849315068 0.9178082191780822 0.1400304414003044 0.121765601217656
5 0.6308980213089802 0.908675799086758 0.1445966514459665 0.182648401826484
5 0.571537290715373 0.799847792998478 0.1232876712328767 0.1080669710806697
5 0.6971080669710806 0.8028919330289194 0.060882800608828 0.0593607305936073
5 0.8942161339421614 0.9117199391171994 0.2115677321156773 0.1765601217656012
5 0.7945205479452054 0.8569254185692542 0.0669710806697108 0.0700152207001522
5 0.4611872146118721 0.7922374429223744 0.1004566210045662 0.1628614916286149
5 0.3158295281582953 0.5639269406392694 0.1232876712328767 0.1598173515981735
5 0.1780821917808219 0.5669710806697108 0.1765601217656012 0.1872146118721461
5 0.0502283105022831 0.682648401826484 0.1004566210045662 0.1415525114155251
5 0.04946727549467275 0.5403348554033486 0.0867579908675799 0.1187214611872146
5 0.7640791476407914 0.7062404870624048 0.1582952815829528 0.1796042617960426
5 0.5882800608828006 0.6735159817351598 0.1750380517503805 0.1506849315068493
5 0.2823439878234399 0.4200913242009132 0.1598173515981735 0.1308980213089802
5 0.11339421613394216 0.4063926940639269 0.1385083713850837 0.1095890410958904
5 0.617199391171994 0.08751902587519025 0.1415525114155251 0.1628614916286149
5 0.80441400304414 0.12557077625570776 0.1324200913242009 0.1293759512937595
5 0.7229832572298326 0.03272450532724505 0.0791476407914764 0.0654490106544901
5 0.9018264840182648 0.2663622526636225 0.1963470319634703 0.2009132420091324
5 0.9292237442922374 0.5007610350076104 0.1415525114155251 0.1765601217656012
5 0.6126331811263318 0.5357686453576864 0.2146118721461187 0.1856925418569254
5 0.4383561643835616 0.5677321156773212 0.1248097412480974 0.1552511415525114
5 0.9596651445966514 0.09208523592085235 0.0806697108066971 0.1202435312024353
5 0.8531202435312024 0.0517503805175038 0.1719939117199391 0.1035007610350076
5 0.6491628614916286 0.3249619482496195 0.1445966514459665 0.1993911719939117
5 0.3645357686453577 0.2161339421613394 0.1993911719939117 0.1126331811263318
5 0.5243531202435312 0.2747336377473364 0.1111111111111111 0.1811263318112633
5 0.365296803652968 0.1019786910197869 0.1278538812785388 0.0943683409436834
5 0.4003044140030441 0.3561643835616438 0.1735159817351598 0.15220700152207
7 0.16818873668188736 0.0654490106544901 0.1445966514459665 0.0852359208523592
5 0.05403348554033485 0.0471841704718417 0.1080669710806697 0.0943683409436834
5 0.2800608828006088 0.02815829528158295 0.2709284627092846 0.0532724505327245
5 0.13318112633181126 0.1689497716894977 0.1598173515981735 0.1430745814307458
5 0.07838660578386605 0.2792998477929985 0.1293759512937595 0.1263318112633181
5 0.21689497716894976 0.2960426179604262 0.1354642313546423 0.1050228310502283
5 0.9421613394216134 0.6156773211567732 0.1156773211567732 0.0958904109589041
5 0.969558599695586 0.7092846270928462 0.060882800608828 0.0852359208523592
5 0.8858447488584474 0.7519025875190258 0.1308980213089802 0.1582952815829528
5 0.9779299847792998 0.7831050228310502 0.0441400304414003 0.0471841704718417
5 0.9649923896499238 0.8447488584474886 0.0700152207001522 0.0882800608828006
5 0.030441400304414 0.9459665144596652 0.060882800608828 0.1080669710806697
5 0.10730593607305935 0.7496194824961948 0.0806697108066971 0.1080669710806697