5 0.1445966514459665 0.09056316590563165 0.289193302891933 0.1780821917808219
5 0.9193302891933028 0.09512937595129375 0.15220700152207 0.1811263318112633
5 0.7831050228310502 0.1050228310502283 0.1141552511415525 0.1643835616438356
5 0.667427701674277 0.0654490106544901 0.1689497716894977 0.1308980213089802
5 0.8515981735159818 0.3143074581430746 0.1598173515981735 0.1872146118721461
5 0.9467275494672754 0.4345509893455099 0.106544901065449 0.2085235920852359
5 0.7732115677321156 0.4946727549467275 0.2648401826484018 0.213089802130898
5 0.8736681887366818 0.7343987823439878 0.2526636225266362 0.2359208523592085
5 0.7990867579908676 0.882800608828006 0.30441400304414 0.1400304414003044
5 0.0958904109589041 0.4193302891933029 0.1126331811263318 0.1567732115677321
5 0.6073059360730594 0.7724505327245054 0.243531202435312 0.1415525114155251
5 0.6689497716894978 0.6491628614916286 0.2663622526636225 0.1263318112633181
5 0.7024353120243532 0.2952815829528158 0.1445966514459665 0.1704718417047184
5 0.5601217656012176 0.3257229832572298 0.1491628614916286 0.1613394216133942
5 0.4840182648401826 0.9025875190258752 0.2191780821917808 0.1948249619482496
5 0.2686453576864536 0.3135464231354642 0.2207001522070015 0.258751902587519
5 0.18949771689497716 0.8926940639269406 0.2998477929984779 0.2146118721461187
5 0.3432267884322679 0.6385083713850838 0.2480974124809741 0.2450532724505327
5 0.10882800608828005 0.6757990867579908 0.1872146118721461 0.1856925418569254
5 0.4474885844748858 0.5121765601217656 0.1400304414003044 0.1963470319634703
5 0.5768645357686454 0.5266362252663622 0.1308980213089802 0.1735159817351598
5 0.3980213089802131 0.3729071537290715 0.1567732115677321 0.1613394216133942
5 0.2503805175038052 0.4946727549467275 0.2328767123287671 0.1248097412480974
5 0.10578386605783865 0.2694063926940639 0.1019786910197869 0.1248097412480974
5 0.6149162861491628 0.1643835616438356 0.1704718417047184 0.1582952815829528