5 0.9764079147640792 0.5281155015197568 0.0471841704718417 0.13829787234042554
5 0.9802130898021308 0.39893617021276595 0.0395738203957382 0.10790273556231003
5 0.7884322678843226 0.18465045592705168 0.136986301369863 0.18693009118541035
5 0.9124809741248098 0.06231003039513678 0.1750380517503805 0.11854103343465046
5 0.9375951293759512 0.19148936170212766 0.1248097412480974 0.13677811550151975
5 0.9170471841704718 0.3343465045592705 0.1628614916286149 0.13069908814589665
7 0.7838660578386606 0.33282674772036475 0.0791476407914764 0.0790273556231003
5 0.898021308980213 0.7036474164133738 0.1948249619482496 0.19148936170212766
5 0.8515981735159818 0.49848024316109424 0.1841704718417047 0.20364741641337386
5 0.8881278538812786 0.9027355623100304 0.2237442922374429 0.1945288753799392
5 0.6385083713850838 0.23328267477203649 0.1689497716894977 0.1778115501519757
5 0.5220700152207002 0.32066869300911854 0.1643835616438356 0.1641337386018237
5 0.3607305936073059 0.2796352583586626 0.1339421613394216 0.12462006079027356
5 0.5266362252663622 0.08130699088145897 0.1491628614916286 0.08358662613981763
5 0.5068493150684932 0.17933130699088146 0.1461187214611872 0.1033434650455927
5 0.708523592085236 0.019756838905775075 0.2115677321156773 0.0364741641337386
5 0.6971080669710806 0.10562310030395136 0.1308980213089802 0.08358662613981763
7 0.649923896499239 0.06231003039513678 0.0517503805175038 0.0425531914893617
5 0.700152207001522 0.4399696048632219 0.1400304414003044 0.21732522796352582
7 0.693302891933029 0.6990881458966566 0.0410958904109589 0.0547112462006079
5 0.2831050228310502 0.18617021276595744 0.0821917808219178 0.08966565349544073
5 0.2937595129375951 0.056990881458966566 0.136986301369863 0.11398176291793313
5 0.4299847792998478 0.03267477203647416 0.1171993911719939 0.05927051671732523
5 0.3660578386605784 0.11702127659574468 0.1080669710806697 0.1276595744680851
5 0.1430745814307458 0.08890577507598785 0.121765601217656 0.11398176291793313
5 0.0578386605783866 0.11930091185410334 0.1035007610350076 0.12917933130699089
5 0.14840182648401826 0.2560790273556231 0.1993911719939117 0.17477203647416414
5 0.3622526636225266 0.41717325227963525 0.2009132420091324 0.15045592705167174
5 0.17579908675799086 0.4506079027355623 0.1598173515981735 0.17477203647416414
5 0.05098934550989345 0.418693009118541 0.0958904109589041 0.14437689969604864
5 0.0776255707762557 0.5623100303951368 0.1278538812785388 0.11854103343465046
5 0.0380517503805175 0.7059270516717325 0.076103500761035 0.135258358662614
5 0.560882800608828 0.9407294832826748 0.1628614916286149 0.11854103343465046
5 0.3721461187214612 0.9247720364741642 0.1750380517503805 0.15045592705167174
5 0.4033485540334855 0.6945288753799392 0.4140030441400304 0.3191489361702128
7 0.6971080669710806 0.7917933130699089 0.106544901065449 0.0790273556231003
7 0.6636225266362252 0.6056231003039514 0.0517503805175038 0.05927051671732523
7 0.06621004566210045 0.8609422492401215 0.1324200913242009 0.11398176291793313
5 0.11796042617960426 0.9620060790273556 0.2267884322678843 0.07598784194528875
5 0.7062404870624048 0.9224924012158054 0.1400304414003044 0.15501519756838905
7 0.1187214611872146 0.7127659574468085 0.0821917808219178 0.1458966565349544