5 0.5487062404870624 0.8554033485540334 0.1902587519025875 0.1796042617960426
5 0.7062404870624048 0.4330289193302892 0.1187214611872146 0.1202435312024353
5 0.636986301369863 0.6179604261796042 0.0593607305936073 0.091324200913242
5 0.9330289193302892 0.9398782343987824 0.1339421613394216 0.1202435312024353
5 0.8295281582952816 0.6681887366818874 0.1400304414003044 0.1461187214611872
5 0.8561643835616438 0.3089802130898021 0.2876712328767123 0.1887366818873668
5 0.8013698630136986 0.837138508371385 0.1232876712328767 0.1765601217656012
5 0.954337899543379 0.4901065449010654 0.091324200913242 0.1765601217656012
5 0.6331811263318112 0.7336377473363774 0.1796042617960426 0.1308980213089802
5 0.0365296803652968 0.5662100456621004 0.0730593607305936 0.15220700152207
5 0.2176560121765601 0.6910197869101978 0.121765601217656 0.136986301369863
5 0.5007610350076104 0.6050228310502284 0.1308980213089802 0.1232876712328767
5 0.3881278538812785 0.8165905631659056 0.106544901065449 0.1689497716894977
5 0.4581430745814307 0.19558599695585996 0.1491628614916286 0.1811263318112633
5 0.91324200913242 0.0882800608828006 0.1735159817351598 0.1765601217656012
5 0.24581430745814306 0.469558599695586 0.1963470319634703 0.2298325722983257
5 0.5768645357686454 0.0684931506849315 0.1613394216133942 0.136986301369863
5 0.5974124809741248 0.2785388127853881 0.2146118721461187 0.197869101978691
5 0.7572298325722984 0.558599695585997 0.1537290715372907 0.1582952815829528
5 0.06164383561643835 0.9337899543378996 0.1232876712328767 0.1293759512937595
5 0.0563165905631659 0.8127853881278538 0.1095890410958904 0.121765601217656
5 0.09512937595129375 0.2176560121765601 0.1780821917808219 0.1643835616438356
5 0.07229832572298325 0.3972602739726027 0.1445966514459665 0.1948249619482496
5 0.3188736681887367 0.7511415525114156 0.1111111111111111 0.1415525114155251
5 0.4330289193302892 0.4208523592085236 0.1659056316590563 0.1567732115677321
5 0.3066971080669711 0.0776255707762557 0.1750380517503805 0.1552511415525114
5 0.7831050228310502 0.1035007610350076 0.1141552511415525 0.2070015220700152
5 0.2671232876712329 0.3066971080669711 0.1537290715372907 0.1293759512937595
5 0.06621004566210045 0.0898021308980213 0.1324200913242009 0.1796042617960426
5 0.1293759512937595 0.591324200913242 0.106544901065449 0.1415525114155251
5 0.05251141552511415 0.697869101978691 0.1050228310502283 0.1232876712328767
5 0.13165905631659056 0.7359208523592086 0.0776255707762557 0.1050228310502283
5 0.2777777777777778 0.9330289193302892 0.1202435312024353 0.1339421613394216
5 0.1719939117199391 0.928462709284627 0.1156773211567732 0.1339421613394216
5 0.19406392694063926 0.8143074581430746 0.1385083713850837 0.1156773211567732
5 0.7602739726027398 0.9657534246575342 0.1476407914764079 0.0684931506849315
5 0.6986301369863014 0.8713850837138508 0.1308980213089802 0.1719939117199391
5 0.9779299847792998 0.730593607305936 0.0441400304414003 0.0821917808219178
5 0.982496194824962 0.6354642313546424 0.0350076103500761 0.0806697108066971
5 0.9292237442922374 0.6590563165905632 0.0593607305936073 0.0821917808219178
5 0.9490106544901066 0.8181126331811264 0.0898021308980213 0.0898021308980213
5 0.893455098934551 0.8850837138508372 0.0517503805175038 0.0776255707762557
5 0.7366818873668188 0.697869101978691 0.1004566210045662 0.1111111111111111
5 0.5159817351598174 0.6811263318112634 0.076103500761035 0.0989345509893455
5 0.3378995433789954 0.6248097412480974 0.106544901065449 0.0806697108066971
5 0.4071537290715373 0.6872146118721462 0.1019786910197869 0.0837138508371385
5 0.6141552511415526 0.4703196347031963 0.1476407914764079 0.1704718417047184