5 0.3660578386605784 0.10426179604261795 0.1567732115677321 0.1628614916286149
5 0.6491628614916286 0.09665144596651445 0.2237442922374429 0.1111111111111111
5 0.6788432267884322 0.2983257229832572 0.1552511415525114 0.2009132420091324
5 0.09208523592085235 0.2009132420091324 0.1111111111111111 0.121765601217656
5 0.12100456621004566 0.5791476407914764 0.1293759512937595 0.1628614916286149
5 0.09817351598173515 0.723744292237443 0.1445966514459665 0.1415525114155251
5 0.2100456621004566 0.8462709284627092 0.1491628614916286 0.1643835616438356
5 0.332572298325723 0.9025875190258752 0.1415525114155251 0.1035007610350076
5 0.18188736681887366 0.3774733637747336 0.1598173515981735 0.1552511415525114
5 0.23059360730593606 0.5076103500761036 0.0958904109589041 0.1415525114155251
5 0.3356164383561644 0.713089802130898 0.1628614916286149 0.1933028919330289
5 0.5692541856925418 0.89117199391172 0.182648401826484 0.1628614916286149
5 0.4467275494672755 0.837138508371385 0.0654490106544901 0.106544901065449
5 0.8211567732115678 0.3006088280060883 0.0837138508371385 0.0989345509893455
5 0.9307458143074582 0.271689497716895 0.0989345509893455 0.1933028919330289
5 0.7290715372907154 0.624048706240487 0.15220700152207 0.167427701674277
5 0.7671232876712328 0.4916286149162861 0.0791476407914764 0.0882800608828006
5 0.8378995433789954 0.4292237442922374 0.1324200913242009 0.091324200913242
5 0.9025875190258752 0.6141552511415526 0.1491628614916286 0.2176560121765601
5 0.6377473363774734 0.5159817351598174 0.1248097412480974 0.121765601217656
5 0.20015220700152206 0.14231354642313546 0.1415525114155251 0.1780821917808219
5 0.2983257229832572 0.2602739726027397 0.1187214611872146 0.1035007610350076
5 0.5205479452054794 0.3751902587519026 0.15220700152207 0.2176560121765601
5 0.3789954337899543 0.4863013698630137 0.1704718417047184 0.2511415525114155
5 0.5494672754946728 0.6917808219178082 0.1704718417047184 0.2207001522070015
5 0.7503805175038052 0.8280060882800608 0.1643835616438356 0.1552511415525114
5 0.9345509893455098 0.9025875190258752 0.1095890410958904 0.1856925418569254
5 0.07838660578386605 0.9101978691019786 0.1141552511415525 0.1339421613394216