5 0.9398782343987824 0.09270516717325228 0.1202435312024353 0.17325227963525835
5 0.7929984779299848 0.06231003039513678 0.1582952815829528 0.12158054711246201
5 0.6263318112633182 0.0911854103343465 0.1872146118721461 0.182370820668693
5 0.923896499238965 0.25987841945288753 0.15220700152207 0.16717325227963525
5 0.815068493150685 0.3252279635258359 0.1263318112633181 0.12462006079027356
5 0.726027397260274 0.24468085106382978 0.213089802130898 0.20972644376899696
5 0.4771689497716895 0.15273556231003038 0.1019786910197869 0.11094224924012158
5 0.3668188736681887 0.08054711246200608 0.289193302891933 0.16109422492401215
5 0.1750380517503805 0.08358662613981763 0.1126331811263318 0.16717325227963525
5 0.08599695585996955 0.07674772036474165 0.0806697108066971 0.09270516717325228
5 0.0228310502283105 0.10410334346504559 0.045662100456621 0.08054711246200608
5 0.08295281582952815 0.0182370820668693 0.1019786910197869 0.03343465045592705
5 0.0547945205479452 0.2066869300911854 0.106544901065449 0.11246200607902736
5 0.20776255707762556 0.25759878419452886 0.1506849315068493 0.1413373860182371
5 0.09056316590563165 0.3548632218844985 0.1537290715372907 0.18085106382978725
5 0.23820395738203956 0.44832826747720367 0.1659056316590563 0.1337386018237082
5 0.3767123287671233 0.25151975683890576 0.1780821917808219 0.16261398176291794
5 0.5372907153729072 0.4126139817629179 0.1856925418569254 0.27203647416413373
5 0.6598173515981736 0.5440729483282675 0.1933028919330289 0.17325227963525835
5 0.5342465753424658 0.7059270516717325 0.1400304414003044 0.14437689969604864
5 0.9056316590563166 0.4452887537993921 0.1887366818873668 0.17933130699088146
5 0.8812785388127854 0.6595744680851063 0.2374429223744292 0.24012158054711247
5 0.8462709284627092 0.8442249240121581 0.182648401826484 0.11398176291793313
5 0.6834094368340944 0.8617021276595744 0.106544901065449 0.11854103343465046
5 0.5776255707762558 0.8685410334346505 0.1019786910197869 0.11702127659574468
5 0.5136986301369864 0.8381458966565349 0.0867579908675799 0.10182370820668693
5 0.9482496194824962 0.9582066869300911 0.1035007610350076 0.08358662613981763
5 0.8531202435312024 0.9566869300911854 0.0867579908675799 0.08662613981762918
5 0.7511415525114156 0.9445288753799392 0.1019786910197869 0.09878419452887538
5 0.6385083713850838 0.9551671732522796 0.1111111111111111 0.07750759878419453
5 0.5365296803652968 0.9726443768996961 0.0989345509893455 0.0547112462006079
5 0.3554033485540335 0.7720364741641338 0.2115677321156773 0.17325227963525835
5 0.3546423135464231 0.9072948328267477 0.106544901065449 0.0851063829787234
7 0.4406392694063927 0.9240121580547113 0.0502283105022831 0.10638297872340426
7 0.6948249619482496 0.40197568389057753 0.0806697108066971 0.07142857142857142
7 0.1933028919330289 0.7735562310030395 0.0669710806697108 0.06382978723404255
7 0.1780821917808219 0.7104863221884499 0.0700152207001522 0.06534954407294832
5 0.6841704718417048 0.7188449848024316 0.1476407914764079 0.1519756838905775
5 0.3919330289193303 0.5759878419452887 0.2146118721461187 0.182370820668693
5 0.2595129375951294 0.6466565349544073 0.1050228310502283 0.08966565349544073
5 0.182648401826484 0.85790273556231 0.0974124809741248 0.09574468085106383
5 0.2648401826484018 0.9445288753799392 0.1278538812785388 0.10790273556231003
5 0.0669710806697108 0.9399696048632219 0.1278538812785388 0.12006079027355623
5 0.06164383561643835 0.7393617021276596 0.1232876712328767 0.24772036474164133
5 0.12252663622526636 0.5835866261398176 0.1567732115677321 0.23404255319148937
5 0.0167427701674277 0.5334346504559271 0.0334855403348554 0.13677811550151975
5 0.3538812785388128 0.40805471124620063 0.1324200913242009 0.1413373860182371
5 0.1628614916286149 0.9642857142857143 0.060882800608828 0.07142857142857142
5 0.3531202435312024 0.9825227963525835 0.0365296803652968 0.034954407294832825
5 0.4292237442922374 0.9893617021276596 0.0791476407914764 0.02127659574468085
7 0.2404870624048706 0.5706686930091185 0.0487062404870624 0.044072948328267476