5 0.12709284627092846 0.2648401826484018 0.0867579908675799 0.091324200913242
5 0.1506849315068493 0.11948249619482496 0.1187214611872146 0.1171993911719939
5 0.4444444444444444 0.136986301369863 0.197869101978691 0.167427701674277
5 0.5 0.3135464231354642 0.1171993911719939 0.1187214611872146
5 0.3523592085235921 0.3143074581430746 0.1750380517503805 0.1719939117199391
5 0.19101978691019786 0.3926940639269406 0.1171993911719939 0.1187214611872146
5 0.07686453576864535 0.5342465753424658 0.0654490106544901 0.0943683409436834
5 0.17579908675799086 0.647640791476408 0.1933028919330289 0.1780821917808219
7 0.1385083713850837 0.4931506849315068 0.0730593607305936 0.0578386605783866
5 0.2770167427701674 0.512937595129376 0.15220700152207 0.136986301369863
5 0.10882800608828005 0.8470319634703196 0.1293759512937595 0.1933028919330289
5 0.3508371385083714 0.6225266362252664 0.0715372907153729 0.1035007610350076
5 0.19863013698630136 0.8888888888888888 0.0654490106544901 0.0882800608828006
5 0.2914764079147641 0.893455098934551 0.1324200913242009 0.106544901065449
5 0.3287671232876712 0.7792998477929984 0.2465753424657534 0.121765601217656
5 0.708523592085236 0.9307458143074582 0.1019786910197869 0.1019786910197869
5 0.6301369863013698 0.669710806697108 0.197869101978691 0.136986301369863
5 0.5251141552511416 0.76103500761035 0.106544901065449 0.106544901065449
5 0.6027397260273972 0.8394216133942162 0.1856925418569254 0.0989345509893455
5 0.7747336377473364 0.8135464231354642 0.0882800608828006 0.0989345509893455
5 0.7549467275494672 0.7138508371385084 0.0730593607305936 0.076103500761035
5 0.9003044140030442 0.713089802130898 0.1567732115677321 0.1263318112633181
5 0.9079147640791476 0.8850837138508372 0.1415525114155251 0.1415525114155251
5 0.7785388127853882 0.4208523592085236 0.1111111111111111 0.1780821917808219
5 0.875951293759513 0.3401826484018265 0.1324200913242009 0.1171993911719939
5 0.6872146118721462 0.5197869101978692 0.1263318112633181 0.1111111111111111
5 0.8211567732115678 0.5707762557077626 0.1293759512937595 0.121765601217656
5 0.632420091324201 0.3942161339421613 0.1476407914764079 0.1187214611872146
5 0.4520547945205479 0.5958904109589042 0.121765601217656 0.1780821917808219
5 0.5235920852359208 0.4977168949771689 0.106544901065449 0.15220700152207
5 0.7123287671232876 0.2374429223744292 0.1948249619482496 0.1704718417047184
5 0.4360730593607306 0.9444444444444444 0.1324200913242009 0.0867579908675799
5 0.6027397260273972 0.9604261796042618 0.1491628614916286 0.0730593607305936