5 0.9714394516374715 0.21732522796352582 0.04341203351104341 0.0911854103343465
5 0.9870525514089871 0.12537993920972645 0.025894897182025894 0.09878419452887538
5 0.9862909367859863 0.03115501519756839 0.027418126428027417 0.05623100303951368
5 0.7718964204112719 0.9422492401215805 0.041888804265041886 0.08206686930091185
5 0.8400609291698401 0.9316109422492401 0.028941355674028942 0.0911854103343465
5 0.988956587966489 0.4399696048632219 0.022086824067022087 0.16261398176291794
5 0.9607768469154607 0.34194528875379937 0.06321401370906321 0.1094224924012158
5 0.9535415079969536 0.4787234042553192 0.05178979436405179 0.1398176291793313
5 0.9177456207159177 0.5455927051671733 0.039603960396039604 0.0851063829787234
5 0.9261233815689262 0.6618541033434651 0.03655750190403656 0.06534954407294832
5 0.9318354912414318 0.7287234042553191 0.0357958872810358 0.04711246200607903
5 0.9706778370144706 0.6056231003039514 0.05864432597105865 0.07750759878419453
5 0.9775323686214775 0.702887537993921 0.04493526275704494 0.10182370820668693
5 0.9253617669459253 0.7955927051671733 0.044173648134044174 0.06838905775075987
5 0.13747143945163748 0.5174772036474165 0.055597867479055596 0.14437689969604864
5 0.2048743335872049 0.5113981762917933 0.053313023610053314 0.08054711246200608
5 0.19306930693069307 0.6094224924012158 0.06321401370906321 0.11246200607902736
5 0.8777608530083778 0.7226443768996961 0.04341203351104341 0.12613981762917933
5 0.6656511805026657 0.581306990881459 0.04112718964204113 0.07446808510638298
5 0.6858339680121859 0.8503039513677811 0.11195734958111196 0.135258358662614
5 0.7075399847677075 0.7834346504559271 0.053313023610053314 0.06231003039513678
5 0.9661081492764662 0.9612462006079028 0.06778370144706779 0.07750759878419453
5 0.9771515613099772 0.8427051671732523 0.0456968773800457 0.13829787234042554
5 0.9101294744859101 0.9338905775075987 0.044173648134044174 0.13221884498480244
5 0.869002284843869 0.4886018237082067 0.0594059405940594 0.08662613981762918
5 0.8895658796648895 0.37537993920972645 0.062452399086062454 0.1337386018237082
5 0.9101294744859101 0.041033434650455926 0.0594059405940594 0.0790273556231003
5 0.9112718964204113 0.12082066869300911 0.06473724295506474 0.09878419452887538
5 0.8910891089108911 0.2196048632218845 0.062452399086062454 0.09574468085106383
5 0.8335872048743336 0.31534954407294835 0.05407463823305408 0.15045592705167174
5 0.7402894135567403 0.24848024316109424 0.048743335872048744 0.12917933130699089
5 0.8332063975628332 0.0486322188449848 0.08073115003808073 0.0972644376899696
5 0.7319116527037319 0.44376899696048633 0.025894897182025894 0.0547112462006079
5 0.8412033511043412 0.5395136778115501 0.05864432597105865 0.0729483282674772
5 0.8480578827113481 0.6147416413373861 0.06321401370906321 0.06534954407294832
5 0.8354912414318355 0.6960486322188449 0.03655750190403656 0.08814589665653495
5 0.9093678598629094 0.6132218844984803 0.04265041888804265 0.05319148936170213
5 0.7977913175932978 0.6063829787234043 0.031226199543031227 0.0425531914893617
5 0.8118811881188119 0.44376899696048633 0.044173648134044174 0.08814589665653495
5 0.766945925361767 0.385258358662614 0.0456968773800457 0.09270516717325228
5 0.7322924600152323 0.04179331306990881 0.08758568164508758 0.07750759878419453
5 0.7894135567402895 0.24012158054711247 0.041888804265041886 0.1337386018237082
5 0.8415841584158416 0.1656534954407295 0.035034272658035034 0.0911854103343465
5 0.7083015993907082 0.6838905775075987 0.03351104341203351 0.08206686930091185
5 0.7520944402132521 0.6869300911854104 0.04341203351104341 0.14285714285714285
5 0.7581873571972582 0.831306990881459 0.0357958872810358 0.11550151975683891
5 0.7677075399847677 0.5227963525835866 0.053313023610053314 0.1276595744680851
5 0.8952779893373953 0.8206686930091185 0.046458492003046456 0.057750759878419454
5 0.8362528560548362 0.8396656534954408 0.028941355674028942 0.08358662613981763
5 0.8697638994668697 0.8753799392097265 0.03198781416603199 0.0486322188449848
5 0.48743335872048743 0.3738601823708207 0.08225437928408226 0.1762917933130699
5 0.6241431835491241 0.48328267477203646 0.05255140898705255 0.10030395136778116
5 0.4908606245239909 0.7317629179331308 0.07844630616907845 0.1534954407294833
5 0.571972581873572 0.7317629179331308 0.05635948210205636 0.1413373860182371
5 0.6188118811881188 0.17097264437689969 0.06778370144706779 0.11702127659574468
5 0.6507996953541508 0.05319148936170213 0.055597867479055596 0.10030395136778116
5 0.646991622239147 0.33890577507598785 0.08453922315308454 0.1702127659574468
5 0.7128712871287128 0.3351063829787234 0.04722010662604722 0.09270516717325228
5 0.7086824067022087 0.5326747720364742 0.06321401370906321 0.1534954407294833
5 0.34424980959634427 0.9414893617021277 0.06092916984006093 0.11094224924012158
5 0.4097486671744098 0.8624620060790273 0.06854531607006854 0.11398176291793313
5 0.4623000761614623 0.8252279635258358 0.0654988575780655 0.1033434650455927
5 0.45354150799695353 0.9468085106382979 0.05255140898705255 0.10638297872340426
5 0.5277989337395278 0.898936170212766 0.0715917745620716 0.09574468085106383
5 0.6336633663366337 0.9551671732522796 0.07463823305407463 0.08966565349544073
5 0.5997715156130998 0.8556231003039514 0.04950495049504951 0.08814589665653495
5 0.15118050266565117 0.1884498480243161 0.07996953541507996 0.14285714285714285
5 0.025514089870525513 0.13221884498480244 0.051028179741051026 0.1337386018237082
5 0.10053313023610053 0.050911854103343465 0.07920792079207921 0.08054711246200608
5 0.1964965727341965 0.050911854103343465 0.08377760853008377 0.08966565349544073
5 0.297029702970297 0.044832826747720364 0.08225437928408226 0.08966565349544073
5 0.4558263518659558 0.044832826747720364 0.07387661843107388 0.08662613981762918
5 0.5376999238385377 0.04331306990881459 0.06092916984006093 0.08662613981762918
5 0.4881949733434882 0.15881458966565348 0.05483625285605483 0.12917933130699089
5 0.5476009139375476 0.15273556231003038 0.06092916984006093 0.10486322188449848
5 0.5536938309215537 0.2553191489361702 0.06092916984006093 0.08814589665653495
5 0.5738766184310738 0.35790273556231 0.04798172124904798 0.10790273556231003
5 0.5658796648895659 0.4673252279635258 0.05026656511805026 0.10182370820668693
5 0.6058644325971059 0.5881458966565349 0.05712109672505712 0.08206686930091185
5 0.6458492003046459 0.7021276595744681 0.07311500380807312 0.13069908814589665
5 0.7970297029702971 0.7203647416413373 0.037319116527037316 0.1398176291793313
5 0.7977913175932978 0.8442249240121581 0.041888804265041886 0.09270516717325228
5 0.8103579588728104 0.9536474164133738 0.028941355674028942 0.09270516717325228
5 0.6896420411271896 0.20972644376899696 0.04950495049504951 0.09422492401215805
5 0.7212490479817213 0.12993920972644377 0.06092916984006093 0.08966565349544073
5 0.789032749428789 0.13145896656534956 0.053313023610053314 0.07142857142857142
5 0.5266565118050267 0.526595744680851 0.05864432597105865 0.11702127659574468
5 0.476009139375476 0.5645896656534954 0.06397562833206398 0.13221884498480244
5 0.40022848438690023 0.6231003039513677 0.09063214013709063 0.13069908814589665
5 0.40784463061690784 0.7393617021276596 0.055597867479055596 0.08054711246200608
5 0.3731911652703732 0.7993920972644377 0.053313023610053314 0.11854103343465046
5 0.28674790555978674 0.7993920972644377 0.051028179741051026 0.10030395136778116
5 0.2791317593297791 0.6922492401215805 0.03884234577303884 0.08966565349544073
5 0.3286367098248286 0.7127659574468085 0.037319116527037316 0.0729483282674772
5 0.3309215536938309 0.8077507598784195 0.031226199543031227 0.08662613981762918
5 0.3248286367098248 0.8761398176291794 0.02817974105102818 0.041033434650455926
5 0.28903274942878904 0.878419452887538 0.03427265803503427 0.0547112462006079
5 0.29131759329779133 0.9559270516717325 0.03884234577303884 0.08814589665653495
5 0.4067022086824067 0.9620060790273556 0.039603960396039604 0.07598784194528875
5 0.5258948971820259 0.9756838905775076 0.06473724295506474 0.0486322188449848
5 0.5814927646610815 0.9551671732522796 0.02513328255902513 0.08358662613981763
5 0.555978674790556 0.851063829787234 0.027418126428027417 0.0851063829787234
5 0.5392231530845393 0.6512158054711246 0.053313023610053314 0.09270516717325228
5 0.4207920792079208 0.4969604863221885 0.03274942878903275 0.0911854103343465
5 0.24714394516374713 0.973404255319149 0.037319116527037316 0.05319148936170213
5 0.24295506473724296 0.9034954407294833 0.03655750190403656 0.07446808510638298
5 0.19040365575019041 0.8411854103343465 0.0715917745620716 0.07750759878419453
5 0.12833206397562832 0.7424012158054711 0.051028179741051026 0.11702127659574468
5 0.07006854531607007 0.7287234042553191 0.053313023610053314 0.17477203647416414
5 0.07006854531607007 0.9308510638297872 0.057882711348057884 0.11094224924012158
5 0.12757044935262757 0.9050151975683891 0.04798172124904798 0.08358662613981763
5 0.1728865194211729 0.96580547112462 0.0456968773800457 0.06534954407294832
5 0.20906321401370906 0.9445288753799392 0.03427265803503427 0.11094224924012158
5 0.0575019040365575 0.5212765957446809 0.09367859862909368 0.22492401215805471
5 0.01942117288651942 0.8708206686930091 0.0357958872810358 0.1337386018237082
5 0.21287128712871287 0.7332826747720365 0.07387661843107388 0.11398176291793313
5 0.3137852246763138 0.5911854103343465 0.07311500380807312 0.1276595744680851
5 0.253998476770754 0.5767477203647416 0.0357958872810358 0.10486322188449848
5 0.595963442498096 0.05623100303951368 0.046458492003046456 0.10030395136778116
5 0.4006092916984006 0.32978723404255317 0.08682406702208682 0.16109422492401215
5 0.41926884996191927 0.1474164133738602 0.07235338918507235 0.13069908814589665
5 0.361005331302361 0.08130699088145897 0.035034272658035034 0.15653495440729484
5 0.361005331302361 0.479483282674772 0.07616146230007616 0.15045592705167174
7 0.25704493526275707 0.4848024316109423 0.060167555217060166 0.07598784194528875
5 0.030845392231530846 0.03267477203647416 0.051028179741051026 0.06231003039513678
5 0.031226199543031227 0.30775075987841943 0.062452399086062454 0.1838905775075988
5 0.23724295506473725 0.182370820668693 0.07844630616907845 0.1519756838905775
5 0.22772277227722773 0.3411854103343465 0.0594059405940594 0.10486322188449848
5 0.17326732673267325 0.3518237082066869 0.04341203351104341 0.16261398176291794
5 0.11005331302361006 0.3708206686930091 0.0753998476770754 0.11550151975683891
5 0.3286367098248286 0.26595744680851063 0.05407463823305408 0.11246200607902736
5 0.2856054836252856 0.36322188449848025 0.062452399086062454 0.18541033434650456
7 0.08682406702208682 0.2712765957446808 0.028941355674028942 0.06838905775075987
5 0.08415841584158416 0.1656534954407295 0.05255140898705255 0.10638297872340426
5 0.3172124904798172 0.13677811550151975 0.03884234577303884 0.0790273556231003
5 0.6812642802741813 0.44072948328267475 0.06321401370906321 0.0851063829787234