5 0.3554033485540335 0.576103500761035 0.3668188736681887 0.3302891933028919
5 0.16514459665144596 0.8751902587519026 0.3302891933028919 0.2496194824961948
7 0.08599695585996955 0.6118721461187214 0.1659056316590563 0.2313546423135464
7 0.4216133942161339 0.8386605783866058 0.1735159817351598 0.1704718417047184
7 0.8272450532724506 0.8554033485540334 0.1171993911719939 0.0943683409436834
7 0.939117199391172 0.802130898021309 0.1035007610350076 0.1613394216133942
5 0.9140030441400304 0.2694063926940639 0.1719939117199391 0.1948249619482496
5 0.9375951293759512 0.08904109589041095 0.1248097412480974 0.1780821917808219
7 0.6575342465753424 0.8964992389649924 0.1856925418569254 0.1491628614916286
7 0.882800608828006 0.9528158295281582 0.2343987823439878 0.0943683409436834
7 0.5707762557077626 0.728310502283105 0.1613394216133942 0.1872146118721461
5 0.8340943683409436 0.7016742770167428 0.3318112633181126 0.2252663622526636
7 0.7724505327245054 0.4254185692541857 0.3455098934550989 0.2359208523592085
7 0.5243531202435312 0.967275494672755 0.2054794520547945 0.0654490106544901
7 0.4223744292237443 0.06164383561643835 0.1354642313546423 0.1171993911719939
7 0.14079147640791476 0.0502283105022831 0.1415525114155251 0.1004566210045662
7 0.2800608828006088 0.05403348554033485 0.1004566210045662 0.0898021308980213
7 0.7427701674277016 0.0243531202435312 0.0730593607305936 0.0487062404870624
7 0.8356164383561644 0.03120243531202435 0.0852359208523592 0.0624048706240487
5 0.6940639269406392 0.1735159817351598 0.182648401826484 0.167427701674277
7 0.03729071537290715 0.1415525114155251 0.0715372907153729 0.1582952815829528
5 0.1963470319634703 0.2024353120243531 0.2070015220700152 0.1948249619482496
5 0.5136986301369864 0.1719939117199391 0.1811263318112633 0.1339421613394216
5 0.3280060882800609 0.319634703196347 0.1111111111111111 0.1582952815829528
7 0.5844748858447488 0.03881278538812785 0.1917808219178082 0.0776255707762557