5 0.0380517503805175 0.25227963525835867 0.0578386605783866 0.13069908814589665
5 0.017123287671232876 0.11246200607902736 0.03120243531202435 0.1033434650455927
5 0.11149162861491628 0.5661094224924013 0.06621004566210045 0.16261398176291794
5 0.03919330289193303 0.6238601823708206 0.06925418569254185 0.12310030395136778
5 0.19748858447488585 0.8837386018237082 0.10426179604261795 0.13221884498480244
5 0.04185692541856925 0.9072948328267477 0.0624048706240487 0.11854103343465046
5 0.0289193302891933 0.7727963525835866 0.0517503805175038 0.13829787234042554
5 0.9592846270928462 0.11626139817629179 0.08143074581430745 0.14437689969604864
5 0.8382800608828006 0.4156534954407295 0.04794520547945205 0.13829787234042554
5 0.8896499238964992 0.8305471124620061 0.1004566210045662 0.19300911854103345
5 0.980593607305936 0.25987841945288753 0.03881278538812785 0.1094224924012158
5 0.9162861491628614 0.4430091185410334 0.0943683409436834 0.16261398176291794
5 0.756468797564688 0.07142857142857142 0.0776255707762557 0.14285714285714285
5 0.693683409436834 0.1952887537993921 0.07838660578386605 0.1474164133738602
5 0.723744292237443 0.3487841945288754 0.0974124809741248 0.1474164133738602
5 0.8074581430745814 0.23252279635258358 0.1141552511415525 0.2127659574468085
5 0.9056316590563166 0.26063829787234044 0.0837138508371385 0.15653495440729484
5 0.8531202435312024 0.04179331306990881 0.1126331811263318 0.08358662613981763
5 0.662861491628615 0.06155015197568389 0.0974124809741248 0.12310030395136778
5 0.3862252663622527 0.2986322188449848 0.05707762557077625 0.16261398176291794
5 0.545662100456621 0.08890577507598785 0.106544901065449 0.17477203647416414
5 0.4512937595129376 0.10638297872340426 0.0684931506849315 0.12462006079027356
5 0.3885083713850837 0.09498480243161095 0.05555555555555555 0.18085106382978725
5 0.3124048706240487 0.041033434650455926 0.07229832572298325 0.08206686930091185
5 0.2343987823439878 0.04559270516717325 0.0791476407914764 0.08206686930091185
5 0.2937595129375951 0.23404255319148937 0.076103500761035 0.1337386018237082
5 0.12861491628614916 0.06155015197568389 0.0989345509893455 0.11702127659574468
5 0.1111111111111111 0.22796352583586627 0.0654490106544901 0.13069908814589665
5 0.18036529680365296 0.26671732522796354 0.0578386605783866 0.12310030395136778
5 0.2389649923896499 0.30623100303951367 0.0471841704718417 0.11094224924012158
5 0.0319634703196347 0.36930091185410335 0.0547945205479452 0.0851063829787234
5 0.08409436834094368 0.3541033434650456 0.03272450532724505 0.07598784194528875
5 0.1582952815829528 0.3974164133738602 0.0898021308980213 0.1474164133738602
5 0.04680365296803653 0.47416413373860183 0.05098934550989345 0.10030395136778116
5 0.3245814307458143 0.37462006079027355 0.06164383561643835 0.13221884498480244
5 0.22754946727549466 0.47188449848024316 0.0426179604261796 0.12006079027355623
5 0.3432267884322679 0.540273556231003 0.0989345509893455 0.22340425531914893
5 0.1632420091324201 0.621580547112462 0.05555555555555555 0.12158054711246201
5 0.2176560121765601 0.736322188449848 0.0776255707762557 0.11702127659574468
5 0.10007610350076103 0.7044072948328267 0.04642313546423135 0.08966565349544073
5 0.0852359208523592 0.8275075987841946 0.030441400304414 0.08054711246200608
5 0.09665144596651445 0.9498480243161094 0.045662100456621 0.10030395136778116
5 0.14421613394216135 0.9802431610942249 0.02815829528158295 0.03951367781155015
5 0.2085235920852359 0.9756838905775076 0.0578386605783866 0.0486322188449848
5 0.13774733637747336 0.8085106382978723 0.0319634703196347 0.0790273556231003
5 0.2880517503805175 0.9521276595744681 0.06621004566210045 0.09574468085106383
5 0.2758751902587519 0.5721884498480243 0.04185692541856925 0.11702127659574468
5 0.2945205479452055 0.8343465045592705 0.0684931506849315 0.1033434650455927
5 0.4296042617960426 0.9293313069908815 0.13470319634703196 0.1413373860182371
5 0.9786910197869102 0.8951367781155015 0.0426179604261796 0.1337386018237082
5 0.9311263318112634 0.9650455927051672 0.11339421613394216 0.06990881458966565
5 0.8576864535768646 0.6702127659574468 0.0593607305936073 0.09422492401215805
5 0.7446727549467276 0.9034954407294833 0.07077625570776255 0.19300911854103345
5 0.6655251141552512 0.9566869300911854 0.08447488584474885 0.08662613981762918
5 0.5814307458143074 0.9749240121580547 0.0700152207001522 0.05015197568389058
5 0.654490106544901 0.8381458966565349 0.0943683409436834 0.135258358662614
5 0.7884322678843226 0.7332826747720365 0.0776255707762557 0.1899696048632219
5 0.7039573820395738 0.7203647416413373 0.0806697108066971 0.15501519756838905
5 0.8116438356164384 0.9217325227963525 0.05707762557077625 0.15653495440729484
5 0.5247336377473364 0.9407294832826748 0.05098934550989345 0.1094224924012158
5 0.5939878234398782 0.8905775075987842 0.06316590563165905 0.12158054711246201
5 0.8120243531202436 0.5220364741641338 0.0578386605783866 0.09270516717325228
5 0.8002283105022832 0.38069908814589665 0.03881278538812785 0.08662613981762918
5 0.7994672754946728 0.5927051671732523 0.06012176560121765 0.0911854103343465
5 0.7621765601217656 0.5364741641337386 0.07990867579908675 0.23404255319148937
5 0.9733637747336378 0.6512158054711246 0.0532724505327245 0.27811550151975684
5 0.8919330289193302 0.574468085106383 0.0898021308980213 0.1094224924012158
5 0.536910197869102 0.7940729483282675 0.06164383561643835 0.13829787234042554
5 0.4539573820395738 0.7598784194528876 0.07534246575342465 0.14893617021276595
5 0.5159817351598174 0.628419452887538 0.0745814307458143 0.1656534954407295
5 0.6689497716894978 0.5942249240121581 0.0715372907153729 0.09422492401215805
5 0.59779299847793 0.3518237082066869 0.07229832572298325 0.11702127659574468
5 0.5235920852359208 0.25151975683890576 0.0821917808219178 0.10182370820668693
5 0.552130898021309 0.4696048632218845 0.08295281582952815 0.1458966565349544
5 0.4733637747336377 0.4870820668693009 0.0563165905631659 0.11702127659574468
5 0.44558599695586 0.331306990881459 0.04794520547945205 0.17325227963525835
5 0.5951293759512938 0.6998480243161094 0.0532724505327245 0.12613981762917933
5 0.624048706240487 0.49772036474164133 0.0441400304414003 0.13221884498480244
5 0.6255707762557078 0.24468085106382978 0.0471841704718417 0.10030395136778116
5 0.430365296803653 0.5524316109422492 0.07382039573820395 0.21732522796352582
5 0.3668188736681887 0.7598784194528876 0.0684931506849315 0.11854103343465046
5 0.4257990867579909 0.2074468085106383 0.04033485540334855 0.05623100303951368
5 0.680365296803653 0.4331306990881459 0.0882800608828006 0.20972644376899696
5 0.5159817351598174 0.3662613981762918 0.076103500761035 0.12462006079027356
5 0.3378995433789954 0.17553191489361702 0.0669710806697108 0.1595744680851064
5 0.2598934550989346 0.16033434650455927 0.09665144596651445 0.1474164133738602