5 0.09360730593607305 0.2846270928462709 0.1324200913242009 0.213089802130898
5 0.21537290715372906 0.3926940639269406 0.1111111111111111 0.1035007610350076
5 0.2420091324200913 0.2838660578386606 0.0882800608828006 0.0867579908675799
5 0.1506849315068493 0.12861491628614916 0.167427701674277 0.1141552511415525
5 0.2579908675799087 0.0563165905631659 0.0989345509893455 0.076103500761035
5 0.2853881278538813 0.14383561643835616 0.0684931506849315 0.0989345509893455
5 0.3942161339421613 0.22298325722983256 0.167427701674277 0.1567732115677321
5 0.3736681887366819 0.07838660578386605 0.0806697108066971 0.0867579908675799
5 0.530441400304414 0.1263318112633181 0.1324200913242009 0.0943683409436834
5 0.6293759512937596 0.2222222222222222 0.2024353120243531 0.1339421613394216
5 0.6727549467275494 0.1019786910197869 0.121765601217656 0.091324200913242
5 0.5350076103500762 0.3211567732115677 0.1141552511415525 0.1248097412480974
5 0.649923896499239 0.3820395738203957 0.091324200913242 0.1400304414003044
5 0.7671232876712328 0.3584474885844749 0.1248097412480974 0.1476407914764079
5 0.8127853881278538 0.21841704718417046 0.106544901065449 0.1111111111111111
5 0.8919330289193302 0.12404870624048706 0.1796042617960426 0.1598173515981735
5 0.9185692541856926 0.3188736681887367 0.1263318112633181 0.1598173515981735
5 0.09665144596651445 0.76103500761035 0.0563165905631659 0.091324200913242
5 0.07229832572298325 0.6590563165905632 0.0532724505327245 0.0730593607305936
5 0.15753424657534246 0.8691019786910198 0.1111111111111111 0.1491628614916286
5 0.1796042617960426 0.6902587519025876 0.1400304414003044 0.1628614916286149
5 0.13926940639269406 0.5319634703196348 0.0837138508371385 0.0989345509893455
5 0.2519025875190259 0.5312024353120244 0.1171993911719939 0.1035007610350076
5 0.3318112633181126 0.621765601217656 0.1339421613394216 0.0958904109589041
5 0.3066971080669711 0.9025875190258752 0.1719939117199391 0.1339421613394216
5 0.3850837138508371 0.4878234398782344 0.1491628614916286 0.1019786910197869
5 0.4147640791476408 0.3828006088280061 0.1902587519025875 0.1141552511415525
5 0.5654490106544902 0.5365296803652968 0.1872146118721461 0.1598173515981735
5 0.3158295281582953 0.7709284627092846 0.1141552511415525 0.1019786910197869
5 0.4794520547945205 0.8424657534246576 0.197869101978691 0.1415525114155251
5 0.7222222222222222 0.7747336377473364 0.1141552511415525 0.121765601217656
5 0.850076103500761 0.8881278538812786 0.1171993911719939 0.1415525114155251
5 0.8614916286149162 0.7625570776255708 0.1248097412480974 0.1491628614916286
5 0.926179604261796 0.6514459665144596 0.1171993911719939 0.1491628614916286
5 0.4353120243531202 0.6887366818873668 0.1187214611872146 0.1293759512937595
5 0.591324200913242 0.7214611872146118 0.1263318112633181 0.1400304414003044
5 0.8949771689497716 0.4939117199391172 0.1643835616438356 0.1293759512937595
5 0.756468797564688 0.5829528158295282 0.15220700152207 0.1856925418569254
5 0.617199391171994 0.9345509893455098 0.0867579908675799 0.1035007610350076