5 0.6073059360730594 0.6111111111111112 0.2222222222222222 0.2389649923896499
5 0.5547945205479452 0.2899543378995434 0.1232876712328767 0.1293759512937595
5 0.410958904109589 0.6004566210045662 0.1248097412480974 0.0776255707762557
5 0.4360730593607306 0.6894977168949772 0.1080669710806697 0.0852359208523592
5 0.5342465753424658 0.4345509893455099 0.1126331811263318 0.0837138508371385
5 0.4322678843226788 0.4649923896499239 0.0943683409436834 0.1293759512937595
5 0.3082191780821918 0.4817351598173516 0.1324200913242009 0.1506849315068493
5 0.7557077625570776 0.2100456621004566 0.1567732115677321 0.1400304414003044
5 0.6468797564687976 0.06012176560121765 0.1552511415525114 0.1202435312024353
5 0.4703196347031963 0.1248097412480974 0.1704718417047184 0.15220700152207
5 0.3120243531202435 0.08904109589041095 0.1248097412480974 0.1171993911719939
5 0.0837138508371385 0.0426179604261796 0.1613394216133942 0.0852359208523592
5 0.9490106544901066 0.11339421613394216 0.1019786910197869 0.1171993911719939
5 0.8873668188736682 0.2146118721461187 0.1095890410958904 0.1430745814307458
5 0.9642313546423136 0.3074581430745814 0.0715372907153729 0.0821917808219178
5 0.9322678843226788 0.756468797564688 0.0867579908675799 0.1035007610350076
5 0.9794520547945206 0.710806697108067 0.0410958904109589 0.1095890410958904
5 0.7884322678843226 0.5197869101978692 0.1004566210045662 0.0989345509893455
5 0.9315068493150684 0.4353120243531202 0.136986301369863 0.1735159817351598
5 0.9162861491628614 0.8995433789954338 0.167427701674277 0.2009132420091324
5 0.7633181126331812 0.9482496194824962 0.1293759512937595 0.1035007610350076
5 0.4733637747336377 0.7876712328767124 0.1248097412480974 0.0989345509893455
5 0.6179604261796042 0.18797564687975646 0.106544901065449 0.1263318112633181
5 0.4459665144596651 0.02359208523592085 0.1156773211567732 0.0471841704718417
5 0.2792998477929985 0.0136986301369863 0.1324200913242009 0.0273972602739726
5 0.2343987823439878 0.3264840182648402 0.1704718417047184 0.1719939117199391
5 0.09056316590563165 0.1841704718417047 0.1141552511415525 0.1400304414003044
5 0.03272450532724505 0.2929984779299848 0.0654490106544901 0.1232876712328767
5 0.015220700152207 0.1324200913242009 0.030441400304414 0.1400304414003044
5 0.2009132420091324 0.1308980213089802 0.1035007610350076 0.1704718417047184
5 0.3911719939117199 0.2602739726027397 0.1187214611872146 0.0943683409436834
5 0.4269406392694064 0.3554033485540335 0.1019786910197869 0.0806697108066971
5 0.9101978691019786 0.624048706240487 0.121765601217656 0.1582952815829528
5 0.7557077625570776 0.8089802130898022 0.1506849315068493 0.1415525114155251
5 0.09665144596651445 0.943683409436834 0.1537290715372907 0.1126331811263318
5 0.2792998477929985 0.9048706240487062 0.1293759512937595 0.0928462709284627
5 0.0821917808219178 0.4756468797564688 0.1491628614916286 0.2359208523592085
5 0.815068493150685 0.07077625570776255 0.1567732115677321 0.1415525114155251
5 0.7366818873668188 0.3736681887366819 0.2374429223744292 0.2054794520547945
5 0.7907153729071538 0.6598173515981736 0.0989345509893455 0.1445966514459665
5 0.6133942161339422 0.9398782343987824 0.1461187214611872 0.1202435312024353
5 0.6141552511415526 0.8158295281582952 0.1202435312024353 0.1156773211567732
5 0.4901065449010654 0.9330289193302892 0.0943683409436834 0.1339421613394216
5 0.2503805175038052 0.6735159817351598 0.1872146118721461 0.2024353120243531
5 0.15449010654490106 0.8120243531202436 0.1445966514459665 0.1263318112633181
5 0.0791476407914764 0.682648401826484 0.1552511415525114 0.1719939117199391
5 0.3485540334855403 0.821917808219178 0.0974124809741248 0.0974124809741248
5 0.4010654490106545 0.9703196347031964 0.0745814307458143 0.0593607305936073
5 0.21385083713850836 0.9748858447488584 0.0684931506849315 0.0502283105022831
5 0.3089802130898021 0.9794520547945206 0.0974124809741248 0.0410958904109589
5 0.03576864535768645 0.8089802130898022 0.0684931506849315 0.0776255707762557
7 0.3363774733637747 0.3668188736681887 0.0517503805175038 0.0578386605783866
5 0.286910197869102 0.1796042617960426 0.0624048706240487 0.060882800608828
5 0.15905631659056316 0.2732115677321157 0.1872146118721461 0.1567732115677321