5 0.20776255707762556 0.2945205479452055 0.1324200913242009 0.1263318112633181
5 0.0958904109589041 0.4246575342465753 0.0943683409436834 0.121765601217656
5 0.11796042617960426 0.6057838660578386 0.1293759512937595 0.1704718417047184
5 0.2534246575342466 0.4284627092846271 0.1111111111111111 0.1476407914764079
5 0.2808219178082192 0.560882800608828 0.1293759512937595 0.0867579908675799
5 0.3926940639269406 0.4794520547945205 0.1491628614916286 0.136986301369863
5 0.410958904109589 0.2267884322678843 0.15220700152207 0.1339421613394216
5 0.3866057838660578 0.365296803652968 0.0943683409436834 0.121765601217656
5 0.4855403348554033 0.317351598173516 0.0943683409436834 0.1476407914764079
5 0.5365296803652968 0.136986301369863 0.1141552511415525 0.121765601217656
5 0.7503805175038052 0.2039573820395738 0.1856925418569254 0.1948249619482496
5 0.5837138508371386 0.3987823439878234 0.0867579908675799 0.091324200913242
5 0.6232876712328768 0.2937595129375951 0.0837138508371385 0.1095890410958904
5 0.8858447488584474 0.2747336377473364 0.106544901065449 0.1567732115677321
5 0.6286149162861492 0.4741248097412481 0.0882800608828006 0.0989345509893455
5 0.7343987823439878 0.4056316590563166 0.0989345509893455 0.1445966514459665
5 0.8280060882800608 0.4885844748858447 0.0882800608828006 0.0943683409436834
5 0.8729071537290716 0.4132420091324201 0.0654490106544901 0.0654490106544901
5 0.9383561643835616 0.4649923896499239 0.0867579908675799 0.0958904109589041
5 0.7937595129375952 0.624048706240487 0.1628614916286149 0.121765601217656
5 0.6712328767123288 0.5677321156773212 0.0730593607305936 0.0882800608828006
5 0.5388127853881278 0.573820395738204 0.1704718417047184 0.15220700152207
5 0.6727549467275494 0.7549467275494672 0.121765601217656 0.0943683409436834
5 0.5449010654490106 0.7092846270928462 0.1248097412480974 0.1035007610350076
5 0.769406392694064 0.8432267884322678 0.1263318112633181 0.121765601217656
5 0.5197869101978692 0.9147640791476408 0.0806697108066971 0.0730593607305936
5 0.5312024353120244 0.8287671232876712 0.0791476407914764 0.0837138508371385
5 0.3599695585996956 0.708523592085236 0.1445966514459665 0.1263318112633181
5 0.3637747336377473 0.8409436834094368 0.197869101978691 0.1141552511415525
5 0.20015220700152206 0.7138508371385084 0.0989345509893455 0.1400304414003044
5 0.9490106544901066 0.18797564687975646 0.0806697108066971 0.1111111111111111
5 0.943683409436834 0.0806697108066971 0.076103500761035 0.0791476407914764
5 0.6948249619482496 0.05859969558599695 0.1141552511415525 0.0806697108066971
5 0.6453576864535768 0.923896499238965 0.1187214611872146 0.091324200913242
5 0.1035007610350076 0.8462709284627092 0.1400304414003044 0.1948249619482496
5 0.11948249619482496 0.1963470319634703 0.0867579908675799 0.045662100456621
5 0.2222222222222222 0.1445966514459665 0.1187214611872146 0.060882800608828
5 0.2800608828006088 0.9459665144596652 0.121765601217656 0.0867579908675799
3 0.9535768645357686 0.8736681887366818 0.0806697108066971 0.1400304414003044
5 0.0821917808219178 0.0821917808219178 0.1035007610350076 0.1095890410958904