5 0.09346504559270517 0.2937595129375951 0.1778115501519757 0.2374429223744292
5 0.3495440729483283 0.9459665144596652 0.3100303951367781 0.1080669710806697
5 0.30015197568389057 0.8028919330289194 0.23252279635258358 0.1811263318112633
5 0.19832826747720364 0.6286149162861492 0.16261398176291794 0.1704718417047184
5 0.08966565349544073 0.6643835616438356 0.17933130699088146 0.2968036529680365
5 0.08206686930091185 0.9277016742770168 0.15501519756838905 0.1445966514459665
5 0.9445288753799392 0.880517503805175 0.11094224924012158 0.2389649923896499
5 0.8799392097264438 0.6270928462709284 0.24012158054711247 0.2313546423135464
5 0.9240121580547113 0.3987823439878234 0.1519756838905775 0.2191780821917808
5 0.75 0.393455098934551 0.22036474164133737 0.1080669710806697
5 0.7332826747720365 0.54337899543379 0.21428571428571427 0.1430745814307458
5 0.32142857142857145 0.4223744292237443 0.256838905775076 0.3485540334855403
5 0.6800911854103343 0.2785388127853881 0.12310030395136778 0.0821917808219178
5 0.6033434650455927 0.3721461187214612 0.11550151975683891 0.1506849315068493
5 0.5007598784194529 0.4231354642313546 0.08966565349544073 0.2252663622526636
5 0.3860182370820669 0.3089802130898021 0.10030395136778116 0.1278538812785388
5 0.8837386018237082 0.17123287671232876 0.23252279635258358 0.1963470319634703
5 0.8328267477203647 0.2929984779299848 0.13069908814589665 0.1445966514459665
5 0.8685410334346505 0.03729071537290715 0.2629179331306991 0.0745814307458143
5 0.6147416413373861 0.06925418569254185 0.1413373860182371 0.1354642313546423
5 0.6428571428571429 0.17275494672754946 0.23100303951367782 0.1141552511415525
5 0.4642857142857143 0.1506849315068493 0.12613981762917933 0.197869101978691
5 0.4726443768996961 0.0258751902587519 0.1398176291793313 0.0517503805175038
5 0.2872340425531915 0.11339421613394216 0.22796352583586627 0.2267884322678843
5 0.12006079027355623 0.0806697108066971 0.20972644376899696 0.1552511415525114
7 0.6952887537993921 0.9482496194824962 0.15045592705167174 0.1035007610350076
7 0.8297872340425532 0.9299847792998478 0.1094224924012158 0.1400304414003044
7 0.6838905775075987 0.8249619482496194 0.12462006079027356 0.1248097412480974
7 0.5661094224924013 0.8691019786910198 0.08966565349544073 0.091324200913242
7 0.5585106382978723 0.7519025875190258 0.08966565349544073 0.1095890410958904
7 0.4642857142857143 0.754185692541857 0.08054711246200608 0.1019786910197869