5 0.9293313069908815 0.0898021308980213 0.1413373860182371 0.1796042617960426
5 0.4088145896656535 0.07686453576864535 0.12462006079027356 0.1537290715372907
5 0.13677811550151975 0.0715372907153729 0.2127659574468085 0.1339421613394216
5 0.05015197568389058 0.15905631659056316 0.10030395136778116 0.1324200913242009
5 0.13601823708206687 0.2792998477929985 0.135258358662614 0.1689497716894977
5 0.037993920972644375 0.2968036529680365 0.07598784194528875 0.121765601217656
5 0.17401215805471124 0.17123287671232876 0.10790273556231003 0.1141552511415525
5 0.5737082066869301 0.09208523592085235 0.12917933130699089 0.1385083713850837
5 0.7781155015197568 0.0806697108066971 0.12462006079027356 0.1552511415525114
5 0.96580547112462 0.2625570776255708 0.06838905775075987 0.1598173515981735
5 0.9430091185410334 0.639269406392694 0.11398176291793313 0.1552511415525114
5 0.9247720364741642 0.845509893455099 0.15045592705167174 0.1202435312024353
5 0.6071428571428571 0.9124809741248098 0.15653495440729484 0.1750380517503805
5 0.7515197568389058 0.8881278538812786 0.11702127659574468 0.1445966514459665
5 0.6223404255319149 0.7009132420091324 0.19908814589665655 0.2024353120243531
5 0.5144376899696048 0.7214611872146118 0.18085106382978725 0.1887366818873668
5 0.4133738601823708 0.8013698630136986 0.1519756838905775 0.1598173515981735
5 0.2651975683890577 0.7077625570776256 0.135258358662614 0.2404870624048706
5 0.4734042553191489 0.9406392694063926 0.08966565349544073 0.1187214611872146
5 0.33206686930091184 0.14687975646879756 0.09270516717325228 0.1263318112633181
5 0.34802431610942247 0.5030441400304414 0.1702127659574468 0.1750380517503805
5 0.22036474164133737 0.4284627092846271 0.12158054711246201 0.1537290715372907
5 0.7857142857142857 0.5060882800608828 0.1580547112462006 0.2480974124809741
5 0.3791793313069909 0.3013698630136986 0.1656534954407295 0.182648401826484
5 0.7819148936170213 0.317351598173516 0.13829787234042554 0.1202435312024353
5 0.5516717325227963 0.3538812785388128 0.2553191489361702 0.3150684931506849
5 0.6306990881458967 0.4961948249619482 0.14285714285714285 0.1704718417047184
5 0.6565349544072948 0.20471841704718416 0.1580547112462006 0.1232876712328767
5 0.6474164133738601 0.02815829528158295 0.09422492401215805 0.0563165905631659
5 0.11170212765957446 0.636986301369863 0.1534954407294833 0.1202435312024353
5 0.06003039513677812 0.441400304414003 0.11702127659574468 0.1095890410958904
1 0.10714285714285714 0.8181126331811264 0.13221884498480244 0.1293759512937595
0 0.24012158054711247 0.921613394216134 0.11246200607902736 0.0806697108066971
0 0.10866261398176291 0.9398782343987824 0.1534954407294833 0.1202435312024353
0 0.06155015197568389 0.5677321156773212 0.10182370820668693 0.1004566210045662
5 0.8601823708206687 0.22754946727549466 0.13677811550151975 0.1171993911719939
5 0.9399696048632219 0.4132420091324201 0.12006079027355623 0.1476407914764079
7 0.7963525835866262 0.7663622526636226 0.10030395136778116 0.0989345509893455