5 0.9277016742770168 0.6681887366818874 0.1445966514459665 0.2191780821917808
5 0.9375951293759512 0.895738203957382 0.1248097412480974 0.2085235920852359
5 0.8181126331811264 0.8493150684931506 0.1232876712328767 0.1187214611872146
7 0.8158295281582952 0.6948249619482496 0.0669710806697108 0.0989345509893455
5 0.7313546423135464 0.9307458143074582 0.1933028919330289 0.1385083713850837
7 0.6210045662100456 0.971841704718417 0.0547945205479452 0.0563165905631659
5 0.4642313546423135 0.6316590563165906 0.1582952815829528 0.15220700152207
5 0.6643835616438356 0.7138508371385084 0.2389649923896499 0.2770167427701674
5 0.563165905631659 0.8896499238964992 0.1582952815829528 0.1324200913242009
5 0.4802130898021309 0.786910197869102 0.1719939117199391 0.15220700152207
5 0.6484018264840182 0.0684931506849315 0.273972602739726 0.136986301369863
5 0.6293759512937596 0.228310502283105 0.2389649923896499 0.1735159817351598
5 0.4452054794520548 0.1917808219178082 0.1872146118721461 0.1765601217656012
5 0.4436834094368341 0.04946727549467275 0.1567732115677321 0.0989345509893455
5 0.2800608828006088 0.0213089802130898 0.1400304414003044 0.0426179604261796
5 0.09817351598173515 0.06468797564687975 0.1963470319634703 0.1293759512937595
5 0.17732115677321156 0.1339421613394216 0.1537290715372907 0.167427701674277
5 0.2960426179604262 0.11035007610350075 0.1232876712328767 0.1506849315068493
5 0.2785388127853881 0.23972602739726026 0.1887366818873668 0.1324200913242009
5 0.1933028919330289 0.3226788432267884 0.1339421613394216 0.1004566210045662
5 0.09512937595129375 0.2207001522070015 0.1841704718417047 0.1765601217656012
5 0.4497716894977169 0.3226788432267884 0.1506849315068493 0.1187214611872146
5 0.5015220700152208 0.4984779299847793 0.1598173515981735 0.1263318112633181
5 0.573820395738204 0.4147640791476408 0.2496194824961948 0.1872146118721461
5 0.7815829528158296 0.4452054794520548 0.1933028919330289 0.2450532724505327
5 0.5144596651445966 0.971841704718417 0.1400304414003044 0.0563165905631659
5 0.2176560121765601 0.45662100456621 0.1308980213089802 0.1400304414003044
5 0.3576864535768645 0.5121765601217656 0.136986301369863 0.1415525114155251
5 0.3401826484018265 0.3866057838660578 0.1445966514459665 0.136986301369863
5 0.2549467275494673 0.6133942161339422 0.2480974124809741 0.1704718417047184
5 0.24885844748858446 0.8249619482496194 0.2785388127853881 0.228310502283105
5 0.3051750380517504 0.7245053272450532 0.1263318112633181 0.1248097412480974
5 0.3843226788432268 0.9208523592085236 0.1293759512937595 0.15220700152207
5 0.3264840182648402 0.9596651445966514 0.1080669710806697 0.0806697108066971
5 0.21841704718417046 0.9657534246575342 0.0898021308980213 0.0684931506849315
0 0.2100456621004566 0.7146118721461188 0.0730593607305936 0.0806697108066971
0 0.04794520547945205 0.9710806697108066 0.0958904109589041 0.0578386605783866
5 0.11491628614916286 0.3546423135464231 0.1111111111111111 0.0852359208523592
5 0.1080669710806697 0.4208523592085236 0.091324200913242 0.0867579908675799