5 0.5189969604863222 0.9269406392694064 0.15045592705167174 0.1278538812785388
7 0.9688449848024316 0.4269406392694064 0.05623100303951368 0.1963470319634703
7 0.8153495440729484 0.9794520547945206 0.13221884498480244 0.0410958904109589
3 0.743920972644377 0.967275494672755 0.001519756838905775 0.0076103500761035
3 0.7887537993920972 0.928462709284627 0.0364741641337386 0.030441400304414
6 0.790273556231003 0.9277016742770168 0.03951367781155015 0.0258751902587519
3 0.5615501519756839 0.7595129375951294 0.041033434650455926 0.0334855403348554
3 0.7302431610942249 0.8698630136986302 0.044072948328267476 0.0380517503805175
3 0.9300911854103343 0.910958904109589 0.07598784194528875 0.0502283105022831
3 0.9870820668693009 0.9162861491628614 0.025835866261398176 0.0213089802130898
3 0.6588145896656535 0.84779299847793 0.034954407294832825 0.0182648401826484
3 0.6534954407294833 0.7572298325722984 0.03951367781155015 0.0289193302891933
3 0.8799392097264438 0.2526636225266362 0.0425531914893617 0.0426179604261796
6 0.9840425531914894 0.02359208523592085 0.031914893617021274 0.0380517503805175
6 0.9718844984802432 0.1278538812785388 0.05623100303951368 0.0395738203957382
3 0.8237082066869301 0.8424657534246576 0.08206686930091185 0.0410958904109589