0 0.7785388127853882 0.8744292237442922 0.1050228310502283 0.2085235920852359
0 0.6788432267884322 0.8592085235920852 0.106544901065449 0.2115677321156773
0 0.4611872146118721 0.8645357686453576 0.0639269406392694 0.0487062404870624
0 0.5030441400304414 0.9467275494672754 0.0593607305936073 0.0700152207001522
0 0.8881278538812786 0.9315068493150684 0.1811263318112633 0.1339421613394216
0 0.9345509893455098 0.5875190258751902 0.1095890410958904 0.1491628614916286
0 0.9748858447488584 0.8386605783866058 0.0502283105022831 0.0974124809741248
0 0.9733637747336378 0.3386605783866058 0.0532724505327245 0.1385083713850837
0 0.9710806697108066 0.05859969558599695 0.0578386605783866 0.1171993911719939
0 0.982496194824962 0.18340943683409436 0.0350076103500761 0.1019786910197869
5 0.7922374429223744 0.0943683409436834 0.2176560121765601 0.182648401826484
5 0.8683409436834094 0.2024353120243531 0.2054794520547945 0.2709284627092846
5 0.713089802130898 0.256468797564688 0.1232876712328767 0.1263318112633181
5 0.5806697108066972 0.18493150684931506 0.1385083713850837 0.1202435312024353
5 0.6050228310502284 0.0684931506849315 0.2511415525114155 0.1278538812785388
5 0.6156773211567732 0.4855403348554033 0.1415525114155251 0.1582952815829528
5 0.4505327245053272 0.426179604261796 0.2100456621004566 0.15220700152207
5 0.5144596651445966 0.3234398782343988 0.258751902587519 0.1628614916286149
5 0.5182648401826484 0.5555555555555556 0.1324200913242009 0.1004566210045662
5 0.1704718417047184 0.3523592085235921 0.167427701674277 0.1628614916286149
5 0.1719939117199391 0.4992389649923896 0.1582952815829528 0.1187214611872146
5 0.04642313546423135 0.4269406392694064 0.0867579908675799 0.2511415525114155
5 0.07686453576864535 0.2503805175038052 0.1415525114155251 0.1080669710806697