5 0.6164383561643836 0.4824961948249619 0.426179604261796 0.4627092846270928
5 0.2663622526636225 0.0821917808219178 0.4170471841704718 0.1643835616438356
5 0.9330289193302892 0.5441400304414004 0.1339421613394216 0.2846270928462709
6 0.5053272450532724 0.1811263318112633 0.045662100456621 0.0517503805175038
6 0.02511415525114155 0.02968036529680365 0.0502283105022831 0.0532724505327245
6 0.6080669710806698 0.03272450532724505 0.0319634703196347 0.0197869101978691
6 0.5038051750380518 0.0106544901065449 0.0273972602739726 0.0213089802130898
6 0.5821917808219178 0.19101978691019786 0.0319634703196347 0.0289193302891933
6 0.3143074581430746 0.3767123287671233 0.0350076103500761 0.0350076103500761
3 0.0684931506849315 0.6270928462709284 0.0243531202435312 0.0213089802130898
3 0.13622526636225266 0.8599695585996956 0.0228310502283105 0.0273972602739726
3 0.6636225266362252 0.06925418569254185 0.0365296803652968 0.0289193302891933