0 0.4840182648401826 0.0654490106544901 0.136986301369863 0.0852359208523592
0 0.5136986301369864 0.182648401826484 0.0989345509893455 0.0821917808219178
0 0.6514459665144596 0.1308980213089802 0.1278538812785388 0.0821917808219178
5 0.5799086757990868 0.3371385083713851 0.1582952815829528 0.1293759512937595
5 0.9147640791476408 0.3409436834094368 0.1704718417047184 0.167427701674277
5 0.8531202435312024 0.5525114155251142 0.1415525114155251 0.1582952815829528
5 0.9200913242009132 0.7823439878234398 0.1141552511415525 0.1248097412480974
5 0.867579908675799 0.03424657534246575 0.1308980213089802 0.0684931506849315
5 0.6407914764079148 0.0365296803652968 0.1278538812785388 0.0730593607305936
5 0.7656012176560122 0.09208523592085235 0.1035007610350076 0.0898021308980213
5 0.273972602739726 0.4619482496194825 0.3013698630136986 0.2876712328767123
5 0.1400304414003044 0.680365296803653 0.0730593607305936 0.1187214611872146
5 0.2541856925418569 0.6818873668188736 0.1278538812785388 0.1156773211567732
5 0.743531202435312 0.693302891933029 0.1202435312024353 0.1050228310502283
5 0.6164383561643836 0.700152207001522 0.106544901065449 0.1430745814307458
5 0.6331811263318112 0.9071537290715372 0.1278538812785388 0.1308980213089802
5 0.7907153729071538 0.830289193302892 0.1293759512937595 0.1050228310502283
5 0.08295281582952815 0.8318112633181126 0.1659056316590563 0.1445966514459665
5 0.2054794520547945 0.10578386605783865 0.1308980213089802 0.1050228310502283
5 0.10121765601217655 0.2024353120243531 0.0989345509893455 0.1278538812785388
5 0.3607305936073059 0.0928462709284627 0.1004566210045662 0.1004566210045662
5 0.3888888888888889 0.2328767123287671 0.1050228310502283 0.1035007610350076
5 0.4878234398782344 0.908675799086758 0.1202435312024353 0.167427701674277
5 0.8843226788432268 0.9627092846270928 0.1917808219178082 0.0745814307458143
5 0.6750380517503806 0.5517503805175038 0.1537290715372907 0.1598173515981735
5 0.3036529680365297 0.830289193302892 0.1385083713850837 0.1080669710806697