5 0.4748858447488584 0.3135464231354642 0.1887366818873668 0.2009132420091324
5 0.8340943683409436 0.2009132420091324 0.15220700152207 0.1643835616438356
5 0.5662100456621004 0.7427701674277016 0.1582952815829528 0.1643835616438356
5 0.9581430745814308 0.9193302891933028 0.0837138508371385 0.1156773211567732
5 0.076103500761035 0.0426179604261796 0.15220700152207 0.0852359208523592
5 0.1902587519025875 0.1628614916286149 0.1430745814307458 0.1248097412480974
5 0.6834094368340944 0.1704718417047184 0.1004566210045662 0.121765601217656
5 0.639269406392694 0.5403348554033486 0.1948249619482496 0.1796042617960426
0 0.04946727549467275 0.1796042617960426 0.0989345509893455 0.1126331811263318
0 0.3287671232876712 0.04490106544901065 0.1917808219178082 0.0898021308980213
0 0.532724505327245 0.0639269406392694 0.182648401826484 0.121765601217656
0 0.363013698630137 0.14840182648401826 0.1506849315068493 0.0928462709284627
0 0.5547945205479452 0.17427701674277016 0.1080669710806697 0.0684931506849315
0 0.7595129375951294 0.04490106544901065 0.2252663622526636 0.0898021308980213
0 0.952054794520548 0.0700152207001522 0.0958904109589041 0.1156773211567732
0 0.1339421613394216 0.3386605783866058 0.2678843226788432 0.1445966514459665
0 0.4178082191780822 0.4977168949771689 0.1476407914764079 0.1126331811263318
0 0.10882800608828005 0.4710806697108067 0.2176560121765601 0.1050228310502283
0 0.2823439878234399 0.5502283105022832 0.1293759512937595 0.1293759512937595
0 0.0958904109589041 0.593607305936073 0.1856925418569254 0.1156773211567732
0 0.9611872146118722 0.3538812785388128 0.0776255707762557 0.1628614916286149
0 0.8485540334855404 0.395738203957382 0.1445966514459665 0.1735159817351598
0 0.6834094368340944 0.3789954337899543 0.167427701674277 0.106544901065449
0 0.19863013698630136 0.8668188736681888 0.2024353120243531 0.1263318112633181
0 0.380517503805175 0.708523592085236 0.1582952815829528 0.1293759512937595
0 0.1598173515981735 0.7191780821917808 0.2496194824961948 0.1202435312024353
0 0.3919330289193303 0.880517503805175 0.1750380517503805 0.1659056316590563
0 0.5905631659056316 0.9170471841704718 0.1887366818873668 0.1141552511415525
0 0.7777777777777778 0.84779299847793 0.1765601217656012 0.1156773211567732
0 0.878234398782344 0.5707762557077626 0.228310502283105 0.1308980213089802
0 0.8599695585996956 0.7184170471841704 0.258751902587519 0.1248097412480974
0 0.8112633181126332 0.9627092846270928 0.1613394216133942 0.0745814307458143