5 0.16818873668188736 0.1263318112633181 0.1567732115677321 0.2009132420091324
5 0.18797564687975646 0.3066971080669711 0.1719939117199391 0.1445966514459665
7 0.4490106544901065 0.24277016742770166 0.1156773211567732 0.0776255707762557
7 0.4771689497716895 0.1613394216133942 0.0958904109589041 0.0791476407914764
7 0.3097412480974125 0.3538812785388128 0.0563165905631659 0.0654490106544901
7 0.4802130898021309 0.3508371385083714 0.0989345509893455 0.0502283105022831
5 0.6438356164383562 0.1400304414003044 0.1187214611872146 0.1156773211567732
5 0.7968036529680366 0.16666666666666666 0.1567732115677321 0.1111111111111111
5 0.7876712328767124 0.2876712328767123 0.1354642313546423 0.1095890410958904
5 0.9581430745814308 0.23972602739726026 0.0837138508371385 0.1171993911719939
5 0.8858447488584474 0.4512937595129376 0.0852359208523592 0.1993911719939117
5 0.9550989345509894 0.332572298325723 0.0898021308980213 0.0898021308980213
5 0.8242009132420092 0.3972602739726027 0.0806697108066971 0.1339421613394216
5 0.9452054794520548 0.5319634703196348 0.1035007610350076 0.1689497716894977
5 0.791476407914764 0.5251141552511416 0.1278538812785388 0.1126331811263318
5 0.6575342465753424 0.5487062404870624 0.1004566210045662 0.1933028919330289
5 0.7313546423135464 0.6438356164383562 0.1324200913242009 0.136986301369863
5 0.832572298325723 0.7815829528158296 0.197869101978691 0.1567732115677321
5 0.941400304414003 0.6537290715372908 0.0958904109589041 0.0654490106544901
5 0.8409436834094368 0.6537290715372908 0.0776255707762557 0.0745814307458143
5 0.05251141552511415 0.7838660578386606 0.0989345509893455 0.1735159817351598
1 0.10882800608828005 0.9383561643835616 0.1963470319634703 0.1141552511415525
5 0.3424657534246575 0.921613394216134 0.1156773211567732 0.1567732115677321
5 0.471841704718417 0.9292237442922374 0.1187214611872146 0.1415525114155251
5 0.5616438356164384 0.8683409436834094 0.136986301369863 0.1019786910197869
5 0.5882800608828006 0.9604261796042618 0.1080669710806697 0.0791476407914764
0 0.469558599695586 0.743531202435312 0.1476407914764079 0.1263318112633181
0 0.2686453576864536 0.7374429223744292 0.1506849315068493 0.1689497716894977
0 0.17275494672754946 0.4642313546423135 0.1354642313546423 0.1461187214611872
0 0.4505327245053272 0.5266362252663622 0.182648401826484 0.1765601217656012
1 0.167427701674277 0.832572298325723 0.106544901065449 0.091324200913242