5 0.2846270928462709 0.4779299847792998 0.2770167427701674 0.2648401826484018
5 0.865296803652968 0.9048706240487062 0.1993911719939117 0.1902587519025875
5 0.4596651445966514 0.9048706240487062 0.3866057838660578 0.1780821917808219
5 0.10426179604261795 0.6818873668188736 0.2085235920852359 0.228310502283105
5 0.3318112633181126 0.7534246575342466 0.167427701674277 0.1643835616438356
5 0.910958904109589 0.7480974124809742 0.1780821917808219 0.1750380517503805
5 0.6621004566210046 0.682648401826484 0.2952815829528158 0.2876712328767123
5 0.4779299847792998 0.601978691019787 0.1643835616438356 0.1719939117199391
5 0.8926940639269406 0.5905631659056316 0.1476407914764079 0.1491628614916286
5 0.5799086757990868 0.4010654490106545 0.2496194824961948 0.1567732115677321
5 0.8698630136986302 0.4010654490106545 0.1537290715372907 0.1537290715372907
5 0.5319634703196348 0.14992389649923896 0.3394216133942161 0.2602739726027397
5 0.893455098934551 0.10578386605783865 0.213089802130898 0.2115677321156773
5 0.2876712328767123 0.256468797564688 0.213089802130898 0.2663622526636225
5 0.7298325722983258 0.3028919330289193 0.1902587519025875 0.1582952815829528
5 0.15601217656012176 0.9048706240487062 0.2267884322678843 0.1902587519025875