5 0.4292237442922374 0.1628614916286149 0.2009132420091324 0.2100456621004566
5 0.6560121765601218 0.5768645357686454 0.1278538812785388 0.1339421613394216
5 0.7838660578386606 0.8340943683409436 0.2039573820395738 0.167427701674277
5 0.9337899543378996 0.7343987823439878 0.1324200913242009 0.1841704718417047
5 0.14992389649923896 0.8363774733637748 0.1506849315068493 0.1019786910197869
5 0.03881278538812785 0.9018264840182648 0.0624048706240487 0.1141552511415525
0 0.6537290715372908 0.380517503805175 0.0898021308980213 0.1126331811263318
0 0.2519025875190259 0.684931506849315 0.1080669710806697 0.091324200913242
0 0.8242009132420092 0.4550989345509893 0.1019786910197869 0.1035007610350076
0 0.8774733637747336 0.07686453576864535 0.1354642313546423 0.1171993911719939
0 0.3873668188736682 0.4041095890410959 0.1050228310502283 0.1354642313546423
0 0.4490106544901065 0.7640791476407914 0.1035007610350076 0.091324200913242