1 0.18693009118541035 0.5121765601217656 0.13677811550151975 0.1263318112633181
5 0.2530395136778115 0.921613394216134 0.10486322188449848 0.0958904109589041
5 0.10486322188449848 0.14840182648401826 0.2066869300911854 0.1567732115677321
5 0.030395136778115502 0.0365296803652968 0.05167173252279635 0.0639269406392694
5 0.11018237082066869 0.03424657534246575 0.09270516717325228 0.0684931506849315
5 0.09346504559270517 0.2656012176560122 0.18693009118541035 0.1354642313546423
5 0.057750759878419454 0.4132420091324201 0.11246200607902736 0.1689497716894977
5 0.16717325227963525 0.3683409436834094 0.057750759878419454 0.1126331811263318
5 0.2765957446808511 0.273972602739726 0.12462006079027356 0.106544901065449
5 0.2993920972644377 0.0989345509893455 0.19756838905775076 0.197869101978691
5 0.46048632218844987 0.1111111111111111 0.09422492401215805 0.2191780821917808
5 0.6094224924012158 0.1278538812785388 0.1884498480243161 0.2557077625570776
5 0.8168693009118541 0.16818873668188736 0.13829787234042554 0.0989345509893455
5 0.7697568389057751 0.03272450532724505 0.11398176291793313 0.0654490106544901
5 0.8814589665653495 0.03272450532724505 0.0668693009118541 0.0654490106544901
5 0.9642857142857143 0.030441400304414 0.06534954407294832 0.060882800608828
5 0.9513677811550152 0.2191780821917808 0.0972644376899696 0.1735159817351598
5 0.8320668693009119 0.2853881278538813 0.19908814589665655 0.1050228310502283
5 0.9422492401215805 0.3980213089802131 0.11550151975683891 0.2085235920852359
5 0.8214285714285714 0.4079147640791476 0.09574468085106383 0.1400304414003044
5 0.7006079027355623 0.3698630136986301 0.12462006079027356 0.1796042617960426
5 0.4551671732522796 0.3873668188736682 0.1838905775075988 0.1659056316590563
5 0.5167173252279635 0.2968036529680365 0.16717325227963525 0.1004566210045662
1 0.310790273556231 0.5273972602739726 0.09270516717325228 0.0989345509893455
5 0.10106382978723404 0.9550989345509894 0.20212765957446807 0.0898021308980213
5 0.6124620060790273 0.906392694063927 0.24316109422492402 0.1872146118721461
5 0.9422492401215805 0.941400304414003 0.11550151975683891 0.1171993911719939
5 0.04179331306990881 0.5722983257229832 0.07750759878419453 0.1400304414003044
5 0.028875379939209727 0.773972602739726 0.057750759878419454 0.2541856925418569
5 0.1702127659574468 0.830289193302892 0.18541033434650456 0.1202435312024353
5 0.19300911854103345 0.6750380517503806 0.22796352583586627 0.1567732115677321
5 0.3966565349544073 0.850076103500761 0.1519756838905775 0.1050228310502283
5 0.42325227963525835 0.697869101978691 0.22340425531914893 0.1841704718417047
5 0.8252279635258358 0.5616438356164384 0.2066869300911854 0.15220700152207
5 0.7051671732522796 0.7207001522070016 0.17325227963525835 0.2480974124809741
5 0.9118541033434651 0.7123287671232876 0.1762917933130699 0.136986301369863
5 0.9118541033434651 0.837138508371385 0.16717325227963525 0.1004566210045662
5 0.48632218844984804 0.532724505327245 0.22188449848024316 0.1035007610350076
5 0.5980243161094225 0.4071537290715373 0.05623100303951368 0.1050228310502283
5 0.31534954407294835 0.4132420091324201 0.08966565349544073 0.0898021308980213