5 0.8926940639269406 0.08814589665653495 0.2146118721461187 0.1762917933130699
5 0.4649923896499239 0.067629179331307 0.2024353120243531 0.12917933130699089
5 0.6742770167427702 0.11398176291793313 0.2070015220700152 0.22796352583586627
5 0.256468797564688 0.04711246200607903 0.2115677321156773 0.09422492401215805
5 0.7427701674277016 0.6968085106382979 0.1643835616438356 0.1595744680851064
5 0.58675799086758 0.7537993920972644 0.1719939117199391 0.0851063829787234
5 0.6529680365296804 0.8487841945288754 0.1004566210045662 0.08054711246200608
5 0.5228310502283106 0.8936170212765957 0.2115677321156773 0.1762917933130699
5 0.5121765601217656 0.6504559270516718 0.1050228310502283 0.1033434650455927
5 0.1415525114155251 0.8822188449848024 0.1187214611872146 0.10790273556231003
5 0.0547945205479452 0.9141337386018237 0.1095890410958904 0.16261398176291794
5 0.69558599695586 0.9620060790273556 0.0882800608828006 0.07598784194528875
7 0.09360730593607305 0.5113981762917933 0.0837138508371385 0.08358662613981763
0 0.9611872146118722 0.270516717325228 0.0776255707762557 0.1398176291793313
0 0.04337899543378995 0.060790273556231005 0.0776255707762557 0.1033434650455927
0 0.12100456621004566 0.056990881458966566 0.0684931506849315 0.06534954407294832
0 0.8082191780821918 0.2674772036474164 0.1308980213089802 0.12158054711246201
0 0.7968036529680366 0.3768996960486322 0.1354642313546423 0.0851063829787234
0 0.560882800608828 0.2765957446808511 0.1567732115677321 0.11246200607902736
0 0.6035007610350076 0.3655015197568389 0.1019786910197869 0.08358662613981763
0 0.4505327245053272 0.5364741641337386 0.1887366818873668 0.10030395136778116
0 0.3386605783866058 0.21200607902735563 0.0898021308980213 0.11702127659574468
0 0.95662100456621 0.9506079027355623 0.0867579908675799 0.09878419452887538
0 0.8729071537290716 0.7651975683890577 0.0776255707762557 0.08054711246200608
0 0.9642313546423136 0.6747720364741642 0.0715372907153729 0.0972644376899696
0 0.8812785388127854 0.6732522796352584 0.0639269406392694 0.06990881458966565
0 0.8051750380517504 0.9696048632218845 0.0700152207001522 0.060790273556231005
0 0.8409436834094368 0.878419452887538 0.1019786910197869 0.11550151975683891
0 0.9421613394216134 0.8563829787234043 0.106544901065449 0.09574468085106383
0 0.3964992389649924 0.9718844984802432 0.1202435312024353 0.05623100303951368
0 0.23059360730593606 0.973404255319149 0.0898021308980213 0.05319148936170213
0 0.2511415525114155 0.8548632218844985 0.0821917808219178 0.11398176291793313
0 0.1019786910197869 0.7727963525835866 0.106544901065449 0.08054711246200608
0 0.0639269406392694 0.6702127659574468 0.1004566210045662 0.10638297872340426
0 0.923896499238965 0.5326747720364742 0.1035007610350076 0.10182370820668693
0 0.898021308980213 0.5881458966565349 0.0791476407914764 0.06990881458966565
0 0.799847792998478 0.5782674772036475 0.0806697108066971 0.06534954407294832
0 0.6925418569254186 0.5189969604863222 0.1187214611872146 0.12006079027355623
0 0.5905631659056316 0.4870820668693009 0.0791476407914764 0.135258358662614
0 0.4406392694063927 0.21124620060790272 0.0928462709284627 0.10030395136778116
0 0.0289193302891933 0.19224924012158054 0.0547945205479452 0.12006079027355623
0 0.12709284627092846 0.14513677811550152 0.0898021308980213 0.08358662613981763
0 0.09817351598173515 0.2682370820668693 0.0928462709284627 0.11094224924012158
0 0.3607305936073059 0.3601823708206687 0.1796042617960426 0.1398176291793313
0 0.228310502283105 0.24240121580547114 0.106544901065449 0.10182370820668693
0 0.12709284627092846 0.35790273556231 0.0837138508371385 0.07446808510638298
0 0.487062404870624 0.42629179331306993 0.1156773211567732 0.10486322188449848
0 0.363013698630137 0.6261398176291794 0.1171993911719939 0.060790273556231005
7 0.2724505327245053 0.5835866261398176 0.1035007610350076 0.0972644376899696
0 0.14231354642313546 0.6291793313069909 0.1050228310502283 0.11550151975683891
0 0.7016742770167428 0.40501519756838905 0.0882800608828006 0.10486322188449848
0 0.2762557077625571 0.13753799392097266 0.1293759512937595 0.06838905775075987