5 0.5487062404870624 0.2511415525114155 0.2146118721461187 0.1917808219178082
5 0.1187214611872146 0.8127853881278538 0.2252663622526636 0.3531202435312024
5 0.8729071537290716 0.8143074581430746 0.2541856925418569 0.2617960426179604
5 0.3203957382039574 0.9033485540334856 0.2054794520547945 0.1933028919330289
5 0.863013698630137 0.19101978691019786 0.273972602739726 0.2054794520547945
5 0.6537290715372908 0.8592085235920852 0.2267884322678843 0.2420091324200913
5 0.5220700152207002 0.6856925418569254 0.2039573820395738 0.1780821917808219
5 0.898021308980213 0.4010654490106545 0.2039573820395738 0.1202435312024353
5 0.7617960426179604 0.576103500761035 0.1415525114155251 0.1506849315068493
5 0.3264840182648402 0.4573820395738204 0.3333333333333333 0.3485540334855403
5 0.15905631659056316 0.2237442922374429 0.1567732115677321 0.1400304414003044
5 0.12861491628614916 0.07077625570776255 0.2572298325722983 0.1415525114155251
5 0.5502283105022832 0.0563165905631659 0.2389649923896499 0.1126331811263318
5 0.5753424657534246 0.4703196347031963 0.1552511415525114 0.1765601217656012
5 0.3249619482496195 0.7275494672754946 0.1933028919330289 0.1704718417047184
5 0.4863013698630137 0.8744292237442922 0.1567732115677321 0.1719939117199391
5 0.9444444444444444 0.5821917808219178 0.1050228310502283 0.1659056316590563
5 0.4193302891933029 0.1872146118721461 0.2237442922374429 0.1948249619482496
5 0.9322678843226788 0.0547945205479452 0.1354642313546423 0.1095890410958904
5 0.09665144596651445 0.3531202435312024 0.1933028919330289 0.1704718417047184