5 0.273972602739726 0.2252663622526636 0.3774733637747336 0.3774733637747336
1 0.4003044140030441 0.7519025875190258 0.1552511415525114 0.2009132420091324
5 0.578386605783866 0.8554033485540334 0.1704718417047184 0.15220700152207
5 0.5464231354642314 0.6484018264840182 0.136986301369863 0.1643835616438356
6 0.6894977168949772 0.4124809741248097 0.0821917808219178 0.0700152207001522
6 0.7808219178082192 0.2267884322678843 0.0821917808219178 0.0395738203957382
6 0.8538812785388128 0.4977168949771689 0.0334855403348554 0.045662100456621
6 0.923896499238965 0.5372907153729072 0.0639269406392694 0.0334855403348554
6 0.939117199391172 0.45662100456621 0.0639269406392694 0.060882800608828
6 0.791476407914764 0.5722983257229832 0.060882800608828 0.0487062404870624
6 0.8493150684931506 0.8340943683409436 0.0487062404870624 0.0365296803652968
6 0.8310502283105022 0.7549467275494672 0.060882800608828 0.0669710806697108
6 0.9315068493150684 0.9649923896499238 0.060882800608828 0.0487062404870624
6 0.84779299847793 0.7031963470319634 0.0334855403348554 0.0213089802130898
6 0.8904109589041096 0.7747336377473364 0.030441400304414 0.030441400304414
6 0.9254185692541856 0.7214611872146118 0.0487062404870624 0.030441400304414
6 0.8995433789954338 0.6118721461187214 0.0334855403348554 0.030441400304414
6 0.8538812785388128 0.1308980213089802 0.0639269406392694 0.0547945205479452
6 0.9193302891933028 0.0547945205479452 0.0852359208523592 0.0547945205479452
6 0.5312024353120244 0.0684931506849315 0.0517503805175038 0.0700152207001522
6 0.5144596651445966 0.2237442922374429 0.0547945205479452 0.0395738203957382
6 0.8904109589041096 0.289193302891933 0.0700152207001522 0.0426179604261796
6 0.9071537290715372 0.3531202435312024 0.0365296803652968 0.030441400304414
6 0.9855403348554034 0.7480974124809742 0.0289193302891933 0.0319634703196347
6 0.5989345509893456 0.06316590563165905 0.0319634703196347 0.0410958904109589