5 0.5083713850837138 0.10273972602739725 0.2465753424657534 0.2054794520547945
5 0.6940639269406392 0.3980213089802131 0.182648401826484 0.1445966514459665
5 0.7602739726027398 0.0715372907153729 0.2024353120243531 0.1430745814307458
5 0.1415525114155251 0.12861491628614916 0.182648401826484 0.1506849315068493
5 0.10882800608828005 0.525875190258752 0.1567732115677321 0.1780821917808219
5 0.15601217656012176 0.9535768645357686 0.1202435312024353 0.0928462709284627
5 0.4033485540334855 0.5350076103500762 0.2009132420091324 0.1689497716894977
5 0.8919330289193302 0.815068493150685 0.1552511415525114 0.2541856925418569
5 0.7595129375951294 0.9398782343987824 0.136986301369863 0.1202435312024353
5 0.3333333333333333 0.8074581430745814 0.1582952815829528 0.1750380517503805
5 0.5007610350076104 0.8942161339421614 0.1126331811263318 0.1659056316590563
5 0.8660578386605784 0.5380517503805176 0.1765601217656012 0.2237442922374429
5 0.6362252663622526 0.547945205479452 0.1156773211567732 0.1613394216133942
5 0.6187214611872146 0.7321156773211568 0.1719939117199391 0.1430745814307458
5 0.4817351598173516 0.682648401826484 0.1598173515981735 0.1324200913242009
5 0.7465753424657534 0.7214611872146118 0.0928462709284627 0.2191780821917808
5 0.9429223744292238 0.1841704718417047 0.0989345509893455 0.1704718417047184
5 0.3447488584474886 0.3310502283105023 0.1141552511415525 0.1171993911719939
5 0.5220700152207002 0.3820395738203957 0.15220700152207 0.1643835616438356
5 0.7823439878234398 0.21385083713850836 0.1187214611872146 0.1324200913242009
5 0.9170471841704718 0.3127853881278539 0.1324200913242009 0.1080669710806697
5 0.9162861491628614 0.3942161339421613 0.1400304414003044 0.0943683409436834
5 0.9596651445966514 0.4863013698630137 0.0776255707762557 0.1537290715372907
5 0.9733637747336378 0.6491628614916286 0.0532724505327245 0.1659056316590563
5 0.9140030441400304 0.9687975646879756 0.1689497716894977 0.0624048706240487
5 0.6080669710806698 0.941400304414003 0.1659056316590563 0.1171993911719939
5 0.6133942161339422 0.8508371385083714 0.1248097412480974 0.0639269406392694
5 0.4779299847792998 0.7861491628614916 0.1035007610350076 0.0989345509893455
5 0.4482496194824962 0.9748858447488584 0.0928462709284627 0.0502283105022831
5 0.439117199391172 0.9094368340943684 0.0776255707762557 0.0989345509893455
5 0.3158295281582953 0.9497716894977168 0.1506849315068493 0.1004566210045662
5 0.0502283105022831 0.9550989345509894 0.091324200913242 0.0898021308980213
5 0.0852359208523592 0.7770167427701674 0.1704718417047184 0.1354642313546423
5 0.15905631659056316 0.882800608828006 0.1324200913242009 0.1095890410958904
5 0.2480974124809741 0.741248097412481 0.121765601217656 0.1187214611872146
5 0.632420091324201 0.2846270928462709 0.1963470319634703 0.1765601217656012
5 0.3767123287671233 0.13165905631659056 0.2054794520547945 0.2572298325722983
5 0.23668188736681886 0.2298325722983257 0.0989345509893455 0.1156773211567732
5 0.06773211567732115 0.3310502283105023 0.0867579908675799 0.1050228310502283
5 0.2176560121765601 0.3721461187214612 0.1643835616438356 0.1385083713850837
5 0.0334855403348554 0.4482496194824962 0.0669710806697108 0.1141552511415525
5 0.17884322678843226 0.4703196347031963 0.1354642313546423 0.1308980213089802
5 0.0487062404870624 0.20319634703196346 0.0974124809741248 0.1719939117199391
5 0.1202435312024353 0.6750380517503806 0.1704718417047184 0.1750380517503805