5 0.520516717325228 0.37462006079027355 0.14437689969604864 0.13829787234042554
5 0.24620060790273557 0.4870820668693009 0.0851063829787234 0.08054711246200608
5 0.736322188449848 0.4270516717325228 0.10182370820668693 0.12158054711246201
5 0.5828267477203647 0.5455927051671733 0.08966565349544073 0.07598784194528875
5 0.7317629179331308 0.24924012158054712 0.12310030395136778 0.12158054711246201
5 0.9338905775075987 0.0729483282674772 0.10486322188449848 0.10638297872340426
5 0.7940729483282675 0.05547112462006079 0.14437689969604864 0.10486322188449848
7 0.3670212765957447 0.4749240121580547 0.11398176291793313 0.06838905775075987
6 0.5889057750759878 0.6322188449848024 0.041033434650455926 0.0364741641337386
6 0.40501519756838905 0.8875379939209727 0.04711246200607903 0.03951367781155015
6 0.10258358662613981 0.4787234042553192 0.05319148936170213 0.0668693009118541
6 0.12386018237082067 0.5828267477203647 0.034954407294832825 0.037993920972644375
6 0.07674772036474165 0.5395136778115501 0.037993920972644375 0.0364741641337386
6 0.0851063829787234 0.34498480243161095 0.03951367781155015 0.03951367781155015
6 0.4506079027355623 0.27279635258358664 0.044072948328267476 0.031914893617021274
7 0.5911854103343465 0.18465045592705168 0.05167173252279635 0.08358662613981763
6 0.5699088145896657 0.26367781155015196 0.04559270516717325 0.028875379939209727
7 0.6854103343465046 0.09498480243161095 0.04559270516717325 0.08662613981762918
6 0.6443768996960486 0.03723404255319149 0.0364741641337386 0.025835866261398176
5 0.8434650455927052 0.27887537993920974 0.0790273556231003 0.09878419452887538
5 0.9452887537993921 0.3594224924012158 0.1094224924012158 0.30851063829787234
5 0.8411854103343465 0.4490881458966565 0.07142857142857142 0.08966565349544073
5 0.7370820668693009 0.5797872340425532 0.1094224924012158 0.10182370820668693
5 0.3252279635258359 0.7287234042553191 0.1337386018237082 0.20212765957446807
5 0.25759878419452886 0.959726443768997 0.08358662613981763 0.06534954407294832
7 0.38069908814589665 0.9825227963525835 0.13221884498480244 0.034954407294832825
5 0.4969604863221885 0.89209726443769 0.11854103343465046 0.12462006079027356
5 0.49848024316109424 0.6694528875379939 0.10638297872340426 0.1413373860182371
5 0.33966565349544076 0.5661094224924013 0.12310030395136778 0.09574468085106383
5 0.4673252279635258 0.7895136778115501 0.11398176291793313 0.05623100303951368
5 0.6618541033434651 0.8442249240121581 0.13221884498480244 0.08966565349544073
5 0.8047112462006079 0.7386018237082067 0.12006079027355623 0.15501519756838905
5 0.6884498480243161 0.7218844984802432 0.11246200607902736 0.12158054711246201
5 0.5782674772036475 0.7689969604863222 0.07142857142857142 0.0486322188449848
5 0.918693009118541 0.6405775075987842 0.11702127659574468 0.18085106382978725
5 0.9437689969604863 0.9430091185410334 0.11246200607902736 0.10486322188449848
5 0.7674772036474165 0.9604863221884499 0.1094224924012158 0.0790273556231003
5 0.8487841945288754 0.8822188449848024 0.07446808510638298 0.08358662613981763
5 0.9779635258358662 0.7963525835866262 0.044072948328267476 0.13069908814589665
5 0.6063829787234043 0.9787234042553191 0.0911854103343465 0.0425531914893617
5 0.5957446808510638 0.9171732522796353 0.057750759878419454 0.044072948328267476
6 0.2439209726443769 0.5805471124620061 0.031914893617021274 0.030395136778115502