5 0.6948249619482496 0.15881458966565348 0.1598173515981735 0.15045592705167174
5 0.4223744292237443 0.1033434650455927 0.1506849315068493 0.13069908814589665
5 0.2785388127853881 0.11246200607902736 0.136986301369863 0.12462006079027356
5 0.02054794520547945 0.03951367781155015 0.0410958904109589 0.0729483282674772
5 0.1339421613394216 0.02811550151975684 0.1156773211567732 0.05015197568389058
5 0.03576864535768645 0.31534954407294835 0.0715372907153729 0.09878419452887538
5 0.0974124809741248 0.26975683890577506 0.0395738203957382 0.05319148936170213
5 0.16057838660578386 0.3639817629179331 0.0958904109589041 0.1413373860182371
5 0.0182648401826484 0.43844984802431614 0.0334855403348554 0.04711246200607903
5 0.07077625570776255 0.5227963525835866 0.0837138508371385 0.13069908814589665
5 0.0593607305936073 0.18693009118541035 0.1187214611872146 0.0851063829787234
5 0.350076103500761 0.26443768996960487 0.1765601217656012 0.12462006079027356
7 0.2853881278538813 0.014437689969604863 0.1019786910197869 0.028875379939209727
7 0.4474885844748858 0.015197568389057751 0.1248097412480974 0.0243161094224924
7 0.6560121765601218 0.028875379939209727 0.1339421613394216 0.0547112462006079
1 0.7907153729071538 0.30851063829787234 0.1263318112633181 0.1337386018237082
5 0.0867579908675799 0.11170212765957446 0.0852359208523592 0.05319148936170213
5 0.1750380517503805 0.09498480243161095 0.060882800608828 0.05319148936170213
5 0.8858447488584474 0.2006079027355623 0.136986301369863 0.0790273556231003
5 0.8051750380517504 0.03723404255319149 0.1035007610350076 0.06534954407294832
5 0.878234398782344 0.11778115501519756 0.1308980213089802 0.06838905775075987
5 0.9703196347031964 0.06306990881458967 0.0593607305936073 0.12613981762917933
3 0.6050228310502284 0.7408814589665653 0.0928462709284627 0.06231003039513678
3 0.8964992389649924 0.4072948328267477 0.060882800608828 0.0425531914893617
3 0.3744292237442922 0.6382978723404256 0.3105022831050228 0.22796352583586627
3 0.380517503805175 0.8267477203647416 0.2952815829528158 0.13677811550151975