7 0.9179331306990881 0.9711246200607903 0.13677811550151975 0.057750759878419454
5 0.13677811550151975 0.4278115501519757 0.11854103343465046 0.09270516717325228
5 0.3366261398176292 0.3738601823708207 0.20516717325227962 0.1702127659574468
5 0.04711246200607903 0.29711246200607905 0.09422492401215805 0.24164133738601823
5 0.04331306990881459 0.4756838905775076 0.08662613981762918 0.09422492401215805
5 0.2196048632218845 0.16945288753799392 0.08358662613981763 0.11702127659574468
5 0.3639817629179331 0.21504559270516718 0.22036474164133737 0.13221884498480244
5 0.6884498480243161 0.14437689969604864 0.13677811550151975 0.19148936170212766
5 0.45288753799392095 0.09042553191489362 0.2674772036474164 0.15045592705167174
5 0.8852583586626139 0.21732522796352582 0.22036474164133737 0.24620060790273557
3 0.5448328267477204 0.39969604863221886 0.13221884498480244 0.16717325227963525
3 0.6504559270516718 0.331306990881459 0.2127659574468085 0.1337386018237082