5 0.0624048706240487 0.7161339421613394 0.1248097412480974 0.2176560121765601
5 0.0471841704718417 0.8919330289193302 0.0943683409436834 0.1917808219178082
5 0.1293759512937595 0.967275494672755 0.1461187214611872 0.0654490106544901
5 0.2876712328767123 0.9406392694063926 0.1704718417047184 0.1187214611872146
5 0.19254185692541856 0.8721461187214612 0.1811263318112633 0.091324200913242
5 0.18645357686453576 0.7366818873668188 0.1171993911719939 0.167427701674277
5 0.0319634703196347 0.23972602739726026 0.0639269406392694 0.1385083713850837
5 0.060882800608828 0.0410958904109589 0.1156773211567732 0.0821917808219178
5 0.2024353120243531 0.0410958904109589 0.1643835616438356 0.0821917808219178
5 0.13165905631659056 0.2085235920852359 0.1232876712328767 0.2313546423135464
3 0.662861491628615 0.6681887366818874 0.1445966514459665 0.1308980213089802
3 0.7770167427701674 0.9124809741248098 0.1476407914764079 0.1567732115677321
5 0.530441400304414 0.9733637747336378 0.1780821917808219 0.0532724505327245
5 0.5449010654490106 0.8744292237442922 0.1704718417047184 0.1263318112633181
5 0.3828006088280061 0.8257229832572298 0.2207001522070015 0.2846270928462709
5 0.3599695585996956 0.6232876712328768 0.1050228310502283 0.1050228310502283
5 0.4824961948249619 0.6438356164383562 0.1126331811263318 0.1126331811263318
5 0.4482496194824962 0.5182648401826484 0.1171993911719939 0.1080669710806697
5 0.2747336377473364 0.3987823439878234 0.2054794520547945 0.2648401826484018
5 0.4170471841704718 0.3097412480974125 0.0669710806697108 0.1567732115677321
5 0.530441400304414 0.3378995433789954 0.1111111111111111 0.2343987823439878
7 0.4307458143074581 0.4299847792998478 0.076103500761035 0.0593607305936073
5 0.289193302891933 0.16818873668188736 0.1704718417047184 0.1354642313546423
5 0.3964992389649924 0.0745814307458143 0.1780821917808219 0.1491628614916286