5 0.7534246575342466 0.06773211567732115 0.1461187214611872 0.1080669710806697
5 0.7062404870624048 0.3447488584474886 0.1126331811263318 0.0928462709284627
5 0.6050228310502284 0.19558599695585996 0.1202435312024353 0.1537290715372907
5 0.771689497716895 0.19710806697108066 0.1339421613394216 0.0898021308980213
5 0.558599695585997 0.3911719939117199 0.1430745814307458 0.1491628614916286
5 0.20776255707762556 0.243531202435312 0.1232876712328767 0.0943683409436834
5 0.3219178082191781 0.2450532724505327 0.0745814307458143 0.0669710806697108
5 0.2557077625570776 0.3485540334855403 0.1461187214611872 0.0852359208523592
5 0.6111111111111112 0.04642313546423135 0.1019786910197869 0.0928462709284627
5 0.4018264840182648 0.22146118721461186 0.0730593607305936 0.0624048706240487
5 0.4284627092846271 0.3972602739726027 0.1050228310502283 0.1035007610350076
5 0.8797564687975646 0.9041095890410958 0.0882800608828006 0.0852359208523592
5 0.7747336377473364 0.4459665144596651 0.1095890410958904 0.1035007610350076
3 0.0547945205479452 0.1111111111111111 0.1095890410958904 0.2222222222222222
3 0.0943683409436834 0.8295281582952816 0.1400304414003044 0.1308980213089802