5 0.44756838905775076 0.8614916286149162 0.14437689969604864 0.1126331811263318
5 0.2887537993920973 0.9665144596651446 0.13677811550151975 0.0669710806697108
5 0.628419452887538 0.8668188736681888 0.13829787234042554 0.1719939117199391
5 0.8252279635258358 0.7549467275494672 0.11246200607902736 0.0974124809741248
5 0.27279635258358664 0.8515981735159818 0.11094224924012158 0.0989345509893455
5 0.1534954407294833 0.8835616438356164 0.11246200607902736 0.1080669710806697
5 0.0425531914893617 0.8340943683409436 0.0851063829787234 0.1765601217656012
5 0.8609422492401215 0.3302891933028919 0.14437689969604864 0.1308980213089802
5 0.7978723404255319 0.5898021308980214 0.13069908814589665 0.1354642313546423
5 0.9422492401215805 0.6400304414003044 0.0790273556231003 0.0898021308980213
5 0.9072948328267477 0.8774733637747336 0.18541033434650456 0.1111111111111111
5 0.14817629179331307 0.4155251141552511 0.09574468085106383 0.0882800608828006
5 0.3958966565349544 0.5829528158295282 0.13829787234042554 0.1613394216133942
5 0.21580547112462006 0.7351598173515982 0.1276595744680851 0.1035007610350076
5 0.31534954407294835 0.4223744292237443 0.12613981762917933 0.1202435312024353
5 0.9095744680851063 0.16666666666666666 0.10486322188449848 0.1080669710806697
5 0.8039513677811551 0.18493150684931506 0.1094224924012158 0.1111111111111111
5 0.6656534954407295 0.6757990867579908 0.1337386018237082 0.1856925418569254