5 0.4452054794520548 0.2648401826484018 0.2024353120243531 0.1126331811263318
5 0.3843226788432268 0.378234398782344 0.1689497716894977 0.1385083713850837
5 0.4063926940639269 0.4672754946727549 0.0669710806697108 0.0517503805175038
5 0.2625570776255708 0.302130898021309 0.1324200913242009 0.1141552511415525
5 0.2602739726027397 0.4984779299847793 0.0700152207001522 0.0624048706240487
5 0.2694063926940639 0.5829528158295282 0.1095890410958904 0.1004566210045662
5 0.0684931506849315 0.3964992389649924 0.0943683409436834 0.1506849315068493
5 0.136986301369863 0.5045662100456622 0.1035007610350076 0.1019786910197869
5 0.04794520547945205 0.1385083713850837 0.0958904109589041 0.1187214611872146
5 0.1095890410958904 0.20167427701674276 0.0517503805175038 0.0593607305936073
5 0.05859969558599695 0.2747336377473364 0.1080669710806697 0.0928462709284627
5 0.4794520547945205 0.5045662100456622 0.106544901065449 0.1019786910197869
5 0.6270928462709284 0.4368340943683409 0.0578386605783866 0.060882800608828
5 0.17427701674277016 0.4185692541856925 0.1141552511415525 0.1156773211567732
5 0.167427701674277 0.2496194824961948 0.0852359208523592 0.1004566210045662
5 0.16362252663622526 0.10121765601217655 0.1171993911719939 0.1232876712328767
5 0.3165905631659056 0.15905631659056316 0.1552511415525114 0.1689497716894977
5 0.5509893455098934 0.3706240487062405 0.0700152207001522 0.0654490106544901
5 0.3721461187214612 0.5525114155251142 0.1171993911719939 0.1126331811263318
5 0.5197869101978692 0.5814307458143074 0.1354642313546423 0.1095890410958904
0 0.7511415525114156 0.5449010654490106 0.1019786910197869 0.0974124809741248
0 0.8691019786910198 0.6293759512937596 0.0943683409436834 0.0928462709284627
0 0.4931506849315068 0.6818873668188736 0.0852359208523592 0.0791476407914764
0 0.6514459665144596 0.815068493150685 0.0700152207001522 0.0654490106544901
0 0.8188736681887366 0.7519025875190258 0.0578386605783866 0.0547945205479452
0 0.754185692541857 0.6659056316590564 0.0776255707762557 0.0745814307458143
0 0.10273972602739725 0.6149162861491628 0.0532724505327245 0.0517503805175038
0 0.0837138508371385 0.7861491628614916 0.0517503805175038 0.0563165905631659
0 0.9155251141552512 0.9528158295281582 0.0532724505327245 0.0487062404870624
0 0.6255707762557078 0.9185692541856926 0.0700152207001522 0.0715372907153729
0 0.5334855403348554 0.893455098934551 0.0867579908675799 0.0791476407914764
0 0.5372907153729072 0.7572298325722984 0.060882800608828 0.0624048706240487
0 0.7252663622526636 0.7983257229832572 0.0563165905631659 0.0532724505327245
0 0.6354642313546424 0.5996955859969558 0.0502283105022831 0.0487062404870624
0 0.9383561643835616 0.8797564687975646 0.0593607305936073 0.045662100456621
0 0.4459665144596651 0.745814307458143 0.0791476407914764 0.060882800608828
0 0.6461187214611872 0.7123287671232876 0.0715372907153729 0.076103500761035
0 0.4505327245053272 0.8873668188736682 0.0639269406392694 0.0791476407914764
0 0.0578386605783866 0.8858447488584474 0.0517503805175038 0.0487062404870624
0 0.1552511415525114 0.6598173515981736 0.0334855403348554 0.0410958904109589
0 0.2328767123287671 0.7480974124809742 0.0365296803652968 0.0380517503805175
0 0.21232876712328766 0.9056316590563166 0.0563165905631659 0.0426179604261796
0 0.576103500761035 0.832572298325723 0.0715372907153729 0.0700152207001522
5 0.3333333333333333 0.9025875190258752 0.1613394216133942 0.1491628614916286
5 0.302130898021309 0.7815829528158296 0.1415525114155251 0.1354642313546423
5 0.850076103500761 0.8394216133942162 0.0989345509893455 0.0867579908675799
5 0.05555555555555555 0.045662100456621 0.1111111111111111 0.091324200913242
5 0.639269406392694 0.5251141552511416 0.0730593607305936 0.0821917808219178
5 0.5707762557077626 0.5167427701674278 0.0821917808219178 0.0806697108066971
5 0.14687975646879756 0.3082191780821918 0.0837138508371385 0.0806697108066971
5 0.3759512937595129 0.821917808219178 0.0395738203957382 0.045662100456621
5 0.6133942161339422 0.3439878234398782 0.1095890410958904 0.1278538812785388
5 0.2207001522070015 0.0867579908675799 0.0395738203957382 0.0395738203957382
7 0.2990867579908676 0.01293759512937595 0.0350076103500761 0.0258751902587519
7 0.19101978691019786 0.01293759512937595 0.0380517503805175 0.0258751902587519
7 0.2701674277016743 0.0547945205479452 0.0319634703196347 0.030441400304414
5 0.2694063926940639 0.4018264840182648 0.076103500761035 0.0852359208523592
5 0.3302891933028919 0.469558599695586 0.0791476407914764 0.0898021308980213
5 0.54337899543379 0.4444444444444444 0.060882800608828 0.0700152207001522