5 0.332572298325723 0.24885844748858446 0.1263318112633181 0.1354642313546423
5 0.3523592085235921 0.3911719939117199 0.1263318112633181 0.1004566210045662
5 0.213089802130898 0.34779299847793 0.0821917808219178 0.0928462709284627
5 0.617199391171994 0.18797564687975646 0.1202435312024353 0.1324200913242009
5 0.4764079147640791 0.2823439878234399 0.1308980213089802 0.1171993911719939
5 0.2161339421613394 0.5905631659056316 0.182648401826484 0.1887366818873668
5 0.5076103500761036 0.484779299847793 0.1415525114155251 0.1872146118721461
5 0.3835616438356164 0.5593607305936074 0.1004566210045662 0.1050228310502283
5 0.6445966514459666 0.6993911719939118 0.1628614916286149 0.1324200913242009
5 0.410958904109589 0.6902587519025876 0.1278538812785388 0.1050228310502283
5 0.15144596651445966 0.7328767123287672 0.0928462709284627 0.0563165905631659
5 0.0487062404870624 0.545662100456621 0.091324200913242 0.2420091324200913
5 0.18340943683409436 0.20624048706240486 0.1324200913242009 0.1354642313546423
5 0.9246575342465754 0.0715372907153729 0.1476407914764079 0.1156773211567732