5 0.5814307458143074 0.5053272450532724 0.2161339421613394 0.167427701674277
5 0.6225266362252664 0.6925418569254186 0.1004566210045662 0.1278538812785388
5 0.02815829528158295 0.875951293759513 0.0563165905631659 0.1811263318112633
5 0.0258751902587519 0.3272450532724505 0.0517503805175038 0.1582952815829528
5 0.7511415525114156 0.684931506849315 0.0837138508371385 0.1187214611872146
1 0.2100456621004566 0.1704718417047184 0.4048706240487062 0.3318112633181126
1 0.332572298325723 0.5213089802130898 0.1963470319634703 0.2480974124809741
1 0.0791476407914764 0.6453576864535768 0.1582952815829528 0.2070015220700152
1 0.0928462709284627 0.4611872146118721 0.106544901065449 0.1035007610350076
1 0.21232876712328766 0.6506849315068494 0.1019786910197869 0.2328767123287671
1 0.3980213089802131 0.865296803652968 0.2511415525114155 0.2359208523592085
1 0.12709284627092846 0.9322678843226788 0.1141552511415525 0.1202435312024353
1 0.4687975646879756 0.6765601217656012 0.136986301369863 0.1111111111111111
1 0.6659056316590564 0.8340943683409436 0.1111111111111111 0.1126331811263318
1 0.73896499238965 0.9299847792998478 0.2450532724505327 0.1400304414003044
1 0.9764079147640792 0.7321156773211568 0.0471841704718417 0.1887366818873668
1 0.8729071537290716 0.7724505327245054 0.1019786910197869 0.1506849315068493
1 0.923896499238965 0.910958904109589 0.0882800608828006 0.1019786910197869
1 0.8211567732115678 0.649923896499239 0.0654490106544901 0.076103500761035
1 0.91324200913242 0.665144596651446 0.0578386605783866 0.0730593607305936
5 0.6887366818873668 0.18645357686453576 0.1841704718417047 0.1750380517503805
5 0.7671232876712328 0.4101978691019787 0.136986301369863 0.1050228310502283
5 0.8972602739726028 0.4208523592085236 0.1445966514459665 0.1872146118721461
5 0.939117199391172 0.24277016742770166 0.121765601217656 0.1476407914764079
5 0.8614916286149162 0.07534246575342465 0.121765601217656 0.1476407914764079
5 0.5114155251141552 0.2762557077625571 0.1187214611872146 0.2085235920852359
5 0.6004566210045662 0.3668188736681887 0.1354642313546423 0.0943683409436834
5 0.7640791476407914 0.5441400304414004 0.1126331811263318 0.1141552511415525
5 0.819634703196347 0.2747336377473364 0.0806697108066971 0.0989345509893455
5 0.7557077625570776 0.04642313546423135 0.1050228310502283 0.0928462709284627