5 0.1628614916286149 0.12917933130699089 0.1430745814307458 0.11854103343465046
5 0.0852359208523592 0.27203647416413373 0.1704718417047184 0.1702127659574468
5 0.0745814307458143 0.48328267477203646 0.1491628614916286 0.1276595744680851
5 0.1385083713850837 0.7826747720364742 0.2770167427701674 0.2857142857142857
5 0.0517503805175038 0.628419452887538 0.1035007610350076 0.12613981762917933
5 0.24581430745814306 0.5463525835866262 0.1354642313546423 0.1838905775075988
5 0.5190258751902588 0.9559270516717325 0.106544901065449 0.08814589665653495
5 0.4018264840182648 0.9582066869300911 0.0974124809741248 0.08358662613981763
5 0.3888888888888889 0.3913373860182371 0.1445966514459665 0.11094224924012158
5 0.4383561643835616 0.03951367781155015 0.1187214611872146 0.0790273556231003
5 0.3135464231354642 0.22720364741641338 0.2161339421613394 0.17477203647416414
5 0.3493150684931507 0.08662613981762918 0.1141552511415525 0.0668693009118541
5 0.271689497716895 0.053951367781155016 0.0958904109589041 0.09878419452887538
5 0.0593607305936073 0.9688449848024316 0.1156773211567732 0.05015197568389058
5 0.2389649923896499 0.9673252279635258 0.1917808219178082 0.06534954407294832
7 0.9307458143074582 0.9825227963525835 0.0898021308980213 0.034954407294832825
5 0.834855403348554 0.09042553191489362 0.2176560121765601 0.1717325227963526
5 0.9550989345509894 0.22644376899696048 0.0898021308980213 0.1458966565349544
5 0.6187214611872146 0.04179331306990881 0.1293759512937595 0.08358662613981763
5 0.58675799086758 0.256838905775076 0.2998477929984779 0.2765957446808511
5 0.4467275494672755 0.7196048632218845 0.2389649923896499 0.33282674772036475
5 0.7442922374429224 0.6063829787234043 0.2800608828006088 0.3981762917933131