5 0.03729071537290715 0.1080669710806697 0.0745814307458143 0.136986301369863
1 0.5144596651445966 0.21232876712328766 0.1765601217656012 0.1324200913242009
5 0.0258751902587519 0.2808219178082192 0.0487062404870624 0.0441400304414003
5 0.19863013698630136 0.14383561643835616 0.1293759512937595 0.1080669710806697
5 0.17123287671232876 0.2404870624048706 0.1141552511415525 0.0730593607305936
5 0.2853881278538813 0.0410958904109589 0.0928462709284627 0.0730593607305936
5 0.2762557077625571 0.3546423135464231 0.0989345509893455 0.0487062404870624
1 0.4992389649923896 0.03881278538812785 0.2557077625570776 0.0776255707762557
5 0.03729071537290715 0.2161339421613394 0.0715372907153729 0.060882800608828
5 0.15753424657534246 0.04185692541856925 0.1628614916286149 0.0776255707762557
5 0.3774733637747336 0.3120243531202435 0.0943683409436834 0.0882800608828006
5 0.3515981735159817 0.16818873668188736 0.1461187214611872 0.1415525114155251
5 0.2792998477929985 0.2694063926940639 0.0867579908675799 0.0578386605783866
1 0.7397260273972602 0.1293759512937595 0.2039573820395738 0.2404870624048706
5 0.8942161339421614 0.03272450532724505 0.0867579908675799 0.0654490106544901
1 0.8942161339421614 0.16362252663622526 0.0776255707762557 0.1354642313546423
5 0.8850837138508372 0.286910197869102 0.0776255707762557 0.0776255707762557
5 0.8949771689497716 0.4041095890410959 0.0974124809741248 0.0989345509893455
5 0.9627092846270928 0.4885844748858447 0.0745814307458143 0.0821917808219178
7 0.784627092846271 0.3987823439878234 0.0684931506849315 0.0700152207001522
5 0.4931506849315068 0.3980213089802131 0.0821917808219178 0.0684931506849315
1 0.617199391171994 0.3272450532724505 0.0989345509893455 0.0791476407914764