0 0.3203957382039574 0.14383561643835616 0.1354642313546423 0.1506849315068493
0 0.05403348554033485 0.03881278538812785 0.1080669710806697 0.0776255707762557
5 0.0806697108066971 0.3698630136986301 0.1613394216133942 0.3257229832572298
5 0.5753424657534246 0.11339421613394216 0.1278538812785388 0.1293759512937595
5 0.15144596651445966 0.1811263318112633 0.1750380517503805 0.1735159817351598
1 0.3105022831050228 0.03272450532724505 0.2557077625570776 0.0654490106544901
1 0.2914764079147641 0.3287671232876712 0.1689497716894977 0.1248097412480974
1 0.4946727549467275 0.3242009132420091 0.1187214611872146 0.1917808219178082
1 0.6598173515981736 0.2785388127853881 0.1506849315068493 0.1156773211567732
1 0.6354642313546424 0.4200913242009132 0.1354642313546423 0.1156773211567732
1 0.9406392694063926 0.0837138508371385 0.1187214611872146 0.167427701674277
1 0.9337899543378996 0.4269406392694064 0.1324200913242009 0.2389649923896499
1 0.8089802130898022 0.3569254185692542 0.1019786910197869 0.1263318112633181
1 0.8409436834094368 0.2359208523592085 0.1141552511415525 0.1339421613394216
1 0.958904109589041 0.24885844748858446 0.0821917808219178 0.0958904109589041
1 0.923896499238965 0.9056316590563166 0.15220700152207 0.1887366818873668
1 0.9353120243531202 0.7465753424657534 0.1293759512937595 0.1659056316590563
1 0.8287671232876712 0.6278538812785388 0.1598173515981735 0.1719939117199391
1 0.7488584474885844 0.4977168949771689 0.1095890410958904 0.1004566210045662
1 0.0837138508371385 0.8318112633181126 0.1643835616438356 0.1445966514459665
1 0.12404870624048706 0.9710806697108066 0.1933028919330289 0.0578386605783866
1 0.02815829528158295 0.6636225266362252 0.0563165905631659 0.1187214611872146
1 0.1202435312024353 0.591324200913242 0.121765601217656 0.0837138508371385
1 0.1537290715372907 0.7077625570776256 0.1430745814307458 0.0882800608828006
1 0.3135464231354642 0.5068493150684932 0.2009132420091324 0.1430745814307458
1 0.3866057838660578 0.6659056316590564 0.1582952815829528 0.1354642313546423
1 0.2374429223744292 0.6164383561643836 0.1095890410958904 0.1156773211567732
1 0.3006088280060883 0.8835616438356164 0.1750380517503805 0.1385083713850837
1 0.5136986301369864 0.8972602739726028 0.1719939117199391 0.2054794520547945
1 0.3691019786910198 0.9619482496194824 0.1598173515981735 0.076103500761035
1 0.6506849315068494 0.9581430745814308 0.0654490106544901 0.0837138508371385
1 0.7503805175038052 0.954337899543379 0.0974124809741248 0.091324200913242
1 0.7625570776255708 0.830289193302892 0.1582952815829528 0.1324200913242009
1 0.5136986301369864 0.6552511415525114 0.0806697108066971 0.1202435312024353
1 0.604261796042618 0.6621004566210046 0.0669710806697108 0.1339421613394216
1 0.4901065449010654 0.5205479452054794 0.1095890410958904 0.1187214611872146
1 0.6164383561643836 0.5251141552511416 0.1187214611872146 0.1004566210045662
1 0.6894977168949772 0.6567732115677322 0.0547945205479452 0.0989345509893455
1 0.7199391171993912 0.0350076103500761 0.1400304414003044 0.0700152207001522