0 0.0563165905631659 0.7184170471841704 0.1126331811263318 0.0974124809741248
0 0.06012176560121765 0.8226788432267884 0.0776255707762557 0.0806697108066971
0 0.1780821917808219 0.7907153729071538 0.106544901065449 0.1111111111111111
0 0.0882800608828006 0.9512937595129376 0.1735159817351598 0.0943683409436834
0 0.9299847792998478 0.5083713850837138 0.1400304414003044 0.121765601217656
0 0.7640791476407914 0.5312024353120244 0.1796042617960426 0.1035007610350076
0 0.6362252663622526 0.634703196347032 0.1156773211567732 0.1156773211567732
0 0.4817351598173516 0.6514459665144596 0.1293759512937595 0.106544901065449
0 0.3158295281582953 0.7983257229832572 0.1385083713850837 0.0989345509893455
0 0.319634703196347 0.9185692541856926 0.1582952815829528 0.1141552511415525
0 0.9398782343987824 0.6484018264840182 0.1202435312024353 0.1126331811263318
0 0.789193302891933 0.654490106544901 0.1506849315068493 0.121765601217656
0 0.6118721461187214 0.7671232876712328 0.182648401826484 0.1095890410958904
0 0.7952815829528158 0.7754946727549468 0.1567732115677321 0.1111111111111111
0 0.9459665144596652 0.7945205479452054 0.1080669710806697 0.1461187214611872
0 0.4680365296803653 0.8736681887366818 0.1232876712328767 0.1035007610350076
0 0.5144596651445966 0.9657534246575342 0.2070015220700152 0.0654490106544901
0 0.7229832572298326 0.9505327245053272 0.1765601217656012 0.0928462709284627
0 0.9223744292237442 0.9512937595129376 0.1552511415525114 0.0974124809741248