5 0.9231354642313546 0.697869101978691 0.1415525114155251 0.1445966514459665
5 0.5060882800608828 0.7876712328767124 0.1598173515981735 0.0837138508371385
5 0.9018264840182648 0.3592085235920852 0.1111111111111111 0.0943683409436834
0 0.03576864535768645 0.6035007610350076 0.0715372907153729 0.1902587519025875
0 0.0882800608828006 0.9094368340943684 0.1765601217656012 0.1780821917808219
0 0.4703196347031963 0.3493150684931507 0.1248097412480974 0.1293759512937595
0 0.7929984779299848 0.1719939117199391 0.091324200913242 0.1035007610350076
0 0.6963470319634704 0.3569254185692542 0.1202435312024353 0.0958904109589041
0 0.6164383561643836 0.952054794520548 0.1248097412480974 0.0928462709284627
0 0.2572298325722983 0.9627092846270928 0.1491628614916286 0.0745814307458143
0 0.4512937595129376 0.9398782343987824 0.1872146118721461 0.1171993911719939
0 0.9505327245053272 0.9627092846270928 0.0989345509893455 0.0745814307458143
0 0.6552511415525114 0.7876712328767124 0.1293759512937595 0.0837138508371385
0 0.2519025875190259 0.469558599695586 0.1019786910197869 0.0684931506849315
0 0.06012176560121765 0.76103500761035 0.1202435312024353 0.1156773211567732
0 0.18645357686453576 0.745814307458143 0.1202435312024353 0.0639269406392694
0 0.1248097412480974 0.4573820395738204 0.106544901065449 0.1993911719939117
0 0.1613394216133942 0.6354642313546424 0.1613394216133942 0.1354642313546423
0 0.3188736681887367 0.5601217656012176 0.1050228310502283 0.0791476407914764
0 0.0563165905631659 0.2633181126331811 0.1126331811263318 0.0852359208523592
0 0.7899543378995434 0.6948249619482496 0.1187214611872146 0.1111111111111111
0 0.393455098934551 0.7039573820395738 0.1202435312024353 0.0776255707762557
0 0.2968036529680365 0.7100456621004566 0.1004566210045662 0.0837138508371385
0 0.3378995433789954 0.3964992389649924 0.1156773211567732 0.0837138508371385
0 0.4771689497716895 0.4794520547945205 0.1506849315068493 0.1126331811263318
0 0.6818873668188736 0.1841704718417047 0.1308980213089802 0.1004566210045662
0 0.5091324200913242 0.19254185692541856 0.1050228310502283 0.1019786910197869
0 0.3417047184170472 0.1856925418569254 0.1933028919330289 0.091324200913242
0 0.9101978691019786 0.04794520547945205 0.1491628614916286 0.0958904109589041
0 0.923896499238965 0.1887366818873668 0.1461187214611872 0.136986301369863
0 0.7336377473363774 0.2724505327245053 0.2161339421613394 0.060882800608828
0 0.1963470319634703 0.2800608828006088 0.1400304414003044 0.076103500761035
0 0.6514459665144596 0.6133942161339422 0.1613394216133942 0.0700152207001522
0 0.710806697108067 0.4589041095890411 0.1035007610350076 0.0958904109589041
0 0.8599695585996956 0.4672754946727549 0.1187214611872146 0.0852359208523592
0 0.8310502283105022 0.5776255707762558 0.1430745814307458 0.0837138508371385
5 0.2656012176560122 0.8432267884322678 0.1324200913242009 0.1035007610350076
0 0.8013698630136986 0.9558599695585996 0.1750380517503805 0.0882800608828006
0 0.8059360730593608 0.8013698630136986 0.1385083713850837 0.0684931506849315
0 0.9452054794520548 0.8751902587519026 0.1095890410958904 0.0700152207001522
0 0.3919330289193303 0.8417047184170472 0.0715372907153729 0.0669710806697108
5 0.9550989345509894 0.5745814307458144 0.0898021308980213 0.0745814307458143
0 0.289193302891933 0.03729071537290715 0.15220700152207 0.0745814307458143
0 0.4627092846270928 0.030441400304414 0.1643835616438356 0.060882800608828
0 0.771689497716895 0.0532724505327245 0.1308980213089802 0.106544901065449
0 0.6270928462709284 0.0532724505327245 0.15220700152207 0.1004566210045662
0 0.0380517503805175 0.4140030441400304 0.0669710806697108 0.1491628614916286