5 0.593607305936073 0.05319148936170213 0.1552511415525114 0.10638297872340426
5 0.3059360730593607 0.05167173252279635 0.273972602739726 0.0911854103343465
5 0.5350076103500762 0.7446808510638298 0.1659056316590563 0.24924012158054712
5 0.0578386605783866 0.6231003039513677 0.1156773211567732 0.1033434650455927
5 0.2313546423135464 0.49164133738601823 0.1339421613394216 0.10790273556231003
5 0.2450532724505327 0.6542553191489362 0.106544901065449 0.16261398176291794
5 0.21841704718417046 0.8753799392097265 0.1171993911719939 0.1033434650455927
5 0.7876712328767124 0.5250759878419453 0.0928462709284627 0.10486322188449848
5 0.6232876712328768 0.35638297872340424 0.1080669710806697 0.135258358662614
1 0.3485540334855403 0.24772036474164133 0.15220700152207 0.1033434650455927
1 0.5 0.18009118541033434 0.1080669710806697 0.10486322188449848
5 0.8234398782343988 0.3434650455927052 0.0730593607305936 0.06382978723404255
5 0.723744292237443 0.2978723404255319 0.0776255707762557 0.0668693009118541
5 0.5570776255707762 0.5113981762917933 0.1126331811263318 0.05927051671732523
3 0.9429223744292238 0.7386018237082067 0.1141552511415525 0.3100303951367781