1 0.09208523592085235 0.07686453576864535 0.1841704718417047 0.1476407914764079
1 0.0898021308980213 0.2610350076103501 0.1796042617960426 0.1689497716894977
1 0.091324200913242 0.517503805175038 0.1278538812785388 0.1278538812785388
1 0.8249619482496194 0.5060882800608828 0.1856925418569254 0.1963470319634703
1 0.9353120243531202 0.7343987823439878 0.1293759512937595 0.1628614916286149
1 0.9535768645357686 0.2831050228310502 0.0928462709284627 0.213089802130898
5 0.908675799086758 0.08447488584474885 0.182648401826484 0.1598173515981735
5 0.3637747336377473 0.13165905631659056 0.2374429223744292 0.2176560121765601
5 0.5776255707762558 0.1339421613394216 0.1476407914764079 0.243531202435312
5 0.4954337899543379 0.4018264840182648 0.2724505327245053 0.1917808219178082
5 0.2656012176560122 0.3569254185692542 0.0898021308980213 0.0989345509893455
5 0.21841704718417046 0.6689497716894978 0.0958904109589041 0.1171993911719939
5 0.2952815829528158 0.5654490106544902 0.0791476407914764 0.1019786910197869
5 0.4117199391171994 0.604261796042618 0.1080669710806697 0.1430745814307458
5 0.3310502283105023 0.7404870624048706 0.1080669710806697 0.1050228310502283
5 0.11187214611872145 0.817351598173516 0.1872146118721461 0.2100456621004566
5 0.3455098934550989 0.9642313546423136 0.1004566210045662 0.0715372907153729
5 0.332572298325723 0.8729071537290716 0.1202435312024353 0.0654490106544901
5 0.23059360730593606 0.9619482496194824 0.0898021308980213 0.076103500761035
1 0.678082191780822 0.928462709284627 0.1232876712328767 0.1095890410958904
1 0.821917808219178 0.9558599695585996 0.0852359208523592 0.0882800608828006
5 0.7420091324200914 0.7770167427701674 0.1659056316590563 0.1689497716894977
1 0.9832572298325722 0.5060882800608828 0.0334855403348554 0.1933028919330289