5 0.2990867579908676 0.5943683409436834 0.2085235920852359 0.2389649923896499
5 0.0669710806697108 0.5555555555555556 0.1339421613394216 0.2009132420091324
5 0.2648401826484018 0.8569254185692542 0.2252663622526636 0.1948249619482496
5 0.13318112633181126 0.08143074581430745 0.2663622526636225 0.1628614916286149
5 0.9071537290715372 0.4452054794520548 0.1704718417047184 0.1963470319634703
5 0.5235920852359208 0.319634703196347 0.1948249619482496 0.1887366818873668
5 0.18493150684931506 0.3691019786910198 0.1445966514459665 0.1476407914764079
5 0.9277016742770168 0.662861491628615 0.0989345509893455 0.1019786910197869
5 0.7480974124809742 0.728310502283105 0.1324200913242009 0.2024353120243531
0 0.7724505327245054 0.2640791476407915 0.1354642313546423 0.0989345509893455
0 0.65220700152207 0.0715372907153729 0.0958904109589041 0.0821917808219178
5 0.9101978691019786 0.8683409436834094 0.1796042617960426 0.2633181126331811
5 0.3812785388127854 0.07838660578386605 0.2450532724505327 0.1567732115677321
5 0.20167427701674276 0.9512937595129376 0.1780821917808219 0.0974124809741248
5 0.0426179604261796 0.8295281582952816 0.0791476407914764 0.1887366818873668
5 0.15449010654490106 0.7488584474885844 0.1385083713850837 0.1156773211567732
5 0.6453576864535768 0.9406392694063926 0.1765601217656012 0.1187214611872146