1 0.4809741248097412 0.9558599695585996 0.2313546423135464 0.0882800608828006
1 0.14079147640791476 0.9642313546423136 0.2815829528158295 0.0715372907153729
1 0.8424657534246576 0.9452054794520548 0.3150684931506849 0.1095890410958904
5 0.7199391171993912 0.8637747336377474 0.1643835616438356 0.1476407914764079
5 0.5791476407914764 0.8257229832572298 0.1628614916286149 0.1354642313546423
5 0.3797564687975647 0.8234398782343988 0.2328767123287671 0.1917808219178082
5 0.18036529680365296 0.8257229832572298 0.1415525114155251 0.1324200913242009
5 0.0776255707762557 0.7092846270928462 0.1552511415525114 0.1643835616438356
5 0.0441400304414003 0.8599695585996956 0.0882800608828006 0.1004566210045662
5 0.6993911719939118 0.13774733637747336 0.1750380517503805 0.1780821917808219
5 0.571537290715373 0.19254185692541856 0.1780821917808219 0.2328767123287671
5 0.5159817351598174 0.04337899543378995 0.1643835616438356 0.0867579908675799
5 0.3424657534246575 0.1872146118721461 0.2252663622526636 0.2465753424657534
5 0.4170471841704718 0.09969558599695585 0.1278538812785388 0.1476407914764079
5 0.11948249619482496 0.05707762557077625 0.2146118721461187 0.1141552511415525
5 0.12709284627092846 0.21689497716894976 0.1963470319634703 0.1963470319634703
5 0.906392694063927 0.2085235920852359 0.1872146118721461 0.2252663622526636
5 0.4528158295281583 0.4375951293759513 0.2724505327245053 0.2359208523592085
5 0.4056316590563166 0.6453576864535768 0.1415525114155251 0.136986301369863
5 0.5273972602739726 0.647640791476408 0.1811263318112633 0.1933028919330289
5 0.2313546423135464 0.65220700152207 0.213089802130898 0.1811263318112633
5 0.02207001522070015 0.5220700152207002 0.0441400304414003 0.1582952815829528
5 0.18188736681887366 0.4634703196347032 0.2054794520547945 0.1872146118721461
5 0.6986301369863014 0.3508371385083714 0.1948249619482496 0.1719939117199391
5 0.7374429223744292 0.5144596651445966 0.2328767123287671 0.1308980213089802
5 0.728310502283105 0.6879756468797564 0.1659056316590563 0.1643835616438356
5 0.882800608828006 0.6316590563165906 0.1887366818873668 0.2039573820395738
5 0.8143074581430746 0.3234398782343988 0.1308980213089802 0.1993911719939117
5 0.9375951293759512 0.4071537290715373 0.1187214611872146 0.1719939117199391