5 0.4878234398782344 0.954337899543379 0.1628614916286149 0.091324200913242
5 0.4977168949771689 0.8691019786910198 0.167427701674277 0.0791476407914764
0 0.3554033485540335 0.7070015220700152 0.1111111111111111 0.1811263318112633
0 0.7990867579908676 0.8896499238964992 0.106544901065449 0.1171993911719939
5 0.9467275494672754 0.3401826484018265 0.091324200913242 0.1111111111111111
5 0.7374429223744292 0.5426179604261796 0.1263318112633181 0.1385083713850837
5 0.865296803652968 0.5692541856925418 0.1019786910197869 0.1156773211567732
5 0.5928462709284628 0.6073059360730594 0.0928462709284627 0.0578386605783866
5 0.6910197869101978 0.6879756468797564 0.0852359208523592 0.0669710806697108
5 0.5038051750380518 0.6727549467275494 0.1400304414003044 0.0578386605783866
5 0.5852359208523592 0.773972602739726 0.1019786910197869 0.0806697108066971
3 0.0730593607305936 0.2115677321156773 0.121765601217656 0.0700152207001522