5 0.332572298325723 0.7838660578386606 0.2389649923896499 0.2526636225266362
5 0.1035007610350076 0.5730593607305936 0.2070015220700152 0.2572298325722983
7 0.0654490106544901 0.8729071537290716 0.1308980213089802 0.2298325722983257
7 0.7016742770167428 0.9687975646879756 0.1187214611872146 0.0624048706240487
5 0.9246575342465754 0.18645357686453576 0.1506849315068493 0.1415525114155251
5 0.24277016742770166 0.11339421613394216 0.4398782343987823 0.2267884322678843
5 0.5875190258751902 0.1887366818873668 0.1156773211567732 0.1126331811263318
5 0.7336377473363774 0.1902587519025875 0.1308980213089802 0.121765601217656
5 0.302130898021309 0.4726027397260274 0.1263318112633181 0.2389649923896499
5 0.426179604261796 0.4094368340943683 0.0974124809741248 0.1004566210045662
5 0.54337899543379 0.4901065449010654 0.0943683409436834 0.2161339421613394
5 0.6537290715372908 0.3614916286149163 0.0654490106544901 0.0593607305936073
5 0.5273972602739726 0.3143074581430746 0.0867579908675799 0.0502283105022831
5 0.7313546423135464 0.3835616438356164 0.0867579908675799 0.0730593607305936
5 0.6605783866057838 0.5471841704718418 0.1004566210045662 0.1171993911719939
0 0.8698630136986302 0.3150684931506849 0.1263318112633181 0.0882800608828006
0 0.8691019786910198 0.4071537290715373 0.1248097412480974 0.0898021308980213
0 0.7526636225266362 0.3051750380517504 0.0928462709284627 0.0654490106544901
0 0.8721461187214612 0.852359208523592 0.1035007610350076 0.1035007610350076
5 0.7671232876712328 0.665144596651446 0.1095890410958904 0.0943683409436834
5 0.576103500761035 0.6917808219178082 0.1202435312024353 0.1263318112633181
5 0.7732115677321156 0.8584474885844748 0.1156773211567732 0.106544901065449
5 0.6126331811263318 0.8858447488584474 0.1719939117199391 0.1035007610350076
5 0.8264840182648402 0.532724505327245 0.106544901065449 0.0974124809741248
5 0.0700152207001522 0.3660578386605784 0.1400304414003044 0.1202435312024353
7 0.9764079147640792 0.4619482496194825 0.0471841704718417 0.1933028919330289
7 0.967275494672755 0.821917808219178 0.0654490106544901 0.0882800608828006
5 0.9056316590563166 0.619482496194825 0.1004566210045662 0.0547945205479452
5 0.6864535768645358 0.7815829528158296 0.0791476407914764 0.0593607305936073
1 0.2207001522070015 0.969558599695586 0.1461187214611872 0.060882800608828