1 0.893455098934551 0.8031914893617021 0.213089802130898 0.21124620060790272
1 0.4223744292237443 0.19908814589665655 0.2328767123287671 0.23100303951367782
1 0.6354642313546424 0.21428571428571427 0.1354642313546423 0.23708206686930092
1 0.784627092846271 0.26595744680851063 0.1232876712328767 0.08814589665653495
1 0.8538812785388128 0.3860182370820669 0.1278538812785388 0.12158054711246201
1 0.8744292237442922 0.5349544072948328 0.0958904109589041 0.11854103343465046
1 0.969558599695586 0.3708206686930091 0.060882800608828 0.11246200607902736
1 0.8234398782343988 0.067629179331307 0.3531202435312024 0.135258358662614
1 0.7480974124809742 0.6937689969604863 0.2146118721461187 0.1656534954407295
1 0.58675799086758 0.6762917933130699 0.1111111111111111 0.11854103343465046
1 0.6202435312024354 0.7872340425531915 0.0684931506849315 0.08814589665653495
1 0.6636225266362252 0.878419452887538 0.121765601217656 0.0668693009118541
1 0.6796042617960426 0.9673252279635258 0.0654490106544901 0.06534954407294832
1 0.8249619482496194 0.9582066869300911 0.1613394216133942 0.08358662613981763
1 0.9634703196347032 0.9612462006079028 0.0730593607305936 0.07750759878419453
5 0.971841704718417 0.4878419452887538 0.0563165905631659 0.0972644376899696
5 0.4223744292237443 0.9703647416413373 0.0989345509893455 0.05927051671732523
5 0.5669710806697108 0.9711246200607903 0.1232876712328767 0.057750759878419454
5 0.469558599695586 0.7310030395136778 0.1719939117199391 0.2006079027355623
3 0.136986301369863 0.31155015197568386 0.1339421613394216 0.6109422492401215
3 0.0821917808219178 0.918693009118541 0.0669710806697108 0.1413373860182371