1 0.8554033485540334 0.5091185410334347 0.2770167427701674 0.3404255319148936
5 0.5669710806697108 0.41793313069908816 0.2328767123287671 0.22188449848024316
5 0.2983257229832572 0.24164133738601823 0.15220700152207 0.1641337386018237
5 0.08143074581430745 0.2393617021276596 0.1171993911719939 0.11702127659574468
1 0.3439878234398782 0.44756838905775076 0.1704718417047184 0.18693009118541035
1 0.20624048706240486 0.42857142857142855 0.1019786910197869 0.1276595744680851
0 0.6035007610350076 0.11930091185410334 0.1141552511415525 0.09270516717325228
0 0.662861491628615 0.22112462006079028 0.0958904109589041 0.08662613981762918
0 0.7579908675799086 0.1702127659574468 0.0943683409436834 0.1094224924012158
0 0.512937595129376 0.17249240121580547 0.0547945205479452 0.08662613981762918
5 0.19558599695585996 0.047872340425531915 0.1598173515981735 0.09574468085106383
1 0.0228310502283105 0.10410334346504559 0.045662100456621 0.10182370820668693
3 0.04337899543378995 0.9635258358662614 0.0867579908675799 0.0729483282674772
3 0.4124809741248097 0.9726443768996961 0.0943683409436834 0.0547112462006079