1 0.9315068493150684 0.547112462006079 0.1339421613394216 0.2978723404255319
5 0.9353120243531202 0.18085106382978725 0.1293759512937595 0.2127659574468085
5 0.654490106544901 0.6177811550151976 0.1887366818873668 0.1474164133738602
5 0.2115677321156773 0.9612462006079028 0.1948249619482496 0.07750759878419453
5 0.3675799086757991 0.71580547112462 0.1689497716894977 0.13677811550151975
5 0.2100456621004566 0.5638297872340425 0.1308980213089802 0.23100303951367782
5 0.1445966514459665 0.790273556231003 0.1856925418569254 0.1945288753799392
5 0.3188736681887367 0.48024316109422494 0.1354642313546423 0.18541033434650456
5 0.4063926940639269 0.3518237082066869 0.182648401826484 0.1899696048632219
5 0.4056316590563166 0.5547112462006079 0.0898021308980213 0.10030395136778116
5 0.5190258751902588 0.43617021276595747 0.1491628614916286 0.1762917933130699
5 0.7808219178082192 0.16945288753799392 0.1856925418569254 0.24772036474164133
5 0.684931506849315 0.3351063829787234 0.1856925418569254 0.15045592705167174
5 0.4360730593607306 0.21732522796352582 0.0867579908675799 0.13069908814589665
5 0.5844748858447488 0.17857142857142858 0.197869101978691 0.15045592705167174
5 0.6080669710806698 0.0364741641337386 0.2572298325722983 0.0729483282674772
5 0.8896499238964992 0.03267477203647416 0.2207001522070015 0.06534954407294832
1 0.5045662100456622 0.7249240121580547 0.0867579908675799 0.17933130699088146
1 0.363013698630137 0.9164133738601824 0.1506849315068493 0.1458966565349544