5 0.2511415525114155 0.076103500761035 0.1461187214611872 0.15220700152207
5 0.6164383561643836 0.5928462709284628 0.1308980213089802 0.1537290715372907
5 0.7678843226788432 0.1872146118721461 0.1141552511415525 0.1278538812785388
5 0.3165905631659056 0.4071537290715373 0.106544901065449 0.1111111111111111
5 0.54337899543379 0.3843226788432268 0.136986301369863 0.1202435312024353
5 0.7054794520547946 0.4794520547945205 0.1385083713850837 0.136986301369863
5 0.19710806697108066 0.2404870624048706 0.1232876712328767 0.0943683409436834
5 0.0715372907153729 0.0517503805175038 0.1308980213089802 0.1035007610350076
5 0.05403348554033485 0.2541856925418569 0.1080669710806697 0.1035007610350076
5 0.3949771689497717 0.2404870624048706 0.1841704718417047 0.0974124809741248
5 0.4490106544901065 0.08295281582952815 0.182648401826484 0.1659056316590563
5 0.3295281582952816 0.6666666666666666 0.1263318112633181 0.1156773211567732
5 0.4771689497716895 0.6491628614916286 0.1232876712328767 0.1750380517503805
5 0.941400304414003 0.3455098934550989 0.0928462709284627 0.1339421613394216
5 0.9596651445966514 0.5167427701674278 0.0806697108066971 0.1659056316590563
5 0.0365296803652968 0.5091324200913242 0.0730593607305936 0.1445966514459665
5 0.7800608828006088 0.04794520547945205 0.1963470319634703 0.0958904109589041
5 0.967275494672755 0.1232876712328767 0.0654490106544901 0.0852359208523592
0 0.4041095890410959 0.799847792998478 0.0989345509893455 0.0806697108066971
5 0.6012176560121766 0.23820395738203956 0.182648401826484 0.1263318112633181
5 0.6179604261796042 0.0852359208523592 0.1308980213089802 0.1582952815829528
5 0.18949771689497716 0.619482496194825 0.1232876712328767 0.1491628614916286
5 0.04642313546423135 0.7640791476407914 0.0928462709284627 0.228310502283105
5 0.2884322678843227 0.880517503805175 0.1415525114155251 0.0928462709284627
5 0.4657534246575342 0.908675799086758 0.1430745814307458 0.1035007610350076
5 0.8926940639269406 0.8127853881278538 0.1567732115677321 0.1552511415525114
5 0.6308980213089802 0.8006088280060882 0.1537290715372907 0.0974124809741248
5 0.8318112633181126 0.6834094368340944 0.1445966514459665 0.0882800608828006
5 0.8401826484018264 0.4140030441400304 0.1004566210045662 0.076103500761035
5 0.350076103500761 0.525875190258752 0.1035007610350076 0.0837138508371385
5 0.1719939117199391 0.4406392694063927 0.1552511415525114 0.1628614916286149
5 0.7686453576864536 0.9512937595129376 0.1339421613394216 0.0974124809741248
5 0.6263318112633182 0.9315068493150684 0.1415525114155251 0.1126331811263318
5 0.4216133942161339 0.3888888888888889 0.091324200913242 0.1659056316590563
5 0.7656012176560122 0.8105022831050228 0.1004566210045662 0.1354642313546423