0 0.3508371385083714 0.27583586626139817 0.0898021308980213 0.15045592705167174
0 0.2191780821917808 0.05623100303951368 0.1187214611872146 0.1033434650455927
0 0.07686453576864535 0.12234042553191489 0.1080669710806697 0.11094224924012158
0 0.9231354642313546 0.07674772036474165 0.1324200913242009 0.12310030395136778
0 0.9467275494672754 0.24924012158054712 0.106544901065449 0.1762917933130699
0 0.4208523592085236 0.057750759878419454 0.1598173515981735 0.10638297872340426
0 0.4452054794520548 0.27811550151975684 0.0776255707762557 0.12462006079027356
0 0.5289193302891934 0.3252279635258359 0.0837138508371385 0.12158054711246201
0 0.7770167427701674 0.1831306990881459 0.1537290715372907 0.16869300911854104
3 0.6248097412480974 0.4810030395136778 0.1415525114155251 0.12613981762917933
3 0.639269406392694 0.3161094224924012 0.1187214611872146 0.11550151975683891
3 0.7557077625570776 0.3913373860182371 0.1019786910197869 0.11702127659574468
3 0.952054794520548 0.6413373860182371 0.0684931506849315 0.08206686930091185
3 0.9550989345509894 0.40501519756838905 0.0898021308980213 0.08966565349544073