0 0.7907153729071538 0.3280060882800609 0.0715372907153729 0.0684931506849315
0 0.9573820395738204 0.13165905631659056 0.0730593607305936 0.0898021308980213
0 0.8485540334855404 0.1491628614916286 0.0502283105022831 0.1095890410958904
0 0.7602739726027398 0.1780821917808219 0.0624048706240487 0.0639269406392694
0 0.7640791476407914 0.2534246575342466 0.076103500761035 0.0745814307458143
0 0.7031963470319634 0.3439878234398782 0.0821917808219178 0.0943683409436834
0 0.8987823439878234 0.2853881278538813 0.0471841704718417 0.0624048706240487
0 0.8340943683409436 0.2503805175038052 0.0487062404870624 0.0684931506849315
0 0.9474885844748858 0.3295281582952816 0.0471841704718417 0.0532724505327245
0 0.987062404870624 0.3302891933028919 0.0228310502283105 0.0517503805175038
0 0.939117199391172 0.2534246575342466 0.0700152207001522 0.0502283105022831
0 0.882800608828006 0.2100456621004566 0.0639269406392694 0.0730593607305936
0 0.8713850837138508 0.334855403348554 0.0867579908675799 0.091324200913242
0 0.6986301369863014 0.1095890410958904 0.0882800608828006 0.0639269406392694
0 0.6095890410958904 0.13318112633181126 0.0532724505327245 0.0593607305936073
0 0.647640791476408 0.0821917808219178 0.0502283105022831 0.060882800608828
0 0.745814307458143 0.07990867579908675 0.0517503805175038 0.0624048706240487
0 0.8242009132420092 0.04490106544901065 0.0502283105022831 0.0806697108066971
0 0.9117199391171994 0.0624048706240487 0.0943683409436834 0.1035007610350076
0 0.9817351598173516 0.0426179604261796 0.0365296803652968 0.0791476407914764
0 0.89117199391172 0.1476407914764079 0.0289193302891933 0.0334855403348554
0 0.9604261796042618 0.20319634703196346 0.0791476407914764 0.0410958904109589
5 0.8097412480974124 0.4779299847792998 0.1948249619482496 0.1400304414003044
0 0.817351598173516 0.410958904109589 0.060882800608828 0.060882800608828
0 0.6887366818873668 0.20624048706240486 0.0471841704718417 0.0502283105022831
0 0.5829528158295282 0.24885844748858446 0.0426179604261796 0.0380517503805175
0 0.6407914764079148 0.19558599695585996 0.0487062404870624 0.0471841704718417
0 0.6331811263318112 0.24429223744292236 0.0517503805175038 0.0410958904109589
0 0.6940639269406392 0.2663622526636225 0.0639269406392694 0.0547945205479452
0 0.5844748858447488 0.18493150684931506 0.060882800608828 0.0532724505327245
5 0.423896499238965 0.271689497716895 0.2298325722983257 0.1933028919330289
0 0.5235920852359208 0.1872146118721461 0.0578386605783866 0.0730593607305936
0 0.3318112633181126 0.0273972602739726 0.0730593607305936 0.0517503805175038
0 0.2595129375951294 0.01293759512937595 0.0380517503805175 0.0197869101978691
5 0.2359208523592085 0.09817351598173515 0.1035007610350076 0.0806697108066971
0 0.2617960426179604 0.03881278538812785 0.0669710806697108 0.0197869101978691
0 0.2024353120243531 0.02511415525114155 0.045662100456621 0.0441400304414003
0 0.0273972602739726 0.07077625570776255 0.0487062404870624 0.0928462709284627
0 0.0502283105022831 0.0136986301369863 0.0943683409436834 0.0213089802130898
5 0.1111111111111111 0.08295281582952815 0.106544901065449 0.1111111111111111
0 0.13926940639269406 0.0091324200913242 0.0684931506849315 0.015220700152207
0 0.7222222222222222 0.02359208523592085 0.1232876712328767 0.0410958904109589
0 0.530441400304414 0.09360730593607305 0.0593607305936073 0.0593607305936073
0 0.4726027397260274 0.1339421613394216 0.0441400304414003 0.0365296803652968
0 0.4459665144596651 0.05859969558599695 0.0669710806697108 0.0898021308980213
0 0.3904109589041096 0.0334855403348554 0.0289193302891933 0.0547945205479452
0 0.5449010654490106 0.03881278538812785 0.1156773211567732 0.0410958904109589
0 0.5882800608828006 0.0852359208523592 0.0441400304414003 0.030441400304414
0 0.5464231354642314 0.13774733637747336 0.0487062404870624 0.0167427701674277
0 0.6864535768645358 0.16210045662100456 0.0730593607305936 0.0350076103500761
0 0.7983257229832572 0.1385083713850837 0.0471841704718417 0.1430745814307458
0 0.9901065449010654 0.2572298325722983 0.0197869101978691 0.0547945205479452
5 0.05859969558599695 0.1856925418569254 0.0989345509893455 0.1035007610350076
5 0.3614916286149163 0.1095890410958904 0.0898021308980213 0.0882800608828006
5 0.2085235920852359 0.2519025875190259 0.1613394216133942 0.1598173515981735
5 0.06468797564687975 0.3120243531202435 0.1141552511415525 0.1248097412480974
5 0.0639269406392694 0.4710806697108067 0.1248097412480974 0.1689497716894977
5 0.20471841704718416 0.5350076103500762 0.1324200913242009 0.1141552511415525
5 0.0898021308980213 0.6727549467275494 0.1796042617960426 0.2191780821917808
5 0.256468797564688 0.4033485540334855 0.2328767123287671 0.1278538812785388
5 0.4474885844748858 0.3980213089802131 0.1278538812785388 0.0989345509893455
5 0.3371385083713851 0.5213089802130898 0.1202435312024353 0.0837138508371385
5 0.4961948249619482 0.5722983257229832 0.167427701674277 0.1400304414003044
5 0.3074581430745814 0.6940639269406392 0.2374429223744292 0.1582952815829528
5 0.15144596651445966 0.9010654490106544 0.2968036529680365 0.197869101978691
5 0.6095890410958904 0.4307458143074581 0.1689497716894977 0.1126331811263318
5 0.9353120243531202 0.4634703196347032 0.1293759512937595 0.1415525114155251
5 0.9185692541856926 0.669710806697108 0.1628614916286149 0.2313546423135464
5 0.80441400304414 0.7351598173515982 0.2085235920852359 0.2404870624048706
5 0.6331811263318112 0.532724505327245 0.1004566210045662 0.0821917808219178
5 0.639269406392694 0.6248097412480974 0.1035007610350076 0.0958904109589041
5 0.5669710806697108 0.7222222222222222 0.2389649923896499 0.1354642313546423
5 0.4741248097412481 0.9459665144596652 0.1780821917808219 0.0989345509893455
5 0.6834094368340944 0.9079147640791476 0.136986301369863 0.0958904109589041
5 0.9117199391171994 0.8972602739726028 0.15220700152207 0.2054794520547945
5 0.6255707762557078 0.971841704718417 0.0974124809741248 0.0532724505327245
5 0.5076103500761036 0.8181126331811264 0.0989345509893455 0.0867579908675799