5 0.4520547945205479 0.1050228310502283 0.076103500761035 0.091324200913242
5 0.2541856925418569 0.060882800608828 0.0974124809741248 0.0700152207001522
5 0.632420091324201 0.2625570776255708 0.0715372907153729 0.0441400304414003
5 0.6095890410958904 0.1780821917808219 0.0806697108066971 0.0700152207001522
5 0.6818873668188736 0.0837138508371385 0.0578386605783866 0.0730593607305936
5 0.3691019786910198 0.04946727549467275 0.0776255707762557 0.0776255707762557
5 0.273972602739726 0.19710806697108066 0.060882800608828 0.0502283105022831
5 0.3302891933028919 0.15144596651445966 0.0578386605783866 0.0593607305936073
5 0.517503805175038 0.0213089802130898 0.1765601217656012 0.0395738203957382
5 0.6111111111111112 0.06925418569254185 0.0563165905631659 0.0471841704718417
7 0.6841704718417048 0.01293759512937595 0.0502283105022831 0.0197869101978691
5 0.54337899543379 0.317351598173516 0.076103500761035 0.0745814307458143
5 0.4383561643835616 0.2024353120243531 0.0974124809741248 0.076103500761035
5 0.5403348554033486 0.0943683409436834 0.076103500761035 0.0700152207001522
5 0.5228310502283106 0.1659056316590563 0.0624048706240487 0.0578386605783866
5 0.3523592085235921 0.258751902587519 0.0806697108066971 0.0700152207001522
5 0.441400304414003 0.3181126331811263 0.0669710806697108 0.0578386605783866
5 0.11643835616438356 0.04033485540334855 0.1050228310502283 0.0684931506849315
5 0.2176560121765601 0.16818873668188736 0.0487062404870624 0.0502283105022831
0 0.0502283105022831 0.6681887366818874 0.1004566210045662 0.289193302891933
5 0.0715372907153729 0.3143074581430746 0.1339421613394216 0.1111111111111111