0 0.08751902587519025 0.9611872146118722 0.0471841704718417 0.0776255707762557
0 0.0243531202435312 0.9429223744292238 0.045662100456621 0.1141552511415525
0 0.13318112633181126 0.8881278538812786 0.1171993911719939 0.1111111111111111
0 0.1324200913242009 0.9771689497716894 0.0273972602739726 0.045662100456621
0 0.16514459665144596 0.989345509893455 0.0167427701674277 0.0213089802130898
0 0.3242009132420091 0.8569254185692542 0.0852359208523592 0.1187214611872146
0 0.21689497716894976 0.9649923896499238 0.0624048706240487 0.0700152207001522
0 0.3181126331811263 0.941400304414003 0.060882800608828 0.0380517503805175
0 0.3272450532724505 0.9901065449010654 0.0669710806697108 0.0197869101978691
0 0.2709284627092846 0.982496194824962 0.0334855403348554 0.0350076103500761
0 0.3972602739726027 0.8462709284627092 0.0334855403348554 0.0395738203957382
0 0.3995433789954338 0.8964992389649924 0.0563165905631659 0.0578386605783866
0 0.4094368340943683 0.9649923896499238 0.0395738203957382 0.0700152207001522
0 0.4802130898021309 0.9345509893455098 0.0806697108066971 0.1308980213089802
0 0.5030441400304414 0.8272450532724506 0.0471841704718417 0.0806697108066971
0 0.5684931506849316 0.8493150684931506 0.0715372907153729 0.0578386605783866
0 0.5494672754946728 0.9322678843226788 0.045662100456621 0.1019786910197869
0 0.6133942161339422 0.9596651445966514 0.0669710806697108 0.0806697108066971
0 0.665144596651446 0.837138508371385 0.1004566210045662 0.1461187214611872
0 0.7686453576864536 0.8424657534246576 0.1095890410958904 0.0837138508371385
0 0.6719939117199392 0.9421613394216134 0.0350076103500761 0.045662100456621
0 0.7229832572298326 0.9687975646879756 0.0547945205479452 0.0593607305936073
0 0.91324200913242 0.8774733637747336 0.0791476407914764 0.0958904109589041
0 0.9748858447488584 0.8531202435312024 0.0502283105022831 0.0563165905631659
0 0.9756468797564688 0.9535768645357686 0.0395738203957382 0.0837138508371385
0 0.9056316590563166 0.9710806697108066 0.0943683409436834 0.0578386605783866
0 0.8439878234398782 0.558599695585997 0.0867579908675799 0.030441400304414
0 0.7656012176560122 0.5905631659056316 0.0578386605783866 0.0639269406392694
5 0.6887366818873668 0.713089802130898 0.0776255707762557 0.0776255707762557
0 0.7176560121765602 0.6415525114155252 0.0684931506849315 0.0410958904109589
0 0.776255707762557 0.395738203957382 0 0.0060882800608828
5 0.0821917808219178 0.350076103500761 0.1491628614916286 0.1552511415525114
5 0.0380517503805175 0.5060882800608828 0.0578386605783866 0.1171993911719939
5 0.0624048706240487 0.647640791476408 0.1156773211567732 0.1171993911719939
5 0.1872146118721461 0.5235920852359208 0.1461187214611872 0.1248097412480974
5 0.2115677321156773 0.6552511415525114 0.1035007610350076 0.0776255707762557
5 0.3554033485540335 0.6225266362252664 0.1324200913242009 0.1765601217656012
5 0.5540334855403348 0.6735159817351598 0.15220700152207 0.2054794520547945
5 0.6248097412480974 0.1171993911719939 0.1659056316590563 0.1491628614916286
5 0.3089802130898021 0.13318112633181126 0.1735159817351598 0.1141552511415525
5 0.04490106544901065 0.0395738203957382 0.0837138508371385 0.060882800608828
5 0.02207001522070015 0.16362252663622526 0.0441400304414003 0.1324200913242009
5 0.12861491628614916 0.13926940639269406 0.0867579908675799 0.0958904109589041
5 0.24277016742770166 0.2610350076103501 0.0654490106544901 0.0654490106544901
5 0.2054794520547945 0.3789954337899543 0.0426179604261796 0.0547945205479452
5 0.393455098934551 0.3622526636225266 0.1263318112633181 0.136986301369863
5 0.3980213089802131 0.487062404870624 0.0928462709284627 0.0669710806697108
5 0.2808219178082192 0.3554033485540335 0.0989345509893455 0.1050228310502283
5 0.6887366818873668 0.3143074581430746 0.1019786910197869 0.1293759512937595
5 0.5159817351598174 0.2724505327245053 0.0821917808219178 0.1613394216133942
5 0.5943683409436834 0.4322678843226788 0.1385083713850837 0.1156773211567732
3 0.9581430745814308 0.6149162861491628 0.0837138508371385 0.3287671232876712
3 0.8447488584474886 0.7161339421613394 0.136986301369863 0.1415525114155251