5 0.8013698630136986 0.9375951293759512 0.1354642313546423 0.1248097412480974
5 0.6567732115677322 0.9269406392694064 0.1263318112633181 0.091324200913242
5 0.5555555555555556 0.969558599695586 0.1156773211567732 0.060882800608828
5 0.0639269406392694 0.9619482496194824 0.1187214611872146 0.076103500761035
5 0.0958904109589041 0.8751902587519026 0.1248097412480974 0.0974124809741248
5 0.18493150684931506 0.9474885844748858 0.1202435312024353 0.1050228310502283
5 0.3135464231354642 0.95662100456621 0.1126331811263318 0.0867579908675799
5 0.393455098934551 0.9231354642313546 0.0745814307458143 0.0715372907153729
5 0.2328767123287671 0.8554033485540334 0.1187214611872146 0.0700152207001522
5 0.14535768645357686 0.7724505327245054 0.1050228310502283 0.1202435312024353
5 0.04033485540334855 0.76103500761035 0.0806697108066971 0.091324200913242
5 0.0700152207001522 0.6567732115677322 0.136986301369863 0.1080669710806697
5 0.18493150684931506 0.6210045662100456 0.0624048706240487 0.1735159817351598
5 0.258751902587519 0.7686453576864536 0.1004566210045662 0.0852359208523592
5 0.3203957382039574 0.8432267884322678 0.0684931506849315 0.0943683409436834
5 0.4018264840182648 0.8378995433789954 0.1400304414003044 0.0654490106544901
5 0.5091324200913242 0.8089802130898022 0.1232876712328767 0.1354642313546423
5 0.9444444444444444 0.967275494672755 0.1111111111111111 0.0654490106544901
5 0.9041095890410958 0.8485540334855404 0.0821917808219178 0.1232876712328767
5 0.9657534246575342 0.8698630136986302 0.0684931506849315 0.1141552511415525
5 0.0319634703196347 0.4893455098934551 0.0639269406392694 0.1598173515981735
5 0.2009132420091324 0.4703196347031963 0.121765601217656 0.1248097412480974
5 0.24277016742770166 0.6179604261796042 0.1141552511415525 0.1248097412480974
5 0.2785388127853881 0.54337899543379 0.0700152207001522 0.1126331811263318
5 0.1887366818873668 0.3767123287671233 0.0821917808219178 0.0715372907153729
5 0.2701674277016743 0.3995433789954338 0.1354642313546423 0.0654490106544901
5 0.21993911719939116 0.3059360730593607 0.0532724505327245 0.0547945205479452
5 0.273972602739726 0.3447488584474886 0.0547945205479452 0.0502283105022831
5 0.4041095890410959 0.4162861491628615 0.0715372907153729 0.0624048706240487
5 0.3713850837138508 0.3820395738203957 0.060882800608828 0.0791476407914764
5 0.3531202435312024 0.3158295281582953 0.076103500761035 0.1050228310502283
5 0.2960426179604262 0.2686453576864536 0.0654490106544901 0.0898021308980213
5 0.2298325722983257 0.2496194824961948 0.0517503805175038 0.0578386605783866
5 0.1354642313546423 0.256468797564688 0.0852359208523592 0.0624048706240487
5 0.1872146118721461 0.16666666666666666 0.0943683409436834 0.0898021308980213
5 0.08143074581430745 0.0928462709284627 0.1415525114155251 0.1308980213089802
5 0.319634703196347 0.1704718417047184 0.1308980213089802 0.0974124809741248
5 0.4284627092846271 0.289193302891933 0.0776255707762557 0.1339421613394216
5 0.502283105022831 0.317351598173516 0.0821917808219178 0.1628614916286149
5 0.469558599695586 0.7031963470319634 0.1567732115677321 0.1308980213089802
5 0.573820395738204 0.6453576864535768 0.0821917808219178 0.076103500761035
5 0.6293759512937596 0.7701674277016742 0.1263318112633181 0.1917808219178082
5 0.7496194824961948 0.7831050228310502 0.1050228310502283 0.1141552511415525
5 0.7496194824961948 0.6659056316590564 0.0928462709284627 0.0928462709284627
5 0.6735159817351598 0.5905631659056316 0.1628614916286149 0.136986301369863
5 0.624048706240487 0.4459665144596651 0.2070015220700152 0.1430745814307458
5 0.6255707762557078 0.18645357686453576 0.1035007610350076 0.0898021308980213
5 0.5228310502283106 0.2176560121765601 0.0958904109589041 0.1187214611872146
5 0.7519025875190258 0.3356164383561644 0.1126331811263318 0.0958904109589041
5 0.8097412480974124 0.4337899543378995 0.1278538812785388 0.1004566210045662
5 0.8424657534246576 0.5197869101978692 0.1385083713850837 0.0989345509893455
5 0.9337899543378996 0.6666666666666666 0.1324200913242009 0.1948249619482496
5 0.7138508371385084 0.22907153729071536 0.091324200913242 0.0958904109589041
5 0.7671232876712328 0.09056316590563165 0.1552511415525114 0.1689497716894977
5 0.7298325722983258 0.1293759512937595 0.0654490106544901 0.0852359208523592
5 0.5768645357686454 0.106544901065449 0.0669710806697108 0.0943683409436834
5 0.6643835616438356 0.10273972602739725 0.0745814307458143 0.0745814307458143
5 0.8866057838660578 0.10426179604261795 0.0715372907153729 0.1385083713850837
5 0.9398782343987824 0.2823439878234399 0.1202435312024353 0.1476407914764079