0 0.9200913242009132 0.4155251141552511 0.1537290715372907 0.289193302891933
5 0.9170471841704718 0.821917808219178 0.1506849315068493 0.1308980213089802
5 0.7488584474885844 0.8843226788432268 0.1765601217656012 0.213089802130898
5 0.926179604261796 0.9627092846270928 0.1263318112633181 0.0745814307458143
5 0.4855403348554033 0.0730593607305936 0.167427701674277 0.136986301369863
5 0.7077625570776256 0.1461187214611872 0.1278538812785388 0.1430745814307458
5 0.8531202435312024 0.1476407914764079 0.1506849315068493 0.1339421613394216
5 0.7343987823439878 0.0334855403348554 0.2876712328767123 0.060882800608828
5 0.3843226788432268 0.4345509893455099 0.1780821917808219 0.1263318112633181
5 0.728310502283105 0.380517503805175 0.1841704718417047 0.121765601217656
1 0.0806697108066971 0.6331811263318112 0.1613394216133942 0.3105022831050228
1 0.22754946727549466 0.16818873668188736 0.2146118721461187 0.2146118721461187
1 0.4459665144596651 0.2207001522070015 0.1278538812785388 0.121765601217656
1 0.5791476407914764 0.19254185692541856 0.0928462709284627 0.0989345509893455
1 0.5730593607305936 0.4581430745814307 0.1141552511415525 0.1308980213089802
1 0.3424657534246575 0.5669710806697108 0.136986301369863 0.1141552511415525
5 0.0563165905631659 0.3089802130898021 0.1126331811263318 0.273972602739726
5 0.1643835616438356 0.9094368340943684 0.1887366818873668 0.1506849315068493
1 0.4345509893455099 0.8744292237442922 0.1841704718417047 0.1506849315068493
1 0.4840182648401826 0.7161339421613394 0.1887366818873668 0.1506849315068493
1 0.54337899543379 0.5814307458143074 0.1887366818873668 0.0974124809741248
1 0.7039573820395738 0.6879756468797564 0.1415525114155251 0.1461187214611872
1 0.7229832572298326 0.5319634703196348 0.136986301369863 0.1385083713850837
5 0.21232876712328766 0.4193302891933029 0.1506849315068493 0.1263318112633181