5 0.3881278538812785 0.2686453576864536 0.106544901065449 0.1171993911719939
5 0.11796042617960426 0.2853881278538813 0.0958904109589041 0.0745814307458143
5 0.2161339421613394 0.4063926940639269 0.106544901065449 0.0943683409436834
5 0.5646879756468798 0.2678843226788432 0.1095890410958904 0.1035007610350076
5 0.9322678843226788 0.2846270928462709 0.1263318112633181 0.1339421613394216
5 0.9018264840182648 0.4033485540334855 0.1202435312024353 0.076103500761035
5 0.9482496194824962 0.5045662100456622 0.0943683409436834 0.0654490106544901
5 0.6666666666666666 0.3881278538812785 0.0639269406392694 0.0943683409436834
5 0.7534246575342466 0.4322678843226788 0.0578386605783866 0.045662100456621
5 0.786910197869102 0.510654490106545 0.091324200913242 0.0776255707762557
5 0.9649923896499238 0.0167427701674277 0.060882800608828 0.030441400304414
5 0.5730593607305936 0.04490106544901065 0.1263318112633181 0.0867579908675799
5 0.647640791476408 0.1354642313546423 0.2207001522070015 0.0791476407914764
5 0.19406392694063926 0.0410958904109589 0.1111111111111111 0.0669710806697108
5 0.3135464231354642 0.04642313546423135 0.0700152207001522 0.0593607305936073
5 0.4147640791476408 0.06925418569254185 0.1111111111111111 0.1202435312024353
5 0.2922374429223744 0.1461187214611872 0.1004566210045662 0.1156773211567732
5 0.0563165905631659 0.0624048706240487 0.106544901065449 0.121765601217656
5 0.02815829528158295 0.3721461187214612 0.0502283105022831 0.1202435312024353
5 0.10730593607305935 0.3751902587519026 0.0593607305936073 0.0928462709284627
5 0.106544901065449 0.528158295281583 0.0791476407914764 0.136986301369863
5 0.3013698630136986 0.525875190258752 0.121765601217656 0.1171993911719939
5 0.4665144596651446 0.517503805175038 0.1080669710806697 0.1095890410958904
5 0.5768645357686454 0.5289193302891934 0.0882800608828006 0.1293759512937595
5 0.6963470319634704 0.5525114155251142 0.0837138508371385 0.1035007610350076
5 0.8340943683409436 0.6339421613394216 0.1187214611872146 0.1080669710806697
5 0.95662100456621 0.6286149162861492 0.0745814307458143 0.106544901065449
5 0.8135464231354642 0.7267884322678844 0.0928462709284627 0.0654490106544901
5 0.936834094368341 0.728310502283105 0.0806697108066971 0.0410958904109589
5 0.936834094368341 0.8051750380517504 0.1263318112633181 0.0852359208523592
5 0.2465753424657534 0.6621004566210046 0.091324200913242 0.1187214611872146
5 0.05098934550989345 0.647640791476408 0.0837138508371385 0.1141552511415525
5 0.3584474885844749 0.654490106544901 0.1111111111111111 0.106544901065449
5 0.4733637747336377 0.7351598173515982 0.1187214611872146 0.1582952815829528
5 0.4452054794520548 0.6141552511415526 0.0654490106544901 0.0624048706240487
5 0.5342465753424658 0.6407914764079148 0.076103500761035 0.0852359208523592
5 0.649923896499239 0.6514459665144596 0.1187214611872146 0.0882800608828006
5 0.6818873668188736 0.8036529680365296 0.1187214611872146 0.1400304414003044