6 0.6453576864535768 0.4033485540334855 0.0273972602739726 0.0182648401826484
5 0.943683409436834 0.19558599695585996 0.1126331811263318 0.1141552511415525
5 0.7313546423135464 0.7754946727549468 0.0624048706240487 0.1445966514459665
5 0.7792998477929984 0.9277016742770168 0.0821917808219178 0.1171993911719939
5 0.9421613394216134 0.3645357686453577 0.091324200913242 0.0898021308980213
5 0.8858447488584474 0.4581430745814307 0.1095890410958904 0.106544901065449
5 0.8926940639269406 0.6986301369863014 0.0806697108066971 0.1004566210045662
5 0.9398782343987824 0.9162861491628614 0.0867579908675799 0.1126331811263318
5 0.3470319634703196 0.03424657534246575 0.0669710806697108 0.0593607305936073
5 0.5273972602739726 0.0532724505327245 0.1476407914764079 0.106544901065449
5 0.4140030441400304 0.0700152207001522 0.060882800608828 0.121765601217656