1 0.05859969558599695 0.2404870624048706 0.1171993911719939 0.1552511415525114
5 0.525875190258752 0.4383561643835616 0.2146118721461187 0.15220700152207
5 0.4223744292237443 0.5996955859969558 0.1111111111111111 0.1126331811263318
5 0.576103500761035 0.6308980213089802 0.1263318112633181 0.1050228310502283
5 0.4429223744292237 0.7404870624048706 0.1491628614916286 0.1141552511415525
5 0.6248097412480974 0.7511415525114156 0.1385083713850837 0.1263318112633181
1 0.4657534246575342 0.2176560121765601 0.121765601217656 0.1278538812785388
1 0.3340943683409437 0.15753424657534246 0.1141552511415525 0.0958904109589041
1 0.17579908675799086 0.17884322678843226 0.1050228310502283 0.0867579908675799
1 0.1765601217656012 0.256468797564688 0.0943683409436834 0.0593607305936073
1 0.3310502283105023 0.2800608828006088 0.1324200913242009 0.1126331811263318
1 0.3447488584474886 0.4528158295281583 0.1202435312024353 0.1293759512937595
1 0.2100456621004566 0.3462709284627093 0.0974124809741248 0.0776255707762557
1 0.14079147640791476 0.4383561643835616 0.1141552511415525 0.1126331811263318
1 0.0639269406392694 0.5502283105022832 0.0882800608828006 0.1476407914764079
1 0.2389649923896499 0.6187214611872146 0.197869101978691 0.1811263318112633
0 0.7146118721461188 0.3158295281582953 0.2085235920852359 0.0837138508371385
0 0.758751902587519 0.4421613394216134 0.2085235920852359 0.1385083713850837
0 0.7770167427701674 0.576103500761035 0.1415525114155251 0.1232876712328767
0 0.7534246575342466 0.756468797564688 0.0639269406392694 0.1796042617960426
0 0.8158295281582952 0.8751902587519026 0.0852359208523592 0.0517503805175038
0 0.5068493150684932 0.9200913242009132 0.0882800608828006 0.1019786910197869