5 0.2762557077625571 0.350076103500761 0.1476407914764079 0.1765601217656012
5 0.4307458143074581 0.3219178082191781 0.1339421613394216 0.0989345509893455
5 0.710806697108067 0.1796042617960426 0.1187214611872146 0.1004566210045662
5 0.91324200913242 0.0121765601217656 0.076103500761035 0.0243531202435312
5 0.9512937595129376 0.1263318112633181 0.0974124809741248 0.1491628614916286
5 0.974124809741248 0.0471841704718417 0.0517503805175038 0.0365296803652968
5 0.8439878234398782 0.0776255707762557 0.1080669710806697 0.1400304414003044
5 0.6461187214611872 0.05403348554033485 0.2694063926940639 0.1080669710806697
5 0.502283105022831 0.1141552511415525 0.106544901065449 0.136986301369863
5 0.6057838660578386 0.14535768645357686 0.0639269406392694 0.0745814307458143
5 0.6461187214611872 0.2671232876712329 0.0654490106544901 0.0684931506849315
5 0.8485540334855404 0.3964992389649924 0.1354642313546423 0.1293759512937595
5 0.9634703196347032 0.4010654490106545 0.0730593607305936 0.1811263318112633
5 0.8919330289193302 0.530441400304414 0.1187214611872146 0.1232876712328767
5 0.6537290715372908 0.4010654490106545 0.1415525114155251 0.1537290715372907
5 0.7549467275494672 0.5471841704718418 0.136986301369863 0.1750380517503805
5 0.15601217656012176 0.4505327245053272 0.1324200913242009 0.2039573820395738
5 0.03881278538812785 0.4056316590563166 0.0776255707762557 0.1598173515981735
5 0.0487062404870624 0.5646879756468798 0.091324200913242 0.1278538812785388
5 0.12557077625570776 0.619482496194825 0.1050228310502283 0.0943683409436834
5 0.0471841704718417 0.7146118721461188 0.0791476407914764 0.1598173515981735
3 0.5030441400304414 0.8698630136986302 0.9939117199391172 0.1445966514459665
5 0.20319634703196346 0.7617960426179604 0.2176560121765601 0.1750380517503805
5 0.2656012176560122 0.5859969558599696 0.0958904109589041 0.182648401826484
5 0.4025875190258752 0.5243531202435312 0.1567732115677321 0.1324200913242009
5 0.3637747336377473 0.6362252663622526 0.0821917808219178 0.0730593607305936
5 0.4726027397260274 0.6415525114155252 0.1202435312024353 0.1232876712328767
5 0.5882800608828006 0.5692541856925418 0.1385083713850837 0.1248097412480974
5 0.7245053272450532 0.7214611872146118 0.1704718417047184 0.1400304414003044
5 0.8645357686453576 0.7397260273972602 0.0943683409436834 0.091324200913242
5 0.9200913242009132 0.6636225266362252 0.1598173515981735 0.1035007610350076
5 0.9596651445966514 0.7534246575342466 0.0776255707762557 0.0791476407914764
5 0.4406392694063927 0.4117199391171994 0.1476407914764079 0.0928462709284627
5 0.593607305936073 0.4726027397260274 0.121765601217656 0.0928462709284627
5 0.8013698630136986 0.2328767123287671 0.1263318112633181 0.1278538812785388
5 0.9322678843226788 0.2663622526636225 0.1202435312024353 0.1035007610350076
5 0.03729071537290715 0.11339421613394216 0.0745814307458143 0.0654490106544901
5 0.05098934550989345 0.03576864535768645 0.0898021308980213 0.0684931506849315
5 0.0578386605783866 0.24581430745814306 0.1156773211567732 0.1415525114155251
5 0.2747336377473364 0.13470319634703196 0.3302891933028919 0.2511415525114155