5 0.7519025875190258 0.8100303951367781 0.3439878234398782 0.3799392097264438
5 0.1415525114155251 0.8457446808510638 0.213089802130898 0.25379939209726443
5 0.3493150684931507 0.6998480243161094 0.3120243531202435 0.25379939209726443
5 0.5030441400304414 0.8563829787234043 0.1780821917808219 0.2689969604863222
5 0.8789954337899544 0.0980243161094225 0.1719939117199391 0.196048632218845
5 0.9474885844748858 0.6496960486322189 0.1050228310502283 0.135258358662614
5 0.09817351598173515 0.513677811550152 0.1963470319634703 0.2796352583586626
5 0.3363774733637747 0.4878419452887538 0.2648401826484018 0.1762917933130699
5 0.3675799086757991 0.32598784194528874 0.2907153729071537 0.20516717325227962
5 0.3584474885844749 0.11930091185410334 0.2998477929984779 0.23860182370820668
5 0.09056316590563165 0.07066869300911854 0.1811263318112633 0.1413373860182371
5 0.07990867579908675 0.26063829787234044 0.1598173515981735 0.256838905775076