1 0.3888888888888889 0.05859969558599695 0.1202435312024353 0.1171993911719939
1 0.2602739726027397 0.0441400304414003 0.1400304414003044 0.0821917808219178
1 0.04185692541856925 0.1324200913242009 0.0837138508371385 0.0974124809741248
1 0.6750380517503806 0.03576864535768645 0.0928462709284627 0.0715372907153729
1 0.971841704718417 0.2328767123287671 0.0563165905631659 0.1430745814307458
1 0.89117199391172 0.3546423135464231 0.0715372907153729 0.0730593607305936
1 0.8485540334855404 0.4642313546423135 0.0593607305936073 0.0730593607305936
1 0.952054794520548 0.5342465753424658 0.0958904109589041 0.167427701674277
5 0.3713850837138508 0.784627092846271 0.0426179604261796 0.1385083713850837
1 0.13165905631659056 0.9071537290715372 0.2572298325722983 0.1856925418569254
1 0.8614916286149162 0.9642313546423136 0.2770167427701674 0.0715372907153729
0 0.6263318112633182 0.5083713850837138 0.1171993911719939 0.0639269406392694
0 0.5989345509893456 0.4642313546423135 0.0745814307458143 0.0487062404870624
0 0.4923896499238965 0.9147640791476408 0.0593607305936073 0.1095890410958904
0 0.6111111111111112 0.7990867579908676 0.0958904109589041 0.1126331811263318
0 0.4863013698630137 0.8059360730593608 0.0715372907153729 0.0989345509893455
0 0.5578386605783866 0.6278538812785388 0.0624048706240487 0.0745814307458143
0 0.4094368340943683 0.5814307458143074 0.0882800608828006 0.091324200913242
0 0.1126331811263318 0.393455098934551 0.1126331811263318 0.0684931506849315
0 0.0289193302891933 0.5646879756468798 0.0578386605783866 0.091324200913242
0 0.21689497716894976 0.5030441400304414 0.0715372907153729 0.0806697108066971
0 0.3006088280060883 0.365296803652968 0.0837138508371385 0.0974124809741248
0 0.11491628614916286 0.2983257229832572 0.0532724505327245 0.0821917808219178
0 0.2922374429223744 0.6925418569254186 0.0730593607305936 0.0791476407914764
0 0.20928462709284626 0.619482496194825 0.1019786910197869 0.0669710806697108
0 0.2846270928462709 0.5974124809741248 0.060882800608828 0.0745814307458143
0 0.7656012176560122 0.6605783866057838 0.0821917808219178 0.0821917808219178
0 0.647640791476408 0.2785388127853881 0.0776255707762557 0.106544901065449
0 0.5342465753424658 0.3135464231354642 0.076103500761035 0.0943683409436834
0 0.4878234398782344 0.3515981735159817 0.0593607305936073 0.0974124809741248
0 0.2541856925418569 0.2770167427701674 0.0639269406392694 0.076103500761035
0 0.11339421613394216 0.18797564687975646 0.0989345509893455 0.0593607305936073
0 0.24885844748858446 0.15296803652968036 0.0806697108066971 0.0928462709284627
0 0.4178082191780822 0.4299847792998478 0.0837138508371385 0.0837138508371385
0 0.4490106544901065 0.4992389649923896 0.076103500761035 0.0852359208523592
0 0.4025875190258752 0.350076103500761 0.0654490106544901 0.0791476407914764
0 0.3371385083713851 0.5030441400304414 0.0776255707762557 0.0745814307458143
0 0.632420091324201 0.7275494672754946 0.0471841704718417 0.076103500761035
0 0.6529680365296804 0.601978691019787 0.0669710806697108 0.0867579908675799
0 0.715372907153729 0.1324200913242009 0.0700152207001522 0.045662100456621
0 0.9079147640791476 0.03424657534246575 0.0593607305936073 0.0684931506849315
0 0.928462709284627 0.0989345509893455 0.0669710806697108 0.0426179604261796
0 0.95662100456621 0.6757990867579908 0.0867579908675799 0.0547945205479452