0 0.2496194824961948 0.0380517503805175 0.1917808219178082 0.076103500761035
0 0.2511415525114155 0.2663622526636225 0.1187214611872146 0.1035007610350076
0 0.4436834094368341 0.0365296803652968 0.1354642313546423 0.0730593607305936
0 0.6598173515981736 0.0517503805175038 0.1080669710806697 0.0943683409436834
0 0.5083713850837138 0.3272450532724505 0.1004566210045662 0.0821917808219178
0 0.0532724505327245 0.0487062404870624 0.1004566210045662 0.0974124809741248
0 0.3105022831050228 0.15144596651445966 0.091324200913242 0.0776255707762557
0 0.4079147640791476 0.1628614916286149 0.0943683409436834 0.0730593607305936
0 0.3569254185692542 0.2465753424657534 0.0898021308980213 0.0791476407914764
0 0.3668188736681887 0.830289193302892 0.0974124809741248 0.0867579908675799
0 0.0289193302891933 0.974124809741248 0.0578386605783866 0.0517503805175038
0 0.19101978691019786 0.9764079147640792 0.0745814307458143 0.0471841704718417
0 0.6050228310502284 0.9459665144596652 0.0928462709284627 0.1080669710806697
0 0.9193302891933028 0.784627092846271 0.0669710806697108 0.0745814307458143
0 0.741248097412481 0.2876712328767123 0.1278538812785388 0.121765601217656
0 0.5624048706240488 0.4322678843226788 0.1202435312024353 0.1095890410958904
0 0.8896499238964992 0.3203957382039574 0.1354642313546423 0.0958904109589041
0 0.715372907153729 0.4406392694063927 0.1582952815829528 0.1232876712328767
0 0.6255707762557078 0.7009132420091324 0.0974124809741248 0.1933028919330289
0 0.515220700152207 0.7161339421613394 0.1202435312024353 0.1019786910197869
0 0.393455098934551 0.745814307458143 0.1111111111111111 0.0639269406392694
0 0.487062404870624 0.9596651445966514 0.1156773211567732 0.0806697108066971
0 0.2876712328767123 0.9299847792998478 0.1187214611872146 0.0852359208523592
0 0.7754946727549468 0.941400304414003 0.1841704718417047 0.1171993911719939
0 0.7922374429223744 0.654490106544901 0.1963470319634703 0.1856925418569254
0 0.9512937595129376 0.5920852359208524 0.0974124809741248 0.2983257229832572
0 0.8493150684931506 0.4969558599695586 0.0974124809741248 0.0958904109589041
0 0.7724505327245054 0.806697108066971 0.1780821917808219 0.1095890410958904
0 0.9353120243531202 0.8812785388127854 0.1232876712328767 0.1004566210045662
0 0.393455098934551 0.9467275494672754 0.0715372907153729 0.1035007610350076
0 0.5 0.837138508371385 0.1263318112633181 0.0943683409436834
0 0.7207001522070016 0.1659056316590563 0.1476407914764079 0.106544901065449
0 0.5547945205479452 0.197869101978691 0.1476407914764079 0.136986301369863
0 0.619482496194825 0.5494672754946728 0.1278538812785388 0.076103500761035
5 0.0867579908675799 0.6902587519025876 0.1735159817351598 0.1354642313546423
1 0.3995433789954338 0.558599695585997 0.1902587519025875 0.1887366818873668
5 0.17427701674277016 0.4452054794520548 0.1811263318112633 0.1354642313546423
5 0.256468797564688 0.7503805175038052 0.0898021308980213 0.1004566210045662
5 0.12861491628614916 0.8531202435312024 0.1567732115677321 0.1354642313546423
5 0.0426179604261796 0.4901065449010654 0.0852359208523592 0.2100456621004566
5 0.23211567732115676 0.58675799086758 0.1293759512937595 0.0928462709284627