0 0.1993911719939117 0.0547945205479452 0.0547945205479452 0.0639269406392694
0 0.2732115677321157 0.02815829528158295 0.0624048706240487 0.0563165905631659
5 0.0700152207001522 0.0532724505327245 0.136986301369863 0.106544901065449
5 0.4961948249619482 0.2534246575342466 0.273972602739726 0.2207001522070015
5 0.2557077625570776 0.18188736681887366 0.1339421613394216 0.1019786910197869
5 0.2511415525114155 0.2884322678843227 0.1735159817351598 0.0837138508371385
5 0.0578386605783866 0.3622526636225266 0.1156773211567732 0.2800608828006088
5 0.0898021308980213 0.21689497716894976 0.1004566210045662 0.1019786910197869
5 0.2800608828006088 0.3911719939117199 0.1248097412480974 0.0852359208523592
5 0.4421613394216134 0.4490106544901065 0.1263318112633181 0.1248097412480974
5 0.17275494672754946 0.4756468797564688 0.0837138508371385 0.1171993911719939
5 0.1582952815829528 0.3668188736681887 0.0578386605783866 0.0791476407914764
5 0.2998477929984779 0.5114155251141552 0.106544901065449 0.0943683409436834
5 0.0654490106544901 0.5593607305936074 0.1308980213089802 0.0654490106544901
5 0.11491628614916286 0.6423135464231354 0.0928462709284627 0.0700152207001522
5 0.1841704718417047 0.5799086757990868 0.0791476407914764 0.0852359208523592
5 0.378234398782344 0.6308980213089802 0.1354642313546423 0.1293759512937595
5 0.3797564687975647 0.7534246575342466 0.0441400304414003 0.0547945205479452
5 0.4558599695585997 0.741248097412481 0.0898021308980213 0.076103500761035
5 0.5228310502283106 0.8599695585996956 0.0715372907153729 0.091324200913242
5 0.525875190258752 0.9657534246575342 0.0715372907153729 0.0684931506849315
5 0.4071537290715373 0.9345509893455098 0.0837138508371385 0.0852359208523592
5 0.3051750380517504 0.9581430745814308 0.1385083713850837 0.0837138508371385
5 0.317351598173516 0.8691019786910198 0.0654490106544901 0.0791476407914764
5 0.3371385083713851 0.7815829528158296 0.0532724505327245 0.0715372907153729
5 0.2686453576864536 0.6834094368340944 0.0532724505327245 0.0882800608828006
5 0.2115677321156773 0.6567732115677322 0.0578386605783866 0.0745814307458143
5 0.1887366818873668 0.726027397260274 0.0821917808219178 0.0639269406392694
5 0.22907153729071536 0.8120243531202436 0.1019786910197869 0.1019786910197869
5 0.1126331811263318 0.8051750380517504 0.0791476407914764 0.1308980213089802
5 0.030441400304414 0.6963470319634704 0.060882800608828 0.1111111111111111
5 0.0334855403348554 0.8059360730593608 0.0669710806697108 0.0837138508371385
5 0.0319634703196347 0.906392694063927 0.0639269406392694 0.1050228310502283
5 0.04033485540334855 0.9809741248097412 0.0806697108066971 0.0380517503805175
5 0.2328767123287671 0.9094368340943684 0.0487062404870624 0.0593607305936073
5 0.1704718417047184 0.8683409436834094 0.0517503805175038 0.0502283105022831
5 0.09665144596651445 0.8942161339421614 0.0715372907153729 0.0684931506849315
5 0.1537290715372907 0.9550989345509894 0.1095890410958904 0.0898021308980213
3 0.9467275494672754 0.14840182648401826 0.106544901065449 0.2968036529680365
3 0.8203957382039574 0.6339421613394216 0.2526636225266362 0.4611872146118721
3 0.6103500761035008 0.6773211567732116 0.1308980213089802 0.1735159817351598
3 0.6377473363774734 0.9140030441400304 0.0730593607305936 0.1719939117199391