0 0.8280060882800608 0.6582952815829528 0.0639269406392694 0.1141552511415525
0 0.967275494672755 0.6575342465753424 0.0502283105022831 0.0974124809741248
0 0.9170471841704718 0.6811263318112634 0.0532724505327245 0.0867579908675799
0 0.9657534246575342 0.7496194824961948 0.0684931506849315 0.0745814307458143
0 0.9756468797564688 0.5989345509893456 0.0487062404870624 0.0410958904109589
0 0.9003044140030442 0.6126331811263318 0.0745814307458143 0.0532724505327245
5 0.1948249619482496 0.5898021308980214 0.076103500761035 0.0441400304414003
5 0.4444444444444444 0.5799086757990868 0.0852359208523592 0.0487062404870624
5 0.5350076103500762 0.9048706240487062 0.0958904109589041 0.0441400304414003
5 0.3394216133942161 0.9512937595129376 0.076103500761035 0.0730593607305936
5 0.3584474885844749 0.6704718417047184 0.1689497716894977 0.1171993911719939
5 0.060882800608828 0.743531202435312 0.1035007610350076 0.0898021308980213
5 0.6103500761035008 0.73896499238965 0.121765601217656 0.1354642313546423
5 0.5121765601217656 0.8340943683409436 0.1324200913242009 0.1278538812785388
5 0.3972602739726027 0.7815829528158296 0.1004566210045662 0.0837138508371385
5 0.243531202435312 0.6575342465753424 0.0547945205479452 0.060882800608828
5 0.15144596651445966 0.65220700152207 0.0593607305936073 0.0410958904109589
5 0.8744292237442922 0.9025875190258752 0.1659056316590563 0.1430745814307458
5 0.7534246575342466 0.7503805175038052 0.1278538812785388 0.2100456621004566
5 0.7975646879756468 0.9528158295281582 0.1552511415525114 0.091324200913242
5 0.9048706240487062 0.5038051750380518 0.1141552511415525 0.1430745814307458
5 0.7382039573820396 0.5197869101978692 0.1887366818873668 0.1293759512937595
5 0.8850837138508372 0.3904109589041096 0.2237442922374429 0.1111111111111111
5 0.9322678843226788 0.2770167427701674 0.1354642313546423 0.106544901065449
5 0.8812785388127854 0.0882800608828006 0.2374429223744292 0.091324200913242
5 0.9254185692541856 0.1796042617960426 0.1461187214611872 0.0791476407914764
6 0.4748858447488584 0.13318112633181126 0.0182648401826484 0.0228310502283105
5 0.30441400304414 0.4687975646879756 0.1430745814307458 0.0882800608828006
5 0.5235920852359208 0.4345509893455099 0.1887366818873668 0.1993911719939117
5 0.24885844748858446 0.8926940639269406 0.1202435312024353 0.1293759512937595
5 0.08447488584474885 0.895738203957382 0.1689497716894977 0.1719939117199391
5 0.0578386605783866 0.5677321156773212 0.1126331811263318 0.228310502283105