5 0.7530395136778115 0.9550989345509894 0.15045592705167174 0.0898021308980213
5 0.8199088145896657 0.7397260273972602 0.07446808510638298 0.0669710806697108
5 0.8343465045592705 0.8105022831050228 0.07598784194528875 0.0624048706240487
5 0.9741641337386018 0.769406392694064 0.05167173252279635 0.1354642313546423
5 0.8837386018237082 0.669710806697108 0.09270516717325228 0.0639269406392694
5 0.9848024316109423 0.6582952815829528 0.030395136778115502 0.0867579908675799
5 0.9050151975683891 0.5578386605783866 0.06231003039513678 0.0867579908675799
5 0.9635258358662614 0.4497716894977169 0.0729483282674772 0.1476407914764079
5 0.9034954407294833 0.3698630136986301 0.08966565349544073 0.091324200913242
5 0.8943768996960486 0.4665144596651446 0.09270516717325228 0.0837138508371385
5 0.8275075987841946 0.4025875190258752 0.09574468085106383 0.1202435312024353
5 0.9566869300911854 0.3066971080669711 0.08662613981762918 0.1445966514459665
1 0.8556231003039514 0.22146118721461186 0.12158054711246201 0.1324200913242009
5 0.7545592705167173 0.837138508371385 0.04711246200607903 0.045662100456621
7 0.6983282674772037 0.7952815829528158 0.037993920972644375 0.0350076103500761
7 0.6375379939209727 0.989345509893455 0.034954407294832825 0.0213089802130898
7 0.8814589665653495 0.908675799086758 0.00303951367781155 0.0030441400304414
3 0.7120060790273556 0.5799086757990868 0.1474164133738602 0.2009132420091324
3 0.6618541033434651 0.0395738203957382 0.1717325227963526 0.0791476407914764