0 0.2267884322678843 0.9277016742770168 0.121765601217656 0.0989345509893455
0 0.182648401826484 0.0213089802130898 0.076103500761035 0.0426179604261796
0 0.4185692541856925 0.1141552511415525 0.091324200913242 0.0882800608828006
5 0.393455098934551 0.910958904109589 0.1780821917808219 0.1689497716894977
5 0.6095890410958904 0.8843226788432268 0.2146118721461187 0.2191780821917808
5 0.4254185692541857 0.6506849315068494 0.1537290715372907 0.1567732115677321
7 0.6377473363774734 0.0273972602739726 0.0821917808219178 0.0547945205479452
7 0.6491628614916286 0.10273972602739725 0.0958904109589041 0.0563165905631659
5 0.4954337899543379 0.2617960426179604 0.1902587519025875 0.1582952815829528
5 0.5540334855403348 0.4322678843226788 0.258751902587519 0.1491628614916286
5 0.6118721461187214 0.6202435312024354 0.2070015220700152 0.1993911719939117