5 0.7907153729071538 0.39969604863221886 0.1354642313546423 0.11854103343465046
5 0.5570776255707762 0.648936170212766 0.1308980213089802 0.1337386018237082
5 0.697869101978691 0.6899696048632219 0.0898021308980213 0.1458966565349544
5 0.6757990867579908 0.5896656534954408 0.1491628614916286 0.10030395136778116
5 0.3188736681887367 0.8852583586626139 0.1050228310502283 0.11702127659574468
5 0.0700152207001522 0.912613981762918 0.1400304414003044 0.13829787234042554
0 0.73896499238965 0.8503039513677811 0.0837138508371385 0.08358662613981763
0 0.7161339421613394 0.9262917933130699 0.0684931506849315 0.05623100303951368
0 0.786910197869102 0.8951367781155015 0.060882800608828 0.06990881458966565
0 0.7671232876712328 0.9772036474164134 0.0882800608828006 0.04559270516717325
0 0.7975646879756468 0.9316109422492401 0.0517503805175038 0.057750759878419454
0 0.9353120243531202 0.4969604863221885 0.0593607305936073 0.0668693009118541
0 0.8767123287671232 0.5949848024316109 0.060882800608828 0.06838905775075987
0 0.9596651445966514 0.6139817629179332 0.0715372907153729 0.06990881458966565
0 0.9010654490106544 0.6512158054711246 0.0821917808219178 0.05927051671732523
0 0.8896499238964992 0.7173252279635258 0.0898021308980213 0.04559270516717325
0 0.9710806697108066 0.7302431610942249 0.0578386605783866 0.10486322188449848
0 0.9079147640791476 0.7864741641337386 0.0654490106544901 0.06838905775075987
1 0.08447488584474885 0.13221884498480244 0.1689497716894977 0.26443768996960487
1 0.2876712328767123 0.2256838905775076 0.228310502283105 0.16869300911854104
1 0.3904109589041096 0.4194528875379939 0.1598173515981735 0.1884498480243161
1 0.7572298325722984 0.19376899696048633 0.1933028919330289 0.19908814589665655
1 0.9345509893455098 0.037993920972644375 0.1308980213089802 0.07598784194528875
1 0.7701674277016742 0.044832826747720364 0.1461187214611872 0.08966565349544073
1 0.5996955859969558 0.0486322188449848 0.1552511415525114 0.0972644376899696
1 0.5136986301369864 0.189209726443769 0.1872146118721461 0.1717325227963526
1 0.6590563165905632 0.4156534954407295 0.136986301369863 0.14437689969604864
1 0.5334855403348554 0.4878419452887538 0.1080669710806697 0.1276595744680851
1 0.0730593607305936 0.42629179331306993 0.1461187214611872 0.27811550151975684
1 0.22907153729071536 0.5790273556231003 0.1111111111111111 0.20972644376899696
1 0.1841704718417047 0.7340425531914894 0.1461187214611872 0.11246200607902736
1 0.05555555555555555 0.7256838905775076 0.1111111111111111 0.1717325227963526
1 0.1933028919330289 0.8358662613981763 0.1126331811263318 0.1033434650455927
1 0.18645357686453576 0.9566869300911854 0.1659056316590563 0.08662613981762918
1 0.393455098934551 0.6808510638297872 0.1324200913242009 0.2188449848024316
1 0.5799086757990868 0.8024316109422492 0.1643835616438356 0.1458966565349544
1 0.4809741248097412 0.9240121580547113 0.15220700152207 0.1276595744680851
1 0.9246575342465754 0.9513677811550152 0.1506849315068493 0.0972644376899696
1 0.815068493150685 0.7986322188449848 0.1019786910197869 0.10790273556231003
1 0.9246575342465754 0.28495440729483285 0.0684931506849315 0.10790273556231003
0 0.9840182648401826 0.3404255319148936 0.0319634703196347 0.0486322188449848
0 0.9512937595129376 0.12006079027355623 0.0243531202435312 0.05167173252279635
0 0.9703196347031964 0.21428571428571427 0.0502283105022831 0.06382978723404255