1 0.2024353120243531 0.0852359208523592 0.1856925418569254 0.1704718417047184
1 0.573820395738204 0.0700152207001522 0.1796042617960426 0.1339421613394216
1 0.271689497716895 0.2876712328767123 0.2450532724505327 0.213089802130898
1 0.563165905631659 0.3599695585996956 0.1339421613394216 0.1050228310502283
1 0.6385083713850838 0.2884322678843227 0.1019786910197869 0.1354642313546423
1 0.15296803652968036 0.4794520547945205 0.1263318112633181 0.1461187214611872
1 0.9383561643835616 0.7785388127853882 0.1232876712328767 0.1598173515981735
5 0.3774733637747336 0.06773211567732115 0.1156773211567732 0.1354642313546423
5 0.04946727549467275 0.07686453576864535 0.0989345509893455 0.1537290715372907
5 0.5136986301369864 0.213089802130898 0.1202435312024353 0.1339421613394216
5 0.7800608828006088 0.1582952815829528 0.1415525114155251 0.1491628614916286
5 0.9101978691019786 0.3135464231354642 0.1796042617960426 0.2343987823439878
5 0.9079147640791476 0.604261796042618 0.1841704718417047 0.1582952815829528
5 0.6590563165905632 0.5 0.1430745814307458 0.1232876712328767
5 0.502283105022831 0.5905631659056316 0.1339421613394216 0.1461187214611872
5 0.3797564687975647 0.5007610350076104 0.1780821917808219 0.1613394216133942
5 0.1415525114155251 0.7290715372907154 0.1339421613394216 0.1552511415525114
5 0.2465753424657534 0.639269406392694 0.121765601217656 0.1248097412480974
5 0.271689497716895 0.9124809741248098 0.1232876712328767 0.1750380517503805
5 0.4535768645357686 0.9231354642313546 0.15220700152207 0.1537290715372907
5 0.8386605783866058 0.906392694063927 0.1461187214611872 0.1385083713850837
5 0.6719939117199392 0.7229832572298326 0.2602739726027397 0.2009132420091324
5 0.6659056316590564 0.9147640791476408 0.1811263318112633 0.1704718417047184