5 0.95662100456621 0.7047184170471842 0.0867579908675799 0.1278538812785388
0 0.9459665144596652 0.6012176560121766 0.0684931506849315 0.0365296803652968
5 0.2191780821917808 0.4444444444444444 0.136986301369863 0.1035007610350076
5 0.17579908675799086 0.3356164383561644 0.0776255707762557 0.0684931506849315
6 0.3850837138508371 0.11339421613394216 0.0121765601217656 0.0197869101978691
5 0.7290715372907154 0.4162861491628615 0.1948249619482496 0.2176560121765601
5 0.6377473363774734 0.16818873668188736 0.182648401826484 0.1263318112633181
5 0.8318112633181126 0.7937595129375952 0.0958904109589041 0.2420091324200913
5 0.969558599695586 0.9558599695585996 0.060882800608828 0.0821917808219178
5 0.8904109589041096 0.9619482496194824 0.0791476407914764 0.0669710806697108
5 0.684931506849315 0.9231354642313546 0.106544901065449 0.0989345509893455
5 0.799847792998478 0.9680365296803652 0.0776255707762557 0.0639269406392694
5 0.6742770167427702 0.7899543378995434 0.2100456621004566 0.182648401826484
5 0.7009132420091324 0.6004566210045662 0.1628614916286149 0.1202435312024353
5 0.0700152207001522 0.380517503805175 0.0852359208523592 0.0547945205479452
5 0.9208523592085236 0.4330289193302892 0.1491628614916286 0.2176560121765601
3 0.2656012176560122 0.7861491628614916 0.512937595129376 0.4003044140030441
5 0.4512937595129376 0.2100456621004566 0.1050228310502283 0.1187214611872146
5 0.3226788432267884 0.365296803652968 0.1400304414003044 0.1156773211567732
5 0.4155251141552511 0.5471841704718418 0.1856925418569254 0.0624048706240487
5 0.3691019786910198 0.4619482496194825 0.1111111111111111 0.0837138508371385
5 0.2671232876712329 0.5532724505327246 0.1628614916286149 0.1080669710806697