5 0.895738203957382 0.9452054794520548 0.1963470319634703 0.1095890410958904
7 0.04337899543378995 0.4383561643835616 0.0867579908675799 0.1095890410958904
7 0.2549467275494673 0.969558599695586 0.0958904109589041 0.060882800608828
1 0.6514459665144596 0.9406392694063926 0.1491628614916286 0.1187214611872146
1 0.0639269406392694 0.967275494672755 0.1278538812785388 0.0654490106544901
5 0.7496194824961948 0.2853881278538813 0.1993911719939117 0.2511415525114155
5 0.5426179604261796 0.2176560121765601 0.1293759512937595 0.2009132420091324
5 0.5920852359208524 0.1461187214611872 0.1126331811263318 0.1613394216133942
5 0.69558599695586 0.0578386605783866 0.0882800608828006 0.1126331811263318
5 0.6659056316590564 0.547945205479452 0.1385083713850837 0.121765601217656
0 0.05707762557077625 0.8767123287671232 0.1141552511415525 0.1004566210045662
0 0.05251141552511415 0.7519025875190258 0.1050228310502283 0.121765601217656
0 0.19254185692541856 0.91324200913242 0.0989345509893455 0.1156773211567732
0 0.1506849315068493 0.771689497716895 0.121765601217656 0.1004566210045662
0 0.3919330289193303 0.7168949771689498 0.1232876712328767 0.1308980213089802
0 0.3584474885844749 0.5449010654490106 0.2237442922374429 0.1704718417047184
0 0.5380517503805176 0.7298325722983258 0.1080669710806697 0.1385083713850837
0 0.756468797564688 0.898021308980213 0.0974124809741248 0.0730593607305936
0 0.7640791476407914 0.7990867579908676 0.106544901065449 0.106544901065449
0 0.9429223744292238 0.7899543378995434 0.1141552511415525 0.121765601217656
0 0.8401826484018264 0.708523592085236 0.1278538812785388 0.1415525114155251
0 0.8378995433789954 0.5669710806697108 0.1171993911719939 0.1506849315068493
0 0.9497716894977168 0.5449010654490106 0.0791476407914764 0.15220700152207
0 0.9025875190258752 0.45662100456621 0.121765601217656 0.1156773211567732
0 0.9025875190258752 0.24124809741248096 0.0669710806697108 0.1506849315068493
0 0.9619482496194824 0.2420091324200913 0.076103500761035 0.1461187214611872
0 0.9375951293759512 0.10882800608828005 0.1248097412480974 0.1141552511415525
0 0.8340943683409436 0.06164383561643835 0.15220700152207 0.1050228310502283
0 0.4117199391171994 0.14079147640791476 0.1202435312024353 0.1141552511415525
0 0.2922374429223744 0.0745814307458143 0.1491628614916286 0.1156773211567732
0 0.4482496194824962 0.0487062404870624 0.1111111111111111 0.0974124809741248
0 0.1263318112633181 0.6255707762557078 0.1035007610350076 0.1035007610350076
0 0.3911719939117199 0.875951293759513 0.1552511415525114 0.1506849315068493
0 0.5007610350076104 0.4299847792998478 0.15220700152207 0.1537290715372907