5 0.03875379939209726 0.03120243531202435 0.07750759878419453 0.0563165905631659
5 0.12006079027355623 0.1856925418569254 0.05167173252279635 0.0639269406392694
5 0.11474164133738601 0.1050228310502283 0.05927051671732523 0.0639269406392694
5 0.20212765957446807 0.04642313546423135 0.08206686930091185 0.0563165905631659
5 0.2127659574468085 0.16514459665144596 0.0729483282674772 0.0624048706240487
5 0.40577507598784196 0.0395738203957382 0.1398176291793313 0.0791476407914764
5 0.3161094224924012 0.1719939117199391 0.06990881458966565 0.0791476407914764
5 0.21200607902735563 0.2694063926940639 0.07142857142857142 0.0547945205479452
5 0.12006079027355623 0.3105022831050228 0.10030395136778116 0.0943683409436834
5 0.27203647416413373 0.3881278538812785 0.09422492401215805 0.0730593607305936
5 0.32598784194528874 0.2823439878234399 0.06838905775075987 0.0624048706240487
5 0.4072948328267477 0.23820395738203956 0.0668693009118541 0.0715372907153729
5 0.952887537993921 0.8614916286149162 0.09422492401215805 0.0821917808219178
5 0.9559270516717325 0.769406392694064 0.08814589665653495 0.0928462709284627
5 0.7477203647416414 0.9140030441400304 0.0790273556231003 0.0593607305936073
5 0.7917933130699089 0.9687975646879756 0.0851063829787234 0.0563165905631659
5 0.8024316109422492 0.893455098934551 0.0790273556231003 0.076103500761035
5 0.96580547112462 0.9710806697108066 0.06838905775075987 0.0578386605783866
5 0.6299392097264438 0.9535768645357686 0.08966565349544073 0.0715372907153729
5 0.6778115501519757 0.8599695585996956 0.06990881458966565 0.0700152207001522
5 0.1717325227963526 0.7146118721461188 0.0911854103343465 0.1050228310502283
5 0.0486322188449848 0.7709284627092846 0.08814589665653495 0.1263318112633181
5 0.26975683890577506 0.6719939117199392 0.08966565349544073 0.0837138508371385
5 0.9726443768996961 0.6400304414003044 0.0425531914893617 0.1476407914764079
5 0.8130699088145896 0.745814307458143 0.08206686930091185 0.0578386605783866
5 0.8525835866261399 0.8272450532724506 0.0790273556231003 0.0806697108066971
6 0.8077507598784195 0.0715372907153729 0.022796352583586626 0.0213089802130898
6 0.7530395136778115 0.2389649923896499 0.013677811550151976 0.0121765601217656
6 0.7150455927051672 0.2815829528158295 0.013677811550151976 0.015220700152207
6 0.7507598784194529 0.3508371385083714 0.015197568389057751 0.0197869101978691
7 0.6306990881458967 0.2420091324200913 0.0243161094224924 0.0182648401826484
7 0.8829787234042553 0.319634703196347 0.0364741641337386 0.030441400304414
7 0.9217325227963525 0.3447488584474886 0.031914893617021274 0.0319634703196347
7 0.8951367781155015 0.16210045662100456 0.0243161094224924 0.0228310502283105
6 0.8351063829787234 0.2831050228310502 0.016717325227963525 0.0182648401826484
6 0.8548632218844985 0.2343987823439878 0.016717325227963525 0.0213089802130898
6 0.8609422492401215 0.1811263318112633 0.010638297872340425 0.0091324200913242
6 0.7598784194528876 0.3089802130898021 0.00911854103343465 0.0121765601217656
6 0.6063829787234043 0.3980213089802131 0.015197568389057751 0.0136986301369863
6 0.5516717325227963 0.4497716894977169 0.015197568389057751 0.0136986301369863