5 0.8386605783866058 0.5364741641337386 0.3013698630136986 0.23708206686930092
5 0.3569254185692542 0.4004559270516717 0.3150684931506849 0.24468085106382978
5 0.9033485540334856 0.7142857142857143 0.1933028919330289 0.18541033434650456
5 0.9459665144596652 0.918693009118541 0.1050228310502283 0.10790273556231003
5 0.18493150684931506 0.07522796352583587 0.1719939117199391 0.135258358662614
5 0.5722983257229832 0.16869300911854104 0.167427701674277 0.1762917933130699
5 0.7792998477929984 0.2917933130699088 0.2557077625570776 0.24924012158054712
5 0.700152207001522 0.898936170212766 0.213089802130898 0.20212765957446807
5 0.4140030441400304 0.662613981762918 0.2009132420091324 0.22796352583586627
5 0.1659056316590563 0.5851063829787234 0.2404870624048706 0.24316109422492402
5 0.1643835616438356 0.8685410334346505 0.3165905631659056 0.2629179331306991
5 0.4596651445966514 0.918693009118541 0.2526636225266362 0.16261398176291794
5 0.19710806697108066 0.24164133738601823 0.1659056316590563 0.15501519756838905
5 0.3729071537290715 0.09042553191489362 0.1765601217656012 0.18085106382978725
5 0.10882800608828005 0.3799392097264438 0.1872146118721461 0.17325227963525835
5 0.3645357686453577 0.22036474164133737 0.2237442922374429 0.1519756838905775