5 0.601978691019787 0.606544901065449 0.0898021308980213 0.0989345509893455
5 0.0547945205479452 0.3219178082191781 0.0821917808219178 0.0958904109589041
5 0.14840182648401826 0.6704718417047184 0.0806697108066971 0.1080669710806697
5 0.0350076103500761 0.525875190258752 0.0700152207001522 0.1019786910197869
5 0.7366818873668188 0.4178082191780822 0.1187214611872146 0.1171993911719939
5 0.8919330289193302 0.3051750380517504 0.0700152207001522 0.0776255707762557
5 0.8340943683409436 0.730593607305936 0.0974124809741248 0.0852359208523592
5 0.7207001522070016 0.7526636225266362 0.0776255707762557 0.0684931506849315
5 0.5928462709284628 0.7313546423135464 0.0745814307458143 0.0684931506849315
5 0.954337899543379 0.8843226788432268 0.0821917808219178 0.0882800608828006
5 0.9512937595129376 0.7800608828006088 0.091324200913242 0.0837138508371385
7 0.3447488584474886 0.9550989345509894 0.0837138508371385 0.0776255707762557
7 0.806697108066971 0.04642313546423135 0.0852359208523592 0.0776255707762557
7 0.3736681887366819 0.6004566210045662 0.0593607305936073 0.0471841704718417
7 0.1887366818873668 0.20319634703196346 0.0517503805175038 0.0532724505327245
7 0.5235920852359208 0.2450532724505327 0.045662100456621 0.0334855403348554
7 0.5038051750380518 0.21385083713850836 0.0273972602739726 0.0289193302891933
7 0.5312024353120244 0.167427701674277 0.030441400304414 0.0365296803652968
6 0.5677321156773212 0.19710806697108066 0.030441400304414 0.0258751902587519
7 0.5958904109589042 0.16818873668188736 0.0380517503805175 0.0350076103500761
7 0.6035007610350076 0.0882800608828006 0.0289193302891933 0.0243531202435312
7 0.693302891933029 0.136986301369863 0.0289193302891933 0.030441400304414
7 0.4824961948249619 0.34779299847793 0.0365296803652968 0.0380517503805175
7 0.2511415525114155 0.5525114155251142 0.0578386605783866 0.0395738203957382
7 0.1796042617960426 0.9665144596651446 0.0334855403348554 0.0243531202435312
7 0.197869101978691 0.9444444444444444 0.0273972602739726 0.0228310502283105
7 0.7199391171993912 0.9223744292237442 0.0395738203957382 0.030441400304414
7 0.3729071537290715 0.3554033485540335 0.0487062404870624 0.0410958904109589
7 0.3462709284627093 0.439117199391172 0.0289193302891933 0.0289193302891933
7 0.3295281582952816 0.5144596651445966 0.0228310502283105 0.015220700152207
7 0.2519025875190259 0.3980213089802131 0.0258751902587519 0.0380517503805175
7 0.17427701674277016 0.4581430745814307 0.0380517503805175 0.045662100456621
7 0.5487062404870624 0.2922374429223744 0.0167427701674277 0.0243531202435312
6 0.3006088280060883 0.302130898021309 0.0258751902587519 0.0167427701674277
7 0.4178082191780822 0.4505327245053272 0.0350076103500761 0.0365296803652968
6 0.8318112633181126 0.21841704718417046 0.0136986301369863 0.0136986301369863
6 0.8576864535768646 0.19101978691019786 0.0258751902587519 0.0167427701674277
7 0.1202435312024353 0.9208523592085236 0.0669710806697108 0.0547945205479452