5 0.830289193302892 0.0441400304414003 0.0502283105022831 0.045662100456621
5 0.941400304414003 0.11948249619482496 0.0563165905631659 0.0532724505327245
5 0.9604261796042618 0.182648401826484 0.060882800608828 0.0426179604261796
5 0.987062404870624 0.136986301369863 0.0258751902587519 0.0426179604261796
5 0.8972602739726028 0.15220700152207 0.0441400304414003 0.0547945205479452
5 0.9155251141552512 0.24733637747336376 0.0563165905631659 0.0654490106544901
5 0.9794520547945206 0.2602739726027397 0.0410958904109589 0.0487062404870624
5 0.974124809741248 0.34779299847793 0.045662100456621 0.0532724505327245
5 0.9573820395738204 0.4101978691019787 0.0487062404870624 0.0471841704718417
5 0.0745814307458143 0.2838660578386606 0.0578386605783866 0.0745814307458143
5 0.1050228310502283 0.3797564687975647 0.0669710806697108 0.0745814307458143
5 0.06164383561643835 0.4611872146118721 0.0502283105022831 0.0669710806697108
5 0.030441400304414 0.571537290715373 0.060882800608828 0.0898021308980213
5 0.0745814307458143 0.6552511415525114 0.0882800608828006 0.0563165905631659
5 0.2511415525114155 0.03881278538812785 0.0487062404870624 0.0563165905631659
5 0.3394216133942161 0.03881278538812785 0.0700152207001522 0.0532724505327245
6 0.4923896499238965 0.2222222222222222 0.0228310502283105 0.0182648401826484
6 0.5007610350076104 0.1796042617960426 0.0121765601217656 0.0060882800608828
6 0.5076103500761036 0.1628614916286149 0.0197869101978691 0.0091324200913242
6 0.484779299847793 0.2549467275494673 0.0258751902587519 0.0228310502283105
6 0.4687975646879756 0.3181126331811263 0.015220700152207 0.0182648401826484
6 0.510654490106545 0.3622526636225266 0.0197869101978691 0.015220700152207
6 0.5494672754946728 0.3751902587519026 0.0213089802130898 0.0197869101978691