5 0.9185692541856926 0.3371385083713851 0.1445966514459665 0.1841704718417047
5 0.9596651445966514 0.5821917808219178 0.0806697108066971 0.1232876712328767
5 0.9033485540334856 0.8181126331811264 0.0928462709284627 0.0867579908675799
5 0.941400304414003 0.9535768645357686 0.1171993911719939 0.0928462709284627
5 0.6910197869101978 0.289193302891933 0.1339421613394216 0.1461187214611872
5 0.8074581430745814 0.09208523592085235 0.1445966514459665 0.1476407914764079
5 0.8181126331811264 0.5403348554033486 0.1354642313546423 0.1796042617960426
5 0.6400304414003044 0.4863013698630137 0.1202435312024353 0.1293759512937595
5 0.6415525114155252 0.6514459665144596 0.1385083713850837 0.1278538812785388
5 0.2009132420091324 0.6354642313546424 0.2070015220700152 0.1659056316590563
5 0.1187214611872146 0.8242009132420092 0.121765601217656 0.1202435312024353
5 0.2648401826484018 0.8995433789954338 0.1156773211567732 0.1156773211567732
5 0.4954337899543379 0.837138508371385 0.1750380517503805 0.1308980213089802
5 0.7678843226788432 0.7663622526636226 0.1171993911719939 0.1080669710806697
5 0.4292237442922374 0.5 0.15220700152207 0.1293759512937595
5 0.4132420091324201 0.6438356164383562 0.1050228310502283 0.1095890410958904