5 0.8462709284627092 0.4992401215805471 0.1035007610350076 0.10182370820668693
5 0.9429223744292238 0.5843465045592705 0.1141552511415525 0.11702127659574468
5 0.8873668188736682 0.8860182370820668 0.1643835616438356 0.08206686930091185
5 0.867579908675799 0.8069908814589666 0.1491628614916286 0.10638297872340426
5 0.9604261796042618 0.41717325227963525 0.0791476407914764 0.15045592705167174
5 0.8858447488584474 0.0790273556231003 0.2191780821917808 0.1519756838905775
5 0.6963470319634704 0.1884498480243161 0.1567732115677321 0.1094224924012158
5 0.6719939117199392 0.35790273556231 0.1567732115677321 0.12310030395136778
5 0.589041095890411 0.42325227963525835 0.1552511415525114 0.12006079027355623
5 0.487062404870624 0.5600303951367781 0.0974124809741248 0.09270516717325228
5 0.471841704718417 0.4635258358662614 0.106544901065449 0.06382978723404255
5 0.3744292237442922 0.5699088145896657 0.1400304414003044 0.14285714285714285
5 0.4459665144596651 0.851063829787234 0.1735159817351598 0.1337386018237082
5 0.6590563165905632 0.7948328267477204 0.1126331811263318 0.11550151975683891
5 0.6560121765601218 0.9285714285714286 0.1095890410958904 0.09422492401215805
5 0.7754946727549468 0.9308510638297872 0.0654490106544901 0.08054711246200608
5 0.4490106544901065 0.33890577507598785 0.1400304414003044 0.11550151975683891
5 0.5601217656012176 0.08282674772036475 0.15220700152207 0.12310030395136778
5 0.7047184170471842 0.07598784194528875 0.106544901065449 0.0851063829787234
5 0.5144596651445966 0.196048632218845 0.1187214611872146 0.10030395136778116
5 0.2709284627092846 0.36930091185410335 0.1187214611872146 0.09422492401215805
5 0.7123287671232876 0.6200607902735562 0.1400304414003044 0.0790273556231003
5 0.3637747336377473 0.9536474164133738 0.1613394216133942 0.08662613981762918