5 0.9483282674772037 0.05555555555555555 0.10030395136778116 0.0928462709284627
5 0.7819148936170213 0.12100456621004566 0.08966565349544073 0.1019786910197869
5 0.7682370820668692 0.23668188736681886 0.06534954407294832 0.0593607305936073
5 0.8700607902735562 0.22298325722983256 0.05623100303951368 0.0563165905631659
5 0.9544072948328267 0.2526636225266362 0.0486322188449848 0.0547945205479452
5 0.9650455927051672 0.1796042617960426 0.0668693009118541 0.0821917808219178
5 0.8267477203647416 0.3470319634703196 0.0790273556231003 0.0791476407914764
5 0.9088145896656535 0.4878234398782344 0.1033434650455927 0.0502283105022831
5 0.9270516717325228 0.4147640791476408 0.1398176291793313 0.0745814307458143
5 0.9247720364741642 0.3203957382039574 0.05623100303951368 0.0471841704718417
5 0.7530395136778115 0.541095890410959 0.17477203647416414 0.0928462709284627
5 0.7781155015197568 0.4665144596651446 0.1033434650455927 0.0654490106544901
5 0.9042553191489362 0.832572298325723 0.0911854103343465 0.0669710806697108
5 0.8837386018237082 0.7557077625570776 0.05319148936170213 0.0624048706240487
5 0.9346504559270516 0.730593607305936 0.0364741641337386 0.0639269406392694
5 0.9521276595744681 0.6560121765601218 0.07142857142857142 0.0639269406392694
5 0.9513677811550152 0.5753424657534246 0.06990881458966565 0.076103500761035
5 0.7401215805471124 0.6788432267884322 0.0547112462006079 0.0547945205479452
5 0.7401215805471124 0.6141552511415526 0.06382978723404255 0.0532724505327245
5 0.756838905775076 0.8432267884322678 0.0972644376899696 0.0791476407914764
5 0.7796352583586627 0.7579908675799086 0.0547112462006079 0.0547945205479452
5 0.8465045592705167 0.6864535768645358 0.0729483282674772 0.045662100456621
5 0.8229483282674772 0.6225266362252664 0.05319148936170213 0.0517503805175038
5 0.8556231003039514 0.9535768645357686 0.08206686930091185 0.0715372907153729
5 0.9582066869300911 0.9246575342465754 0.05623100303951368 0.0776255707762557
5 0.6656534954407295 0.7983257229832572 0.10638297872340426 0.0958904109589041
5 0.581306990881459 0.6103500761035008 0.11094224924012158 0.1187214611872146
5 0.4787234042553192 0.7115677321156774 0.07598784194528875 0.1050228310502283
5 0.43009118541033436 0.830289193302892 0.12158054711246201 0.0928462709284627
5 0.44832826747720367 0.9505327245053272 0.0851063829787234 0.0837138508371385
5 0.5592705167173252 0.8561643835616438 0.0851063829787234 0.0806697108066971
5 0.60790273556231 0.9482496194824962 0.0668693009118541 0.0395738203957382
5 0.7051671732522796 0.0441400304414003 0.0790273556231003 0.0730593607305936
5 0.05319148936170213 0.1689497716894977 0.10638297872340426 0.1156773211567732
5 0.031914893617021274 0.2770167427701674 0.04559270516717325 0.1004566210045662
7 0.1899696048632219 0.07990867579908675 0.0425531914893617 0.0410958904109589
6 0.3290273556231003 0.2831050228310502 0.019756838905775075 0.015220700152207
6 0.060790273556231005 0.4368340943683409 0.0182370820668693 0.015220700152207
7 0.19224924012158054 0.8158295281582952 0.041033434650455926 0.0273972602739726
7 0.10030395136778116 0.921613394216134 0.0364741641337386 0.0319634703196347
7 0.053951367781155016 0.952054794520548 0.016717325227963525 0.0350076103500761
7 0.09346504559270517 0.9680365296803652 0.028875379939209727 0.0334855403348554
6 0.15425531914893617 0.9155251141552512 0.025835866261398176 0.0136986301369863
6 0.14893617021276595 0.9786910197869102 0.0121580547112462 0.0091324200913242
6 0.17553191489361702 0.9680365296803652 0.013677811550151976 0.015220700152207
6 0.22644376899696048 0.9954337899543378 0.0182370820668693 0.0091324200913242
7 0.07522796352583587 0.8843226788432268 0.025835866261398176 0.0243531202435312