5 0.91324200913242 0.7785388127853882 0.1461187214611872 0.1080669710806697
5 0.9254185692541856 0.5996955859969558 0.1126331811263318 0.0974124809741248
5 0.7321156773211568 0.589041095890411 0.106544901065449 0.0943683409436834
5 0.7351598173515982 0.7792998477929984 0.0730593607305936 0.0730593607305936
1 0.5159817351598174 0.7245053272450532 0.0730593607305936 0.0730593607305936
5 0.8866057838660578 0.2222222222222222 0.0837138508371385 0.060882800608828
5 0.958904109589041 0.3729071537290715 0.0821917808219178 0.0700152207001522
5 0.8767123287671232 0.286910197869102 0.0791476407914764 0.0502283105022831
5 0.7785388127853882 0.3850837138508371 0.0654490106544901 0.0730593607305936
5 0.9627092846270928 0.4741248097412481 0.0745814307458143 0.0684931506849315
5 0.8280060882800608 0.4923896499238965 0.1248097412480974 0.0806697108066971
5 0.708523592085236 0.2762557077625571 0.0958904109589041 0.0806697108066971
5 0.8637747336377474 0.045662100456621 0.1293759512937595 0.0852359208523592
5 0.5677321156773212 0.03729071537290715 0.1339421613394216 0.0715372907153729
5 0.9748858447488584 0.06316590563165905 0.0502283105022831 0.1080669710806697
5 0.8006088280060882 0.1293759512937595 0.0974124809741248 0.0882800608828006
5 0.9687975646879756 0.2595129375951294 0.0624048706240487 0.0776255707762557
5 0.9375951293759512 0.9452054794520548 0.1248097412480974 0.1004566210045662
5 0.7579908675799086 0.939117199391172 0.167427701674277 0.1004566210045662
5 0.571537290715373 0.9573820395738204 0.1141552511415525 0.0852359208523592
7 0.03576864535768645 0.15296803652968036 0.0441400304414003 0.0471841704718417
7 0.0943683409436834 0.08143074581430745 0.0243531202435312 0.0380517503805175
7 0.10426179604261795 0.1202435312024353 0.0228310502283105 0.0334855403348554
7 0.1659056316590563 0.12252663622526636 0.0395738203957382 0.0319634703196347
7 0.1278538812785388 0.1750380517503805 0.0213089802130898 0.0273972602739726
7 0.0578386605783866 0.20624048706240486 0.0334855403348554 0.0258751902587519
7 0.12709284627092846 0.2503805175038052 0.0289193302891933 0.0228310502283105
7 0.0624048706240487 0.24733637747336376 0.0243531202435312 0.0258751902587519
7 0.0898021308980213 0.23363774733637746 0.0273972602739726 0.0197869101978691
7 0.0700152207001522 0.3135464231354642 0.015220700152207 0.0182648401826484
7 0.07686453576864535 0.2876712328767123 0.0197869101978691 0.0213089802130898
7 0.00989345509893455 0.271689497716895 0.0136986301369863 0.0197869101978691
7 0.04490106544901065 0.0289193302891933 0.0228310502283105 0.0243531202435312
7 0.07077625570776255 0.04185692541856925 0.0197869101978691 0.0258751902587519
7 0.03272450532724505 0.07077625570776255 0.0167427701674277 0.0167427701674277
7 0.0365296803652968 0.0471841704718417 0.0182648401826484 0.0182648401826484
7 0.18340943683409436 0.16057838660578386 0.0197869101978691 0.0167427701674277
7 0.07990867579908675 0.5220700152207002 0.0228310502283105 0.0182648401826484
7 0.12861491628614916 0.60882800608828 0.0167427701674277 0.0213089802130898
7 0.09665144596651445 0.3333333333333333 0.0136986301369863 0.0182648401826484
6 0.08295281582952815 0.7929984779299848 0.0136986301369863 0.0091324200913242
6 0.0776255707762557 0.6788432267884322 0.015220700152207 0.0121765601217656
6 0.0928462709284627 0.636986301369863 0.0121765601217656 0.0106544901065449
6 0.1400304414003044 0.5555555555555556 0.0243531202435312 0.0243531202435312
6 0.08143074581430745 0.4231354642313546 0.0136986301369863 0.0182648401826484
6 0.0989345509893455 0.4132420091324201 0.0182648401826484 0.0167427701674277
6 0.14231354642313546 0.4140030441400304 0.0167427701674277 0.0091324200913242
6 0.1308980213089802 0.3812785388127854 0.0121765601217656 0.0136986301369863
6 0.0319634703196347 0.3051750380517504 0.0182648401826484 0.0167427701674277
6 0.0045662100456621 0.3356164383561644 0.0091324200913242 0.0106544901065449
6 0.2861491628614916 0.2937595129375951 0.0182648401826484 0.0182648401826484
6 0.2678843226788432 0.3515981735159817 0.0121765601217656 0.0182648401826484
6 0.2039573820395738 0.3508371385083714 0.0091324200913242 0.0076103500761035
6 0.363013698630137 0.2450532724505327 0.0136986301369863 0.0182648401826484
6 0.3759512937595129 0.13013698630136986 0.0273972602739726 0.0197869101978691
6 0.24429223744292236 0.1308980213089802 0.0258751902587519 0.0243531202435312
6 0.22907153729071536 0.14231354642313546 0.0136986301369863 0.0106544901065449
6 0.3112633181126332 0.14231354642313546 0.0136986301369863 0.0167427701674277
6 0.2648401826484018 0.0547945205479452 0.0121765601217656 0.0121765601217656
6 0.1232876712328767 0.0060882800608828 0.0182648401826484 0.0121765601217656
6 0.1628614916286149 0.01598173515981735 0.0091324200913242 0.0106544901065449