3 0.9535768645357686 0.3972602739726027 0.0928462709284627 0.3226788432267884
5 0.0517503805175038 0.19254185692541856 0.0639269406392694 0.0624048706240487
5 0.06164383561643835 0.1050228310502283 0.0776255707762557 0.0700152207001522
5 0.02815829528158295 0.0319634703196347 0.0502283105022831 0.060882800608828
5 0.0958904109589041 0.0289193302891933 0.0700152207001522 0.0517503805175038
5 0.1963470319634703 0.1948249619482496 0.1552511415525114 0.076103500761035
5 0.1613394216133942 0.1080669710806697 0.076103500761035 0.0639269406392694
5 0.289193302891933 0.0730593607305936 0.106544901065449 0.0730593607305936
5 0.3904109589041096 0.04642313546423135 0.1050228310502283 0.0684931506849315
5 0.578386605783866 0.02815829528158295 0.1765601217656012 0.0563165905631659
5 0.545662100456621 0.14383561643835616 0.1354642313546423 0.1080669710806697
5 0.3538812785388128 0.1902587519025875 0.1354642313546423 0.1308980213089802
5 0.9048706240487062 0.05251141552511415 0.1902587519025875 0.0989345509893455
5 0.6925418569254186 0.1354642313546423 0.1126331811263318 0.1095890410958904
5 0.7968036529680366 0.1856925418569254 0.1263318112633181 0.1308980213089802
5 0.4855403348554033 0.317351598173516 0.0943683409436834 0.0684931506849315
5 0.5684931506849316 0.5060882800608828 0.1385083713850837 0.1354642313546423
5 0.532724505327245 0.3873668188736682 0.1004566210045662 0.0837138508371385
5 0.6012176560121766 0.3127853881278539 0.106544901065449 0.1111111111111111
5 0.7161339421613394 0.2983257229832572 0.1232876712328767 0.1461187214611872
5 0.6727549467275494 0.4368340943683409 0.1035007610350076 0.1035007610350076
5 0.487062404870624 0.5312024353120244 0.0852359208523592 0.1095890410958904
5 0.8226788432267884 0.4520547945205479 0.1202435312024353 0.167427701674277
5 0.6940639269406392 0.5441400304414004 0.1004566210045662 0.0958904109589041
5 0.7990867579908676 0.6004566210045662 0.091324200913242 0.0989345509893455
5 0.6506849315068494 0.665144596651446 0.1263318112633181 0.1187214611872146
5 0.4406392694063927 0.7465753424657534 0.1263318112633181 0.1659056316590563
5 0.5182648401826484 0.6704718417047184 0.0898021308980213 0.1171993911719939
5 0.6012176560121766 0.7922374429223744 0.1308980213089802 0.1171993911719939
5 0.4094368340943683 0.9223744292237442 0.15220700152207 0.1248097412480974
5 0.5753424657534246 0.9094368340943684 0.15220700152207 0.1050228310502283
5 0.9254185692541856 0.867579908675799 0.1461187214611872 0.1095890410958904
5 0.9353120243531202 0.9558599695585996 0.1293759512937595 0.0791476407914764
5 0.7640791476407914 0.9452054794520548 0.1491628614916286 0.1095890410958904
5 0.7701674277016742 0.7480974124809742 0.1461187214611872 0.1598173515981735
5 0.12252663622526636 0.3729071537290715 0.1171993911719939 0.0791476407914764
5 0.11643835616438356 0.302130898021309 0.1050228310502283 0.0715372907153729
5 0.23211567732115676 0.3295281582952816 0.1202435312024353 0.0745814307458143