5 0.8668188736681888 0.22754946727549466 0.1111111111111111 0.1232876712328767
5 0.6887366818873668 0.15144596651445966 0.1080669710806697 0.1111111111111111
5 0.6004566210045662 0.18188736681887366 0.0928462709284627 0.0745814307458143
5 0.6712328767123288 0.2861491628614916 0.0852359208523592 0.0943683409436834
5 0.7579908675799086 0.24581430745814306 0.0730593607305936 0.1476407914764079
5 0.8926940639269406 0.0654490106544901 0.1232876712328767 0.1248097412480974
5 0.7823439878234398 0.11187214611872145 0.0669710806697108 0.0989345509893455
5 0.9421613394216134 0.3911719939117199 0.1095890410958904 0.1400304414003044
5 0.8242009132420092 0.34779299847793 0.1019786910197869 0.0928462709284627
5 0.69558599695586 0.4604261796042618 0.0943683409436834 0.0837138508371385
5 0.863013698630137 0.4794520547945205 0.1917808219178082 0.1095890410958904
5 0.9467275494672754 0.6141552511415526 0.091324200913242 0.0928462709284627
5 0.8873668188736682 0.6796042617960426 0.0791476407914764 0.0593607305936073
5 0.971841704718417 0.7054794520547946 0.0471841704718417 0.0502283105022831
5 0.3158295281582953 0.9353120243531202 0.1841704718417047 0.0989345509893455
5 0.13622526636225266 0.9353120243531202 0.0958904109589041 0.1080669710806697
5 0.0487062404870624 0.9665144596651446 0.060882800608828 0.0395738203957382
5 0.604261796042618 0.9764079147640792 0.1126331811263318 0.0319634703196347
5 0.773972602739726 0.9855403348554034 0.1202435312024353 0.0228310502283105
0 0.0487062404870624 0.16057838660578386 0.0821917808219178 0.2328767123287671
0 0.9208523592085236 0.952054794520548 0.076103500761035 0.0471841704718417
0 0.9505327245053272 0.8926940639269406 0.0837138508371385 0.0471841704718417
0 0.9657534246575342 0.834855403348554 0.0593607305936073 0.0410958904109589
0 0.9025875190258752 0.7945205479452054 0.0547945205479452 0.0517503805175038
0 0.9619482496194824 0.791476407914764 0.0426179604261796 0.0426179604261796
0 0.8181126331811264 0.8926940639269406 0.0654490106544901 0.0380517503805175
0 0.7519025875190258 0.84779299847793 0.060882800608828 0.045662100456621
0 0.8318112633181126 0.7290715372907154 0.0715372907153729 0.0639269406392694
0 0.8234398782343988 0.8006088280060882 0.091324200913242 0.060882800608828
0 0.6430745814307458 0.906392694063927 0.0745814307458143 0.0532724505327245
0 0.6811263318112634 0.9786910197869102 0.0289193302891933 0.0273972602739726
0 0.5045662100456622 0.9680365296803652 0.0593607305936073 0.0547945205479452
0 0.4406392694063927 0.9231354642313546 0.0502283105022831 0.0532724505327245
0 0.5015220700152208 0.8942161339421614 0.0684931506849315 0.0715372907153729
0 0.3888888888888889 0.845509893455099 0.0684931506849315 0.0441400304414003
0 0.4147640791476408 0.723744292237443 0.0684931506849315 0.0441400304414003
0 0.3036529680365297 0.7907153729071538 0.0715372907153729 0.0684931506849315
0 0.4840182648401826 0.684931506849315 0.0700152207001522 0.0426179604261796
0 0.4284627092846271 0.6111111111111112 0.0715372907153729 0.0593607305936073
0 0.2998477929984779 0.6438356164383562 0.076103500761035 0.091324200913242
0 0.532724505327245 0.58675799086758 0.0639269406392694 0.0715372907153729
0 0.6948249619482496 0.601978691019787 0.0502283105022831 0.0502283105022831
0 0.7800608828006088 0.6643835616438356 0.0624048706240487 0.0471841704718417
0 0.7191780821917808 0.7016742770167428 0.0471841704718417 0.0395738203957382
0 0.4330289193302892 0.3287671232876712 0.0806697108066971 0.0852359208523592
0 0.5624048706240488 0.441400304414003 0.0441400304414003 0.0578386605783866
0 0.4923896499238965 0.487062404870624 0.0410958904109589 0.045662100456621
0 0.34779299847793 0.4604261796042618 0.0928462709284627 0.0532724505327245
0 0.319634703196347 0.5570776255707762 0.1035007610350076 0.0273972602739726
0 0.4330289193302892 0.532724505327245 0.0684931506849315 0.0395738203957382
0 0.3744292237442922 0.4162861491628615 0.0852359208523592 0.0380517503805175
0 0.4512937595129376 0.3843226788432268 0.0624048706240487 0.0167427701674277
0 0.515220700152207 0.410958904109589 0.0350076103500761 0.0547945205479452
0 0.563165905631659 0.5190258751902588 0.0517503805175038 0.0395738203957382
0 0.6278538812785388 0.830289193302892 0.0593607305936073 0.0624048706240487
0 0.6133942161339422 0.7298325722983258 0.0639269406392694 0.0350076103500761
0 0.5334855403348554 0.76103500761035 0.0624048706240487 0.0426179604261796
0 0.4436834094368341 0.7899543378995434 0.0684931506849315 0.0334855403348554
0 0.512937595129376 0.834855403348554 0.0487062404870624 0.0350076103500761
0 0.621765601217656 0.5684931506849316 0.0471841704718417 0.0441400304414003