5 0.7416413373860182 0.05098934550989345 0.08814589665653495 0.0837138508371385
5 0.6344984802431611 0.03881278538812785 0.07142857142857142 0.0654490106544901
5 0.6595744680851063 0.19863013698630136 0.0547112462006079 0.0684931506849315
5 0.7378419452887538 0.16818873668188736 0.07142857142857142 0.0684931506849315
5 0.8411854103343465 0.15601217656012176 0.05623100303951368 0.0745814307458143
5 0.53419452887538 0.3759512937595129 0.07142857142857142 0.0669710806697108
5 0.6291793313069909 0.408675799086758 0.0547112462006079 0.0684931506849315
5 0.6337386018237082 0.3386605783866058 0.07598784194528875 0.0745814307458143
5 0.7340425531914894 0.2785388127853881 0.07598784194528875 0.076103500761035
5 0.5159574468085106 0.2640791476407915 0.05319148936170213 0.0563165905631659
5 0.5030395136778115 0.5928462709284628 0.06990881458966565 0.0745814307458143
5 0.3898176291793313 0.6057838660578386 0.06231003039513678 0.0669710806697108
5 0.4072948328267477 0.5312024353120244 0.0668693009118541 0.060882800608828
5 0.520516717325228 0.9025875190258752 0.08966565349544073 0.106544901065449
5 0.3609422492401216 0.8835616438356164 0.08662613981762918 0.0837138508371385
5 0.3913373860182371 0.971841704718417 0.06534954407294832 0.0410958904109589
5 0.18161094224924013 0.9162861491628614 0.09574468085106383 0.0700152207001522
7 0.8936170212765957 0.6012176560121766 0.02735562310030395 0.030441400304414
7 0.7165653495440729 0.6894977168949772 0.041033434650455926 0.0517503805175038
7 0.7872340425531915 0.6050228310502284 0.0182370820668693 0.0258751902587519
7 0.8085106382978723 0.69558599695586 0.03343465045592705 0.030441400304414
7 0.7796352583586627 0.7534246575342466 0.015197568389057751 0.0182648401826484
7 0.8115501519756839 0.7473363774733638 0.0243161094224924 0.0273972602739726
7 0.8806990881458967 0.4003044140030441 0.041033434650455926 0.030441400304414
7 0.9817629179331308 0.619482496194825 0.0243161094224924 0.0243531202435312
7 0.9870820668693009 0.547945205479452 0.022796352583586626 0.030441400304414
5 0.9772036474164134 0.03729071537290715 0.04559270516717325 0.0563165905631659
6 0.8662613981762918 0.02511415525114155 0.02127659574468085 0.0136986301369863
6 0.9414893617021277 0.3105022831050228 0.013677811550151976 0.015220700152207
6 0.9810030395136778 0.317351598173516 0.010638297872340425 0.0136986301369863
6 0.8480243161094225 0.365296803652968 0.02127659574468085 0.0182648401826484
6 0.8928571428571429 0.3576864535768645 0.016717325227963525 0.0182648401826484
6 0.8343465045592705 0.3249619482496195 0.0182370820668693 0.0197869101978691
6 0.7606382978723404 0.3835616438356164 0.013677811550151976 0.0121765601217656
6 0.7864741641337386 0.3835616438356164 0.019756838905775075 0.0121765601217656
7 0.8183890577507599 0.4627092846270928 0.025835866261398176 0.0213089802130898
6 0.8639817629179332 0.4474885844748858 0.010638297872340425 0.0121765601217656
7 0.9072948328267477 0.5441400304414004 0.0243161094224924 0.0258751902587519
7 0.9369300911854104 0.5799086757990868 0.025835866261398176 0.0182648401826484
7 0.8844984802431611 0.6689497716894978 0.015197568389057751 0.0167427701674277
7 0.9080547112462006 0.7009132420091324 0.016717325227963525 0.0197869101978691
7 0.939209726443769 0.7488584474885844 0.015197568389057751 0.015220700152207
7 0.9566869300911854 0.7732115677321156 0.013677811550151976 0.015220700152207
7 0.8267477203647416 0.8378995433789954 0.02127659574468085 0.0228310502283105
7 0.7963525835866262 0.8249619482496194 0.0182370820668693 0.015220700152207
7 0.8632218844984803 0.8797564687975646 0.0182370820668693 0.0182648401826484
7 0.8776595744680851 0.8554033485540334 0.016717325227963525 0.015220700152207
7 0.9004559270516718 0.8843226788432268 0.010638297872340425 0.0121765601217656
6 0.8183890577507599 0.9840182648401826 0.013677811550151976 0.0136986301369863
6 0.8016717325227963 0.9550989345509894 0.010638297872340425 0.0106544901065449
6 0.7553191489361702 0.8028919330289194 0.0121580547112462 0.0136986301369863