5 0.5700152207001522 0.617199391171994 0.0928462709284627 0.0715372907153729
5 0.6400304414003044 0.7572298325722984 0.0745814307458143 0.1019786910197869
5 0.5312024353120244 0.7351598173515982 0.0730593607305936 0.076103500761035
5 0.4756468797564688 0.8340943683409436 0.0867579908675799 0.0700152207001522
5 0.8515981735159818 0.7937595129375952 0.0989345509893455 0.0806697108066971
7 0.8660578386605784 0.593607305936073 0.1126331811263318 0.0821917808219178
5 0.2777777777777778 0.850076103500761 0.0684931506849315 0.0654490106544901
5 0.3599695585996956 0.863013698630137 0.0806697108066971 0.076103500761035
5 0.2595129375951294 0.9124809741248098 0.0837138508371385 0.0502283105022831
5 0.04794520547945205 0.6735159817351598 0.0837138508371385 0.0806697108066971
5 0.0410958904109589 0.8401826484018264 0.0730593607305936 0.076103500761035
5 0.136986301369863 0.971841704718417 0.0730593607305936 0.0532724505327245
5 0.2762557077625571 0.9802130898021308 0.0867579908675799 0.0395738203957382
5 0.4368340943683409 0.967275494672755 0.0700152207001522 0.0593607305936073
5 0.5570776255707762 0.9315068493150684 0.0791476407914764 0.1035007610350076
5 0.7572298325722984 0.865296803652968 0.0715372907153729 0.0654490106544901
5 0.6834094368340944 0.9010654490106544 0.0426179604261796 0.0578386605783866
5 0.7633181126331812 0.9337899543378996 0.0715372907153729 0.0593607305936073
5 0.669710806697108 0.95662100456621 0.0700152207001522 0.0441400304414003
1 0.1476407914764079 0.8995433789954338 0.0669710806697108 0.0487062404870624
1 0.1628614916286149 0.8226788432267884 0.0730593607305936 0.0563165905631659
5 0.2313546423135464 0.7549467275494672 0.0700152207001522 0.0730593607305936
6 0.286910197869102 0.5388127853881278 0.0228310502283105 0.0213089802130898
7 0.1004566210045662 0.4771689497716895 0.0365296803652968 0.0380517503805175
6 0.256468797564688 0.5852359208523592 0.0136986301369863 0.0106544901065449
6 0.15449010654490106 0.5502283105022832 0.0197869101978691 0.0197869101978691
6 0.3378995433789954 0.5829528158295282 0.0213089802130898 0.0182648401826484
7 0.4558599695585997 0.5487062404870624 0.0715372907153729 0.0776255707762557
5 0.8706240487062404 0.3462709284627093 0.0791476407914764 0.0654490106544901
0 0.982496194824962 0.4041095890410959 0.0350076103500761 0.0441400304414003
0 0.9687975646879756 0.3120243531202435 0.0624048706240487 0.0426179604261796
0 0.9855403348554034 0.24277016742770166 0.0289193302891933 0.0289193302891933
0 0.8394216133942162 0.06773211567732115 0.0593607305936073 0.1354642313546423
0 0.6263318112633182 0.0593607305936073 0.0319634703196347 0.0974124809741248
0 0.680365296803653 0.0745814307458143 0.0578386605783866 0.091324200913242
0 0.6834094368340944 0.015220700152207 0.0669710806697108 0.030441400304414
0 0.7686453576864536 0.07838660578386605 0.091324200913242 0.0532724505327245
0 0.754185692541857 0.03576864535768645 0.0776255707762557 0.0502283105022831
0 0.91324200913242 0.03120243531202435 0.0730593607305936 0.0624048706240487
0 0.5273972602739726 0.0289193302891933 0.1019786910197869 0.0547945205479452
0 0.454337899543379 0.0121765601217656 0.0837138508371385 0.0243531202435312
0 0.3424657534246575 0.02511415525114155 0.076103500761035 0.0502283105022831
0 0.3987823439878234 0.04185692541856925 0.060882800608828 0.0532724505327245
0 0.4756468797564688 0.08599695585996955 0.0745814307458143 0.0867579908675799
0 0.4094368340943683 0.10730593607305935 0.0578386605783866 0.0563165905631659
0 0.0517503805175038 0.03576864535768645 0.0243531202435312 0.0258751902587519
0 0.05707762557077625 0.00837138508371385 0.0563165905631659 0.0167427701674277
0 0.1126331811263318 0.0578386605783866 0.0517503805175038 0.0365296803652968
0 0.10426179604261795 0.0136986301369863 0.0502283105022831 0.0273972602739726
0 0.13318112633181126 0.10882800608828005 0.0532724505327245 0.0502283105022831
0 0.0745814307458143 0.1902587519025875 0.0730593607305936 0.0639269406392694
0 0.2732115677321157 0.1263318112633181 0.0380517503805175 0.0487062404870624
0 0.2990867579908676 0.0776255707762557 0.0624048706240487 0.060882800608828
0 0.2526636225266362 0.0273972602739726 0.0426179604261796 0.0547945205479452
0 0.1750380517503805 0.0289193302891933 0.0578386605783866 0.0395738203957382
0 0.2024353120243531 0.07838660578386605 0.0639269406392694 0.0532724505327245
0 0.1567732115677321 0.15296803652968036 0.0395738203957382 0.0471841704718417
0 0.1567732115677321 0.21080669710806696 0.0578386605783866 0.0532724505327245
0 0.2009132420091324 0.1324200913242009 0.030441400304414 0.0273972602739726
0 0.2267884322678843 0.23059360730593606 0.0578386605783866 0.0532724505327245
0 0.2503805175038052 0.1948249619482496 0.0471841704718417 0.045662100456621
0 0.3409436834094368 0.1582952815829528 0.0882800608828006 0.0547945205479452
0 0.3599695585996956 0.0989345509893455 0.0441400304414003 0.060882800608828
0 0.3645357686453577 0.23211567732115676 0.1202435312024353 0.0867579908675799
0 0.1445966514459665 0.3333333333333333 0.076103500761035 0.060882800608828
0 0.1704718417047184 0.2846270928462709 0.045662100456621 0.0639269406392694
0 0.3036529680365297 0.3006088280060883 0.0684931506849315 0.0837138508371385
0 0.24429223744292236 0.3295281582952816 0.0624048706240487 0.0989345509893455
7 0.5083713850837138 0.197869101978691 0.0821917808219178 0.0852359208523592
5 0.4687975646879756 0.2975646879756469 0.0700152207001522 0.0624048706240487
5 0.5616438356164384 0.2990867579908676 0.091324200913242 0.0745814307458143
5 0.5312024353120244 0.3774733637747336 0.0639269406392694 0.0547945205479452
5 0.4581430745814307 0.3751902587519026 0.0578386605783866 0.0563165905631659
7 0.2343987823439878 0.4269406392694064 0.1187214611872146 0.0624048706240487
7 0.01902587519025875 0.4368340943683409 0.0350076103500761 0.0578386605783866
7 0.0136986301369863 0.2496194824961948 0.0273972602739726 0.1035007610350076
7 0.8835616438356164 0.4817351598173516 0.0471841704718417 0.0532724505327245
6 0.7686453576864536 0.4528158295281583 0.0213089802130898 0.0167427701674277
6 0.8105022831050228 0.4535768645357686 0.0197869101978691 0.0213089802130898
6 0.6575342465753424 0.4961948249619482 0.015220700152207 0.0182648401826484
6 0.6872146118721462 0.3607305936073059 0.0136986301369863 0.015220700152207
6 0.6385083713850838 0.4178082191780822 0.0106544901065449 0.0136986301369863
6 0.728310502283105 0.4619482496194825 0.0319634703196347 0.0197869101978691
6 0.7047184170471842 0.5182648401826484 0.0213089802130898 0.0136986301369863
6 0.7070015220700152 0.5015220700152208 0.0136986301369863 0.0106544901065449
6 0.784627092846271 0.4824961948249619 0.0197869101978691 0.0182648401826484
0 0.9863013698630136 0.484779299847793 0.0273972602739726 0.0319634703196347
0 0.982496194824962 0.5251141552511416 0.0350076103500761 0.045662100456621
5 0.9710806697108066 0.8417047184170472 0.0578386605783866 0.0882800608828006
1 0.9406392694063926 0.9558599695585996 0.0821917808219178 0.060882800608828