5 0.12100456621004566 0.05555555555555555 0.1111111111111111 0.0928462709284627
5 0.2983257229832572 0.03881278538812785 0.136986301369863 0.0776255707762557
5 0.4284627092846271 0.13013698630136986 0.1415525114155251 0.1293759512937595
5 0.593607305936073 0.1156773211567732 0.0791476407914764 0.1400304414003044
5 0.08143074581430745 0.13774733637747336 0.1019786910197869 0.1050228310502283
5 0.2450532724505327 0.2146118721461187 0.0943683409436834 0.0943683409436834
5 0.0730593607305936 0.2374429223744292 0.1035007610350076 0.0578386605783866
5 0.0350076103500761 0.3181126331811263 0.0700152207001522 0.106544901065449
5 0.1689497716894977 0.3493150684931507 0.136986301369863 0.1263318112633181
5 0.0273972602739726 0.4071537290715373 0.0547945205479452 0.0502283105022831
5 0.05403348554033485 0.5136986301369864 0.1050228310502283 0.1385083713850837
5 0.17123287671232876 0.4741248097412481 0.1111111111111111 0.0928462709284627
5 0.2990867579908676 0.563165905631659 0.1263318112633181 0.1735159817351598
5 0.06012176560121765 0.6773211567732116 0.1171993911719939 0.1308980213089802
5 0.2115677321156773 0.6834094368340944 0.1461187214611872 0.1582952815829528
5 0.12404870624048706 0.7907153729071538 0.1841704718417047 0.1141552511415525
5 0.4558599695585997 0.5996955859969558 0.1202435312024353 0.1430745814307458
5 0.4117199391171994 0.271689497716895 0.0806697108066971 0.0745814307458143
5 0.3280060882800609 0.3645357686453577 0.1050228310502283 0.0867579908675799
5 0.4459665144596651 0.3637747336377473 0.1095890410958904 0.1156773211567732
5 0.5487062404870624 0.2404870624048706 0.1202435312024353 0.1248097412480974
5 0.573820395738204 0.441400304414003 0.1095890410958904 0.106544901065449
5 0.9474885844748858 0.8850837138508372 0.0989345509893455 0.1993911719939117
5 0.639269406392694 0.8736681887366818 0.1582952815829528 0.1491628614916286
5 0.9056316590563166 0.5806697108066972 0.1035007610350076 0.1171993911719939
5 0.7876712328767124 0.5951293759512938 0.1111111111111111 0.121765601217656
5 0.6864535768645358 0.6598173515981736 0.1126331811263318 0.0989345509893455
5 0.6057838660578386 0.573820395738204 0.1156773211567732 0.0821917808219178
5 0.4832572298325723 0.7557077625570776 0.1202435312024353 0.0898021308980213
5 0.3432267884322679 0.7701674277016742 0.1019786910197869 0.0821917808219178
5 0.3066971080669711 0.9140030441400304 0.0898021308980213 0.0898021308980213
5 0.4375951293759513 0.9033485540334856 0.1171993911719939 0.0958904109589041
5 0.819634703196347 0.7572298325722984 0.1293759512937595 0.0958904109589041
5 0.865296803652968 0.4299847792998478 0.1050228310502283 0.1202435312024353
5 0.7207001522070016 0.4535768645357686 0.1080669710806697 0.1248097412480974
5 0.8424657534246576 0.0776255707762557 0.1598173515981735 0.1461187214611872
5 0.7929984779299848 0.24885844748858446 0.0943683409436834 0.1445966514459665
5 0.6948249619482496 0.1872146118721461 0.0532724505327245 0.0943683409436834