7 0.7047184170471842 0.5753424657534246 0.1035007610350076 0.0943683409436834
7 0.726027397260274 0.693302891933029 0.0852359208523592 0.0684931506849315
7 0.6659056316590564 0.2762557077625571 0.0867579908675799 0.0806697108066971
7 0.6552511415525114 0.1643835616438356 0.0958904109589041 0.0639269406392694
0 0.9680365296803652 0.04185692541856925 0.0639269406392694 0.0806697108066971
0 0.8668188736681888 0.0213089802130898 0.0654490106544901 0.0395738203957382
5 0.8888888888888888 0.11948249619482496 0.0791476407914764 0.0532724505327245
5 0.8333333333333334 0.16818873668188736 0.0654490106544901 0.0776255707762557
5 0.9307458143074582 0.18949771689497716 0.0989345509893455 0.0684931506849315
5 0.8721461187214612 0.24429223744292236 0.1187214611872146 0.0624048706240487
5 0.9649923896499238 0.2656012176560122 0.0395738203957382 0.0380517503805175
5 0.8987823439878234 0.2998477929984779 0.0806697108066971 0.0639269406392694
1 0.7267884322678844 0.9155251141552512 0.0837138508371385 0.0502283105022831
1 0.7937595129375952 0.8926940639269406 0.0532724505327245 0.0532724505327245
1 0.624048706240487 0.9353120243531202 0.0547945205479452 0.0532724505327245
1 0.6879756468797564 0.9642313546423136 0.0639269406392694 0.0441400304414003
5 0.8028919330289194 0.9482496194824962 0.0532724505327245 0.045662100456621
5 0.8683409436834094 0.9581430745814308 0.0684931506849315 0.0654490106544901
5 0.9041095890410958 0.817351598173516 0.076103500761035 0.0821917808219178
5 0.9703196347031964 0.8584474885844748 0.0593607305936073 0.0943683409436834
5 0.9604261796042618 0.73896499238965 0.0791476407914764 0.0684931506849315
6 0.0852359208523592 0.9094368340943684 0.0273972602739726 0.0289193302891933
6 0.0532724505327245 0.9497716894977168 0.0273972602739726 0.0273972602739726
6 0.09665144596651445 0.9756468797564688 0.0350076103500761 0.0365296803652968
6 0.14840182648401826 0.974124809741248 0.0350076103500761 0.0334855403348554
6 0.23972602739726026 0.9383561643835616 0.0228310502283105 0.0350076103500761
6 0.2701674277016743 0.9185692541856926 0.0289193302891933 0.0258751902587519
6 0.2480974124809741 0.8964992389649924 0.0243531202435312 0.0243531202435312
6 0.273972602739726 0.7990867579908676 0.0365296803652968 0.0334855403348554
6 0.10121765601217655 0.8013698630136986 0.0441400304414003 0.0289193302891933
6 0.060882800608828 0.7724505327245054 0.0365296803652968 0.0532724505327245
6 0.01750380517503805 0.8668188736681888 0.0289193302891933 0.0319634703196347
6 0.04185692541856925 0.8888888888888888 0.0228310502283105 0.0213089802130898
6 0.0487062404870624 0.921613394216134 0.0426179604261796 0.0167427701674277
6 0.0943683409436834 0.8546423135464232 0.0243531202435312 0.0228310502283105
6 0.06012176560121765 0.878234398782344 0.0167427701674277 0.0182648401826484
6 0.1948249619482496 0.7968036529680366 0.0182648401826484 0.0136986301369863
6 0.18493150684931506 0.8242009132420092 0.0167427701674277 0.0167427701674277
6 0.14687975646879756 0.8592085235920852 0.0136986301369863 0.0228310502283105
6 0.13318112633181126 0.8158295281582952 0.0197869101978691 0.0182648401826484
6 0.12861491628614916 0.7640791476407914 0.0197869101978691 0.0273972602739726
6 0.21841704718417046 0.6940639269406392 0.0228310502283105 0.0243531202435312
6 0.2070015220700152 0.7191780821917808 0.0213089802130898 0.0197869101978691
6 0.1156773211567732 0.7077625570776256 0.015220700152207 0.0213089802130898
6 0.0730593607305936 0.6940639269406392 0.0213089802130898 0.0182648401826484
6 0.06468797564687975 0.6598173515981736 0.0289193302891933 0.0228310502283105
6 0.03729071537290715 0.7184170471841704 0.0380517503805175 0.0365296803652968
6 0.0045662100456621 0.7161339421613394 0.0091324200913242 0.0441400304414003
6 0.13622526636225266 0.6407914764079148 0.0228310502283105 0.0182648401826484
6 0.10882800608828005 0.606544901065449 0.0167427701674277 0.0167427701674277
6 0.17123287671232876 0.5882800608828006 0.0167427701674277 0.0136986301369863
6 0.10882800608828005 0.5494672754946728 0.0167427701674277 0.0121765601217656
6 0.0745814307458143 0.5844748858447488 0.0182648401826484 0.0213089802130898
6 0.060882800608828 0.5068493150684932 0.0243531202435312 0.0243531202435312
7 0.21537290715372906 0.2929984779299848 0.0319634703196347 0.0228310502283105
7 0.2222222222222222 0.3470319634703196 0.0273972602739726 0.045662100456621
7 0.3051750380517504 0.2640791476407915 0.0319634703196347 0.0319634703196347
7 0.3660578386605784 0.18036529680365296 0.0197869101978691 0.0197869101978691
7 0.3561643835616438 0.395738203957382 0.0121765601217656 0.0213089802130898
7 0.3356164383561644 0.3888888888888889 0.0197869101978691 0.0197869101978691
7 0.3219178082191781 0.4124809741248097 0.0136986301369863 0.0182648401826484
7 0.4657534246575342 0.228310502283105 0.030441400304414 0.0243531202435312
7 0.469558599695586 0.273972602739726 0.0350076103500761 0.0182648401826484
7 0.4809741248097412 0.3165905631659056 0.0213089802130898 0.030441400304414
7 0.5296803652968036 0.18949771689497716 0.0273972602739726 0.0258751902587519
7 0.5525114155251142 0.21993911719939116 0.0213089802130898 0.0167427701674277
7 0.5235920852359208 0.24581430745814306 0.0273972602739726 0.0197869101978691
7 0.5928462709284628 0.3181126331811263 0.0228310502283105 0.0273972602739726
7 0.5776255707762558 0.2579908675799087 0.0167427701674277 0.0136986301369863
7 0.6111111111111112 0.0639269406392694 0.0228310502283105 0.0182648401826484
7 0.5593607305936074 0.0684931506849315 0.0228310502283105 0.0334855403348554
7 0.3835616438356164 0.04490106544901065 0.0243531202435312 0.0167427701674277
7 0.5700152207001522 0.11948249619482496 0.0258751902587519 0.0228310502283105
7 0.4604261796042618 0.1308980213089802 0.0228310502283105 0.0243531202435312
7 0.723744292237443 0.15144596651445966 0.0258751902587519 0.0410958904109589
7 0.7526636225266362 0.2686453576864536 0.0319634703196347 0.0350076103500761
7 0.8082191780821918 0.3234398782343988 0.0243531202435312 0.0197869101978691
7 0.817351598173516 0.4041095890410959 0.0365296803652968 0.0624048706240487
7 0.771689497716895 0.4010654490106545 0.0213089802130898 0.0228310502283105
7 0.6894977168949772 0.454337899543379 0.0243531202435312 0.0441400304414003
7 0.73896499238965 0.4863013698630137 0.0350076103500761 0.0258751902587519
7 0.6514459665144596 0.4604261796042618 0.0121765601217656 0.0228310502283105
7 0.4649923896499239 0.3942161339421613 0.0289193302891933 0.0243531202435312
7 0.5091324200913242 0.4178082191780822 0.0502283105022831 0.0167427701674277
7 0.441400304414003 0.4672754946727549 0.0334855403348554 0.030441400304414
7 0.6643835616438356 0.0730593607305936 0.0258751902587519 0.0365296803652968
7 0.6963470319634704 0.05098934550989345 0.0228310502283105 0.0289193302891933
7 0.745814307458143 0.0806697108066971 0.0243531202435312 0.0213089802130898
7 0.6986301369863014 0.0958904109589041 0.0334855403348554 0.0243531202435312
7 0.6202435312024354 0.091324200913242 0.0197869101978691 0.015220700152207
7 0.6073059360730594 0.3592085235920852 0.015220700152207 0.015220700152207
7 0.6773211567732116 0.3866057838660578 0.0213089802130898 0.0182648401826484
6 0.593607305936073 0.560882800608828 0.015220700152207 0.0197869101978691
6 0.5677321156773212 0.556316590563166 0.0213089802130898 0.0167427701674277
7 0.484779299847793 0.512937595129376 0.0289193302891933 0.0182648401826484
7 0.4101978691019787 0.5007610350076104 0.0258751902587519 0.0243531202435312
7 0.3919330289193303 0.3972602739726027 0.0289193302891933 0.0487062404870624
7 0.363013698630137 0.5007610350076104 0.0167427701674277 0.0182648401826484
7 0.2389649923896499 0.2146118721461187 0.0365296803652968 0.0273972602739726
6 0.18645357686453576 0.2085235920852359 0.0136986301369863 0.0121765601217656
6 0.13318112633181126 0.20471841704718416 0.0136986301369863 0.0136986301369863
6 0.1491628614916286 0.2762557077625571 0.015220700152207 0.0106544901065449
6 0.17732115677321156 0.2937595129375951 0.0167427701674277 0.0182648401826484
6 0.17732115677321156 0.182648401826484 0.0167427701674277 0.0121765601217656
6 0.15905631659056316 0.20471841704718416 0.0106544901065449 0.0136986301369863
6 0.1445966514459665 0.22602739726027396 0.015220700152207 0.0106544901065449
6 0.2770167427701674 0.15905631659056316 0.0121765601217656 0.0197869101978691
6 0.3135464231354642 0.2161339421613394 0.015220700152207 0.015220700152207
6 0.3447488584474886 0.2914764079147641 0.0167427701674277 0.0197869101978691
6 0.2747336377473364 0.2526636225266362 0.0136986301369863 0.0121765601217656
7 0.2656012176560122 0.302130898021309 0.0167427701674277 0.0228310502283105
7 0.2838660578386606 0.05251141552511415 0.0197869101978691 0.0197869101978691
6 0.2519025875190259 0.030441400304414 0.0106544901065449 0.0121765601217656
6 0.2831050228310502 0.10578386605783865 0.0121765601217656 0.0106544901065449
6 0.3242009132420091 0.02663622526636225 0.015220700152207 0.0136986301369863
7 0.3538812785388128 0.04642313546423135 0.0197869101978691 0.0228310502283105
7 0.4071537290715373 0.01750380517503805 0.0289193302891933 0.0319634703196347
7 0.4627092846270928 0.0532724505327245 0.0182648401826484 0.0273972602739726
7 0.4041095890410959 0.11491628614916286 0.0136986301369863 0.0106544901065449
7 0.4809741248097412 0.09969558599695585 0.0182648401826484 0.0289193302891933
7 0.4117199391171994 0.2374429223744292 0.0136986301369863 0.0182648401826484
7 0.423896499238965 0.2161339421613394 0.0228310502283105 0.015220700152207
7 0.3462709284627093 0.3424657534246575 0.0289193302891933 0.030441400304414