1 0.24124809741248096 0.0654490106544901 0.0654490106544901 0.060882800608828
1 0.3203957382039574 0.1035007610350076 0.0532724505327245 0.0730593607305936
1 0.3515981735159817 0.7838660578386606 0.106544901065449 0.0730593607305936
1 0.5624048706240488 0.23972602739726026 0.1293759512937595 0.1354642313546423
1 0.5136986301369864 0.1324200913242009 0.0654490106544901 0.0882800608828006
5 0.4307458143074581 0.3584474885844749 0.1643835616438356 0.1963470319634703
1 0.4809741248097412 0.22907153729071536 0.060882800608828 0.0563165905631659
1 0.08751902587519025 0.3493150684931507 0.1537290715372907 0.1293759512937595
1 0.1156773211567732 0.4977168949771689 0.1156773211567732 0.1278538812785388
1 0.02511415525114155 0.5030441400304414 0.0502283105022831 0.1232876712328767
1 0.1202435312024353 0.710806697108067 0.0852359208523592 0.0852359208523592
1 0.4307458143074581 0.11643835616438356 0.0730593607305936 0.0532724505327245
1 0.0441400304414003 0.6103500761035008 0.0882800608828006 0.1095890410958904
5 0.2983257229832572 0.606544901065449 0.1187214611872146 0.0958904109589041
1 0.2968036529680365 0.530441400304414 0.0517503805175038 0.0624048706240487
5 0.4604261796042618 0.03576864535768645 0.1415525114155251 0.0715372907153729
5 0.3318112633181126 0.03576864535768645 0.0943683409436834 0.0715372907153729
5 0.17884322678843226 0.0273972602739726 0.2115677321156773 0.0547945205479452
5 0.2534246575342466 0.13318112633181126 0.0776255707762557 0.0715372907153729
5 0.2450532724505327 0.21993911719939116 0.060882800608828 0.0898021308980213
5 0.1796042617960426 0.24733637747336376 0.0791476407914764 0.0867579908675799
5 0.18036529680365296 0.1689497716894977 0.0867579908675799 0.0487062404870624
5 0.04033485540334855 0.2009132420091324 0.0806697108066971 0.1187214611872146
5 0.11339421613394216 0.18340943683409436 0.0624048706240487 0.1019786910197869
5 0.3424657534246575 0.2191780821917808 0.0669710806697108 0.0791476407914764
5 0.426179604261796 0.1887366818873668 0.0852359208523592 0.076103500761035
5 0.3614916286149163 0.1476407914764079 0.0867579908675799 0.076103500761035
5 0.6210045662100456 0.4200913242009132 0.1095890410958904 0.1613394216133942
5 0.5707762557077626 0.4923896499238965 0.0791476407914764 0.0867579908675799
5 0.4969558599695586 0.5593607305936074 0.1050228310502283 0.0837138508371385
5 0.6103500761035008 0.5570776255707762 0.0974124809741248 0.0669710806697108
6 0.619482496194825 0.6377473363774734 0.0547945205479452 0.0517503805175038
6 0.5753424657534246 0.7070015220700152 0.076103500761035 0.0715372907153729
5 0.5418569254185692 0.636986301369863 0.0974124809741248 0.0776255707762557
5 0.4315068493150685 0.6894977168949772 0.0806697108066971 0.060882800608828
5 0.423896499238965 0.617199391171994 0.1263318112633181 0.0867579908675799
5 0.3272450532724505 0.6948249619482496 0.1278538812785388 0.0867579908675799
5 0.21993911719939116 0.5182648401826484 0.0928462709284627 0.0928462709284627
5 0.2853881278538813 0.3424657534246575 0.0806697108066971 0.136986301369863
5 0.3127853881278539 0.4627092846270928 0.0928462709284627 0.0882800608828006
5 0.0532724505327245 0.7853881278538812 0.106544901065449 0.0517503805175038
5 0.0334855403348554 0.7123287671232876 0.0669710806697108 0.076103500761035
5 0.24277016742770166 0.8188736681887366 0.1111111111111111 0.15220700152207
5 0.18340943683409436 0.6286149162861492 0.0958904109589041 0.1095890410958904
6 0.4931506849315068 0.7823439878234398 0.0365296803652968 0.030441400304414
5 0.4056316590563166 0.5038051750380518 0.0837138508371385 0.0882800608828006
3 0.00989345509893455 0.9634703196347032 0.0197869101978691 0.015220700152207