6 0.5303951367781155 0.31990881458966564 0.03951367781155015 0.031914893617021274
7 0.5417933130699089 0.09574468085106383 0.04711246200607903 0.0364741641337386
7 0.6322188449848024 0.20972644376899696 0.0486322188449848 0.03951367781155015
7 0.49164133738601823 0.19224924012158054 0.041033434650455926 0.034954407294832825
7 0.5858662613981763 0.2925531914893617 0.022796352583586626 0.016717325227963525
7 0.5790273556231003 0.0737082066869301 0.0243161094224924 0.031914893617021274
7 0.2948328267477204 0.7370820668693009 0.02735562310030395 0.02735562310030395
5 0.7879939209726444 0.057750759878419454 0.13829787234042554 0.1094224924012158
5 0.9376899696048632 0.05319148936170213 0.0972644376899696 0.0729483282674772
5 0.8768996960486323 0.1580547112462006 0.1033434650455927 0.0668693009118541
5 0.9741641337386018 0.189209726443769 0.05167173252279635 0.12917933130699089
5 0.9414893617021277 0.33890577507598785 0.11702127659574468 0.0668693009118541
5 0.9536474164133738 0.49164133738601823 0.08054711246200608 0.06534954407294832
5 0.8647416413373861 0.5212765957446809 0.06382978723404255 0.07598784194528875
5 0.9452887537993921 0.6337386018237082 0.1033434650455927 0.0729483282674772
5 0.9627659574468085 0.5972644376899696 0.06231003039513678 0.0668693009118541
5 0.7917933130699089 0.6861702127659575 0.06990881458966565 0.06838905775075987
5 0.7264437689969605 0.7188449848024316 0.0668693009118541 0.06382978723404255
5 0.7857142857142857 0.8693009118541033 0.060790273556231005 0.060790273556231005
5 0.8396656534954408 0.817629179331307 0.06231003039513678 0.057750759878419454
5 0.9042553191489362 0.8472644376899696 0.0486322188449848 0.05927051671732523
5 0.96580547112462 0.8343465045592705 0.06838905775075987 0.0668693009118541
5 0.8867781155015197 0.9316109422492401 0.07142857142857142 0.05167173252279635
5 0.8275075987841946 0.9718844984802432 0.13829787234042554 0.041033434650455926
5 0.702887537993921 0.9027355623100304 0.07446808510638298 0.0668693009118541
5 0.6793313069908815 0.9787234042553191 0.10030395136778116 0.03951367781155015
5 0.6344984802431611 0.8951367781155015 0.06534954407294832 0.07598784194528875
5 0.5805471124620061 0.9673252279635258 0.04559270516717325 0.05319148936170213
5 0.567629179331307 0.776595744680851 0.06838905775075987 0.0668693009118541
5 0.9620060790273556 0.7545592705167173 0.0729483282674772 0.07446808510638298
6 0.6565349544072948 0.13069908814589665 0.0243161094224924 0.015197568389057751
6 0.6664133738601824 0.11094224924012158 0.022796352583586626 0.015197568389057751
6 0.5790273556231003 0.1344984802431611 0.02127659574468085 0.013677811550151976
6 0.5820668693009119 0.11854103343465046 0.02127659574468085 0.015197568389057751
6 0.6793313069908815 0.1945288753799392 0.0243161094224924 0.0182370820668693
6 0.7477203647416414 0.19832826747720364 0.0243161094224924 0.022796352583586626
6 0.7811550151975684 0.22872340425531915 0.0121580547112462 0.013677811550151976
6 0.7203647416413373 0.19376899696048633 0.0182370820668693 0.007598784194528876
6 0.6717325227963525 0.1595744680851064 0.02127659574468085 0.015197568389057751
6 0.6132218844984803 0.17097264437689969 0.031914893617021274 0.013677811550151976
6 0.6193009118541033 0.15121580547112462 0.019756838905775075 0.010638297872340425
6 0.5782674772036475 0.16793313069908813 0.019756838905775075 0.016717325227963525
6 0.6147416413373861 0.05319148936170213 0.028875379939209727 0.02127659574468085
6 0.5197568389057751 0.0364741641337386 0.015197568389057751 0.0121580547112462
7 0.49772036474164133 0.06534954407294832 0.028875379939209727 0.0243161094224924
6 0.44072948328267475 0.1398176291793313 0.02127659574468085 0.0182370820668693
6 0.42021276595744683 0.2507598784194529 0.016717325227963525 0.015197568389057751
6 0.4034954407294833 0.31458966565349544 0.016717325227963525 0.015197568389057751
6 0.47188449848024316 0.3069908814589666 0.019756838905775075 0.015197568389057751
6 0.4430091185410334 0.27583586626139817 0.013677811550151976 0.013677811550151976
6 0.621580547112462 0.3252279635258359 0.0121580547112462 0.00911854103343465
6 0.567629179331307 0.35714285714285715 0.019756838905775075 0.0243161094224924
7 0.5197568389057751 0.35790273556231 0.02735562310030395 0.019756838905775075
6 0.5942249240121581 0.33966565349544076 0.0182370820668693 0.019756838905775075
6 0.7203647416413373 0.36854103343465044 0.02127659574468085 0.019756838905775075
6 0.6838905775075987 0.41413373860182373 0.02127659574468085 0.016717325227963525
6 0.6580547112462006 0.41109422492401215 0.0182370820668693 0.016717325227963525
6 0.6762917933130699 0.479483282674772 0.02127659574468085 0.019756838905775075
7 0.689209726443769 0.5182370820668692 0.025835866261398176 0.02735562310030395
7 0.4734042553191489 0.46048632218844987 0.028875379939209727 0.02127659574468085
7 0.44224924012158057 0.4878419452887538 0.02127659574468085 0.0182370820668693
7 0.601063829787234 0.44984802431610943 0.022796352583586626 0.02127659574468085
7 0.587386018237082 0.5919452887537994 0.016717325227963525 0.019756838905775075
6 0.5387537993920972 0.6808510638297872 0.019756838905775075 0.02127659574468085
6 0.4513677811550152 0.6314589665653495 0.03343465045592705 0.028875379939209727
6 0.4194528875379939 0.7150455927051672 0.0182370820668693 0.013677811550151976
6 0.4133738601823708 0.8898176291793313 0.0121580547112462 0.010638297872340425
6 0.3829787234042553 0.8632218844984803 0.0182370820668693 0.015197568389057751
6 0.30851063829787234 0.9217325227963525 0.0182370820668693 0.019756838905775075
6 0.36246200607902734 0.7803951367781155 0.016717325227963525 0.013677811550151976
6 0.3738601823708207 0.8001519756838906 0.0121580547112462 0.013677811550151976
6 0.44376899696048633 0.8571428571428571 0.015197568389057751 0.015197568389057751
6 0.4270516717325228 0.5661094224924013 0.0243161094224924 0.019756838905775075
6 0.5022796352583586 0.560790273556231 0.025835866261398176 0.02127659574468085
7 0.6778115501519757 0.2933130699088146 0.060790273556231005 0.0364741641337386
7 0.7302431610942249 0.33586626139817627 0.028875379939209727 0.015197568389057751