5 0.0395738203957382 0.03120243531202435 0.0639269406392694 0.0441400304414003
5 0.0319634703196347 0.1141552511415525 0.0517503805175038 0.0426179604261796
5 0.07534246575342465 0.17732115677321156 0.0380517503805175 0.0441400304414003
5 0.01598173515981735 0.2024353120243531 0.0258751902587519 0.0669710806697108
5 0.0669710806697108 0.2754946727549467 0.0547945205479452 0.060882800608828
5 0.2070015220700152 0.3135464231354642 0.0700152207001522 0.060882800608828
5 0.16057838660578386 0.2343987823439878 0.0593607305936073 0.0730593607305936
5 0.1004566210045662 0.3698630136986301 0.0669710806697108 0.0700152207001522
5 0.14231354642313546 0.4452054794520548 0.0624048706240487 0.0593607305936073
5 0.0517503805175038 0.4649923896499239 0.0730593607305936 0.0745814307458143
5 0.11948249619482496 0.5517503805175038 0.0867579908675799 0.0684931506849315
5 0.0745814307458143 0.6126331811263318 0.0791476407914764 0.0776255707762557
5 0.167427701674277 0.380517503805175 0.0395738203957382 0.0487062404870624
5 0.289193302891933 0.3691019786910198 0.0517503805175038 0.0684931506849315
5 0.23211567732115676 0.4018264840182648 0.0502283105022831 0.060882800608828
5 0.2541856925418569 0.4916286149162861 0.0791476407914764 0.060882800608828
5 0.3249619482496195 0.4604261796042618 0.0624048706240487 0.0654490106544901
5 0.213089802130898 0.5441400304414004 0.060882800608828 0.0532724505327245
5 0.1933028919330289 0.6445966514459666 0.060882800608828 0.0898021308980213
5 0.0730593607305936 0.7199391171993912 0.0669710806697108 0.0669710806697108
5 0.06621004566210045 0.7884322678843226 0.0654490106544901 0.0639269406392694
1 0.2633181126331811 0.6910197869101978 0.0395738203957382 0.0487062404870624
1 0.363013698630137 0.6788432267884322 0.0593607305936073 0.045662100456621
1 0.4726027397260274 0.7343987823439878 0.0441400304414003 0.0441400304414003
1 0.3523592085235921 0.5722983257229832 0.0380517503805175 0.0365296803652968
1 0.4535768645357686 0.6248097412480974 0.0395738203957382 0.0380517503805175
1 0.5639269406392694 0.7572298325722984 0.0319634703196347 0.0319634703196347
1 0.3554033485540335 0.7480974124809742 0.0502283105022831 0.0471841704718417
1 0.3538812785388128 0.8006088280060882 0.0441400304414003 0.0426179604261796
5 0.5038051750380518 0.8234398782343988 0.0395738203957382 0.0517503805175038
5 0.4269406392694064 0.8744292237442922 0.0319634703196347 0.0289193302891933
1 0.15601217656012176 0.7785388127853882 0.0380517503805175 0.0471841704718417
5 0.2237442922374429 0.8120243531202436 0.0517503805175038 0.0502283105022831
5 0.15296803652968036 0.8592085235920852 0.0624048706240487 0.0593607305936073
5 0.3097412480974125 0.8835616438356164 0.0654490106544901 0.0532724505327245
5 0.3881278538812785 0.895738203957382 0.0730593607305936 0.0502283105022831
5 0.5144596651445966 0.898021308980213 0.0487062404870624 0.045662100456621
5 0.5722983257229832 0.830289193302892 0.060882800608828 0.0624048706240487
5 0.515220700152207 0.6605783866057838 0.0593607305936073 0.0639269406392694
7 0.2526636225266362 0.04185692541856925 0.060882800608828 0.0532724505327245
7 0.3538812785388128 0.136986301369863 0.0289193302891933 0.0334855403348554
6 0.2792998477929985 0.0928462709284627 0.0167427701674277 0.0121765601217656
6 0.2945205479452055 0.08143074581430745 0.0136986301369863 0.0167427701674277
6 0.3074581430745814 0.07077625570776255 0.015220700152207 0.0167427701674277
6 0.3356164383561644 0.0730593607305936 0.0136986301369863 0.015220700152207
6 0.3105022831050228 0.01293759512937595 0.0182648401826484 0.0167427701674277
7 0.18188736681887366 0.0106544901065449 0.0410958904109589 0.0182648401826484
6 0.3036529680365297 0.1202435312024353 0.0106544901065449 0.0121765601217656
6 0.2823439878234399 0.17579908675799086 0.0136986301369863 0.0228310502283105
7 0.3835616438356164 0.12404870624048706 0.0243531202435312 0.0319634703196347
6 0.3987823439878234 0.19406392694063926 0.015220700152207 0.0167427701674277
6 0.3059360730593607 0.19710806697108066 0.0121765601217656 0.0136986301369863
6 0.3439878234398782 0.20167427701674276 0.0121765601217656 0.0106544901065449
6 0.4467275494672755 0.14383561643835616 0.0228310502283105 0.0197869101978691
6 0.3645357686453577 0.2800608828006088 0.0106544901065449 0.0121765601217656
6 0.3820395738203957 0.2831050228310502 0.0121765601217656 0.0121765601217656
6 0.4223744292237443 0.3089802130898021 0.0167427701674277 0.015220700152207
6 0.3736681887366819 0.3302891933028919 0.0106544901065449 0.0121765601217656
6 0.393455098934551 0.3249619482496195 0.0167427701674277 0.0136986301369863
6 0.4421613394216134 0.2876712328767123 0.0106544901065449 0.0121765601217656
6 0.4254185692541857 0.2686453576864536 0.0136986301369863 0.0136986301369863
6 0.487062404870624 0.3150684931506849 0.0213089802130898 0.0243531202435312
6 0.4642313546423135 0.3143074581430746 0.0121765601217656 0.0106544901065449
6 0.4474885844748858 0.3409436834094368 0.015220700152207 0.015220700152207
6 0.4140030441400304 0.3675799086757991 0.0121765601217656 0.0136986301369863
6 0.5060882800608828 0.3744292237442922 0.0136986301369863 0.0121765601217656
6 0.4490106544901065 0.4421613394216134 0.0182648401826484 0.0136986301369863
6 0.5197869101978692 0.5114155251141552 0.0136986301369863 0.015220700152207
6 0.5662100456621004 0.4429223744292237 0.0182648401826484 0.015220700152207