5 0.0289193302891933 0.1400304414003044 0.0578386605783866 0.2800608828006088
7 0.0350076103500761 0.3774733637747336 0.060882800608828 0.1004566210045662
6 0.0289193302891933 0.7222222222222222 0.0578386605783866 0.0319634703196347
6 0.03120243531202435 0.682648401826484 0.0350076103500761 0.0228310502283105
6 0.18797564687975646 0.3812785388127854 0.0441400304414003 0.0380517503805175
6 0.1293759512937595 0.512937595129376 0.0365296803652968 0.0334855403348554
6 0.3736681887366819 0.2572298325722983 0.0258751902587519 0.0426179604261796
6 0.4459665144596651 0.16971080669710806 0.0243531202435312 0.0350076103500761
6 0.4231354642313546 0.3394216133942161 0.0426179604261796 0.0426179604261796
6 0.6232876712328768 0.7382039573820396 0.0289193302891933 0.0426179604261796
6 0.6986301369863014 0.8812785388127854 0.0487062404870624 0.0273972602739726
6 0.837138508371385 0.9117199391171994 0.0365296803652968 0.0334855403348554
6 0.9162861491628614 0.8888888888888888 0.0334855403348554 0.0334855403348554
6 0.9703196347031964 0.9878234398782344 0.0471841704718417 0.0243531202435312
6 0.7138508371385084 0.8295281582952816 0.0426179604261796 0.0243531202435312
6 0.7579908675799086 0.8051750380517504 0.0487062404870624 0.0365296803652968
6 0.7207001522070016 0.7442922374429224 0.0441400304414003 0.0487062404870624
6 0.8105022831050228 0.7077625570776256 0.0441400304414003 0.0517503805175038
6 0.754185692541857 0.6879756468797564 0.0441400304414003 0.0365296803652968
6 0.8485540334855404 0.6560121765601218 0.0624048706240487 0.0334855403348554
6 0.84779299847793 0.6179604261796042 0.0426179604261796 0.0426179604261796
6 0.906392694063927 0.6202435312024354 0.0350076103500761 0.0410958904109589
6 0.8614916286149162 0.758751902587519 0.0487062404870624 0.0319634703196347
6 0.9117199391171994 0.5114155251141552 0.0334855403348554 0.0395738203957382
6 0.9452054794520548 0.4703196347031963 0.0547945205479452 0.0487062404870624
6 0.9863013698630136 0.4589041095890411 0.0273972602739726 0.0684931506849315
6 0.9596651445966514 0.5882800608828006 0.0502283105022831 0.0441400304414003
6 0.9421613394216134 0.5319634703196348 0.045662100456621 0.0167427701674277
3 0.7473363774733638 0.6004566210045662 0.0578386605783866 0.1050228310502283
6 0.8242009132420092 0.5684931506849316 0.0441400304414003 0.0593607305936073
6 0.8424657534246576 0.5098934550989346 0.0380517503805175 0.0273972602739726
6 0.8660578386605784 0.5776255707762558 0.0395738203957382 0.0350076103500761
6 0.7678843226788432 0.5197869101978692 0.0624048706240487 0.0319634703196347
6 0.7229832572298326 0.4885844748858447 0.0365296803652968 0.0334855403348554
6 0.7511415525114156 0.4505327245053272 0.0502283105022831 0.0517503805175038
6 0.6917808219178082 0.439117199391172 0.0410958904109589 0.0319634703196347
6 0.784627092846271 0.319634703196347 0.0350076103500761 0.0639269406392694
6 0.8203957382039574 0.30441400304414 0.0334855403348554 0.0273972602739726
6 0.8554033485540334 0.2686453576864536 0.0334855403348554 0.0410958904109589
6 0.817351598173516 0.3721461187214612 0.0547945205479452 0.0471841704718417
6 0.8439878234398782 0.3242009132420091 0.0350076103500761 0.030441400304414
6 0.8866057838660578 0.2846270928462709 0.0380517503805175 0.0365296803652968
6 0.8729071537290716 0.34779299847793 0.0441400304414003 0.0289193302891933
6 0.9345509893455098 0.3797564687975647 0.0426179604261796 0.0380517503805175
6 0.9733637747336378 0.3523592085235921 0.0136986301369863 0.0441400304414003
6 0.8721461187214612 0.4246575342465753 0.0547945205479452 0.0395738203957382
6 0.8105022831050228 0.4345509893455099 0.0502283105022831 0.0593607305936073
6 0.7633181126331812 0.3987823439878234 0.0654490106544901 0.060882800608828
6 0.7579908675799086 0.363013698630137 0.0213089802130898 0.0289193302891933
6 0.7815829528158296 0.1385083713850837 0.0471841704718417 0.060882800608828
6 0.84779299847793 0.04642313546423135 0.030441400304414 0.0380517503805175
6 0.8789954337899544 0.01141552511415525 0.1019786910197869 0.0228310502283105
6 0.9490106544901066 0.05555555555555555 0.0410958904109589 0.0350076103500761
6 0.9817351598173516 0.030441400304414 0.030441400304414 0.0365296803652968
6 0.9041095890410958 0.0578386605783866 0.060882800608828 0.0578386605783866
6 0.8812785388127854 0.12404870624048706 0.030441400304414 0.0441400304414003
6 0.9185692541856926 0.1126331811263318 0.0380517503805175 0.0334855403348554
6 0.9619482496194824 0.08904109589041095 0.030441400304414 0.0441400304414003
6 0.9665144596651446 0.15449010654490106 0.0487062404870624 0.0593607305936073
6 0.773972602739726 0.2313546423135464 0.0593607305936073 0.0700152207001522
6 0.815068493150685 0.19406392694063926 0.0471841704718417 0.0350076103500761
6 0.8386605783866058 0.1308980213089802 0.0517503805175038 0.0700152207001522
6 0.9071537290715372 0.14992389649923896 0.0426179604261796 0.0380517503805175
6 0.9254185692541856 0.3028919330289193 0.045662100456621 0.0487062404870624
6 0.9155251141552512 0.24885844748858446 0.0380517503805175 0.0197869101978691
6 0.9254185692541856 0.1948249619482496 0.0395738203957382 0.0213089802130898
6 0.8417047184170472 0.2328767123287671 0.0426179604261796 0.030441400304414
3 0.2770167427701674 0.14535768645357686 0.0487062404870624 0.0624048706240487
3 0.1080669710806697 0.806697108066971 0.1156773211567732 0.091324200913242
3 0.9627092846270928 0.7633181126331812 0.0745814307458143 0.1141552511415525