5 0.487062404870624 0.6354642313546424 0.106544901065449 0.1019786910197869
5 0.4748858447488584 0.7229832572298326 0.1248097412480974 0.0730593607305936
5 0.604261796042618 0.4094368340943683 0.1035007610350076 0.0639269406392694
5 0.649923896499239 0.2610350076103501 0.0882800608828006 0.0563165905631659
5 0.7161339421613394 0.3546423135464231 0.0593607305936073 0.0974124809741248
5 0.5547945205479452 0.2929984779299848 0.0928462709284627 0.0684931506849315
5 0.4726027397260274 0.3835616438356164 0.0776255707762557 0.0639269406392694
5 0.4117199391171994 0.3234398782343988 0.0715372907153729 0.0471841704718417
5 0.3888888888888889 0.4619482496194825 0.0837138508371385 0.0715372907153729
5 0.5053272450532724 0.4817351598173516 0.1248097412480974 0.0563165905631659
5 0.6362252663622526 0.5015220700152208 0.1004566210045662 0.0593607305936073
5 0.3828006088280061 0.6080669710806698 0.0776255707762557 0.0837138508371385
5 0.3896499238964992 0.8097412480974124 0.0852359208523592 0.0852359208523592
5 0.4794520547945205 0.8972602739726028 0.1095890410958904 0.0684931506849315
5 0.4779299847792998 0.832572298325723 0.0852359208523592 0.0639269406392694
5 0.7336377473363774 0.8165905631659056 0.0700152207001522 0.0563165905631659
5 0.7290715372907154 0.7488584474885844 0.0943683409436834 0.0517503805175038
5 0.832572298325723 0.7732115677321156 0.060882800608828 0.076103500761035
5 0.9421613394216134 0.060882800608828 0.1095890410958904 0.0791476407914764
5 0.7884322678843226 0.0517503805175038 0.091324200913242 0.0639269406392694
5 0.860730593607306 0.02815829528158295 0.0380517503805175 0.0319634703196347
6 0.3569254185692542 0.0334855403348554 0.0289193302891933 0.0365296803652968
6 0.2929984779299848 0.02815829528158295 0.0289193302891933 0.0197869101978691
6 0.2465753424657534 0.04946727549467275 0.0182648401826484 0.0167427701674277
6 0.408675799086758 0.05707762557077625 0.0258751902587519 0.0167427701674277
6 0.4322678843226788 0.08143074581430745 0.0273972602739726 0.0258751902587519
6 0.4254185692541857 0.0091324200913242 0.0228310502283105 0.0121765601217656
6 0.3538812785388128 0.1643835616438356 0.0136986301369863 0.0213089802130898
6 0.380517503805175 0.13013698630136986 0.0182648401826484 0.0228310502283105
6 0.3386605783866058 0.2176560121765601 0.0258751902587519 0.0182648401826484
6 0.2800608828006088 0.2237442922374429 0.0182648401826484 0.015220700152207
6 0.1567732115677321 0.2450532724505327 0.015220700152207 0.0182648401826484
6 0.2161339421613394 0.2747336377473364 0.015220700152207 0.0106544901065449
6 0.258751902587519 0.3280060882800609 0.0121765601217656 0.0136986301369863
6 0.258751902587519 0.2998477929984779 0.0121765601217656 0.0091324200913242
6 0.2914764079147641 0.2838660578386606 0.0167427701674277 0.0136986301369863
6 0.3242009132420091 0.3051750380517504 0.0213089802130898 0.0167427701674277
6 0.3439878234398782 0.24885844748858446 0.0091324200913242 0.0228310502283105
6 0.3066971080669711 0.2054794520547945 0.0136986301369863 0.015220700152207
6 0.24277016742770166 0.2899543378995434 0.0136986301369863 0.0106544901065449
6 0.2389649923896499 0.3972602739726027 0.0091324200913242 0.0091324200913242
6 0.15601217656012176 0.3866057838660578 0.0076103500761035 0.0091324200913242
6 0.21537290715372906 0.6141552511415526 0.0136986301369863 0.0136986301369863
6 0.136986301369863 0.5273972602739726 0.0060882800608828 0.0136986301369863
6 0.12100456621004566 0.5684931506849316 0.0136986301369863 0.0106544901065449
6 0.1339421613394216 0.6971080669710806 0.015220700152207 0.0213089802130898
6 0.13470319634703196 0.7648401826484018 0.0289193302891933 0.0197869101978691
7 0.3059360730593607 0.921613394216134 0.0273972602739726 0.0258751902587519
7 0.3066971080669711 0.969558599695586 0.0258751902587519 0.0273972602739726
7 0.7313546423135464 0.5996955859969558 0.0380517503805175 0.0365296803652968
7 0.786910197869102 0.5898021308980214 0.030441400304414 0.0380517503805175
5 0.9512937595129376 0.2465753424657534 0.0669710806697108 0.0882800608828006
6 0.8143074581430746 0.1704718417047184 0.0121765601217656 0.0121765601217656
6 0.8767123287671232 0.3789954337899543 0.0121765601217656 0.0121765601217656
6 0.926179604261796 0.4444444444444444 0.0106544901065449 0.0121765601217656
6 0.865296803652968 0.3949771689497717 0.0076103500761035 0.0106544901065449
6 0.867579908675799 0.4528158295281583 0.0121765601217656 0.0106544901065449
6 0.8363774733637748 0.3926940639269406 0.0106544901065449 0.0091324200913242
6 0.8645357686453576 0.4946727549467275 0.0121765601217656 0.0121765601217656
6 0.8789954337899544 0.4817351598173516 0.0136986301369863 0.0136986301369863
7 0.7929984779299848 0.5121765601217656 0.0182648401826484 0.0167427701674277
6 0.791476407914764 0.5418569254185692 0.0213089802130898 0.0182648401826484
6 0.8234398782343988 0.5646879756468798 0.015220700152207 0.0182648401826484
6 0.84779299847793 0.5951293759512938 0.015220700152207 0.015220700152207
6 0.9307458143074582 0.4961948249619482 0.0106544901065449 0.0121765601217656
6 0.9474885844748858 0.5357686453576864 0.0136986301369863 0.015220700152207
6 0.9269406392694064 0.563165905631659 0.0091324200913242 0.0121765601217656
6 0.9246575342465754 0.5844748858447488 0.0136986301369863 0.0121765601217656
6 0.9786910197869102 0.4786910197869102 0.0091324200913242 0.0136986301369863
7 0.9771689497716894 0.512937595129376 0.0243531202435312 0.0213089802130898
6 0.9703196347031964 0.5814307458143074 0.0228310502283105 0.015220700152207
6 0.9748858447488584 0.5654490106544902 0.0106544901065449 0.0106544901065449
6 0.9916286149162862 0.5882800608828006 0.0167427701674277 0.0136986301369863
6 0.9756468797564688 0.6149162861491628 0.0213089802130898 0.015220700152207
6 0.923896499238965 0.6263318112633182 0.0121765601217656 0.0106544901065449
6 0.8797564687975646 0.5928462709284628 0.0243531202435312 0.0167427701674277
6 0.852359208523592 0.5555555555555556 0.0091324200913242 0.0121765601217656
6 0.7709284627092846 0.6582952815829528 0.0136986301369863 0.0076103500761035
6 0.7701674277016742 0.6430745814307458 0.0091324200913242 0.0076103500761035
6 0.7831050228310502 0.6339421613394216 0.0106544901065449 0.0076103500761035
6 0.7990867579908676 0.6362252663622526 0.0091324200913242 0.0121765601217656
6 0.7602739726027398 0.6377473363774734 0.0106544901065449 0.0060882800608828
6 0.73896499238965 0.6415525114155252 0.0076103500761035 0.0076103500761035
6 0.7199391171993912 0.6575342465753424 0.0121765601217656 0.0091324200913242
6 0.921613394216134 0.6529680365296804 0.0106544901065449 0.0091324200913242
7 0.9360730593607306 0.6788432267884322 0.0213089802130898 0.0213089802130898
6 0.8873668188736682 0.9337899543378996 0.0182648401826484 0.0136986301369863
5 0.730593607305936 0.9573820395738204 0.1187214611872146 0.0852359208523592