5 0.4634703196347032 0.6504559270516718 0.1293759512937595 0.11854103343465046
0 0.3858447488584475 0.5235562310030395 0.0867579908675799 0.06231003039513678
5 0.302130898021309 0.5478723404255319 0.0806697108066971 0.08662613981762918
5 0.4200913242009132 0.4696048632218845 0.0882800608828006 0.06990881458966565
7 0.20167427701674276 0.3768996960486322 0.0563165905631659 0.05167173252279635
6 0.2983257229832572 0.43617021276595747 0.0273972602739726 0.02735562310030395
3 0.3843226788432268 0.33282674772036475 0.0989345509893455 0.0729483282674772
3 0.510654490106545 0.3898176291793313 0.0867579908675799 0.16869300911854104
3 0.0806697108066971 0.3677811550151976 0.0639269406392694 0.08814589665653495
3 0.23211567732115676 0.30775075987841943 0.0289193302891933 0.025835866261398176
3 0.2792998477929985 0.29559270516717323 0.0228310502283105 0.025835866261398176
3 0.2633181126331811 0.7013677811550152 0.0426179604261796 0.05623100303951368