5 0.05707762557077625 0.2884322678843227 0.1141552511415525 0.1476407914764079
1 0.3378995433789954 0.2450532724505327 0.121765601217656 0.15220700152207
1 0.2526636225266362 0.680365296803653 0.1095890410958904 0.0882800608828006
1 0.19101978691019786 0.8051750380517504 0.1019786910197869 0.0943683409436834
5 0.3660578386605784 0.5745814307458144 0.0928462709284627 0.0898021308980213
5 0.030441400304414 0.7937595129375952 0.060882800608828 0.1263318112633181
5 0.1141552511415525 0.8964992389649924 0.1735159817351598 0.1187214611872146
5 0.2541856925418569 0.6141552511415526 0.0639269406392694 0.0441400304414003
3 0.8919330289193302 0.5053272450532724 0.2161339421613394 0.989345509893455
3 0.5342465753424658 0.15753424657534246 0.2617960426179604 0.3059360730593607
3 0.5449010654490106 0.4345509893455099 0.2222222222222222 0.2176560121765601
3 0.4520547945205479 0.860730593607306 0.3318112633181126 0.2785388127853881
3 0.4474885844748858 0.6461187214611872 0.121765601217656 0.1385083713850837
3 0.13470319634703196 0.20471841704718416 0.0289193302891933 0.0532724505327245
3 0.3592085235920852 0.0517503805175038 0.0791476407914764 0.1035007610350076