5 0.9178082191780822 0.289193302891933 0.1552511415525114 0.15220700152207
5 0.5289193302891934 0.4337899543378995 0.1263318112633181 0.121765601217656
5 0.8333333333333334 0.754185692541857 0.1872146118721461 0.1659056316590563
5 0.680365296803653 0.09817351598173515 0.136986301369863 0.1080669710806697
5 0.19558599695585996 0.0989345509893455 0.1385083713850837 0.1035007610350076
5 0.8363774733637748 0.487062404870624 0.1111111111111111 0.0882800608828006
5 0.12861491628614916 0.4703196347031963 0.1019786910197869 0.1004566210045662
5 0.2907153729071537 0.5357686453576864 0.0700152207001522 0.076103500761035
5 0.2724505327245053 0.4056316590563166 0.0974124809741248 0.0776255707762557
5 0.7427701674277016 0.9200913242009132 0.1308980213089802 0.1263318112633181
5 0.8721461187214612 0.601978691019787 0.0943683409436834 0.0684931506849315
5 0.3584474885844749 0.12404870624048706 0.0776255707762557 0.0958904109589041
5 0.5799086757990868 0.286910197869102 0.1308980213089802 0.0989345509893455
5 0.1765601217656012 0.6856925418569254 0.2252663622526636 0.1933028919330289
5 0.4360730593607306 0.21232876712328766 0.0654490106544901 0.0745814307458143
5 0.7070015220700152 0.5517503805175038 0.1111111111111111 0.1506849315068493
5 0.5837138508371386 0.5844748858447488 0.0624048706240487 0.1004566210045662
5 0.2054794520547945 0.2557077625570776 0.1095890410958904 0.1187214611872146
5 0.4071537290715373 0.5753424657534246 0.1019786910197869 0.1430745814307458
5 0.743531202435312 0.2359208523592085 0.0654490106544901 0.0943683409436834
5 0.3264840182648402 0.286910197869102 0.0776255707762557 0.1019786910197869