1 0.5098934550989346 0.730593607305936 0.091324200913242 0.1004566210045662
5 0.2899543378995434 0.2579908675799087 0.1050228310502283 0.0684931506849315
7 0.04642313546423135 0.6582952815829528 0.0563165905631659 0.0715372907153729
5 0.24733637747336376 0.8614916286149162 0.1476407914764079 0.1552511415525114
5 0.3280060882800609 0.07077625570776255 0.1476407914764079 0.1232876712328767
3 0.4832572298325723 0.22146118721461186 0.1567732115677321 0.4429223744292237
7 0.441400304414003 0.4345509893455099 0.030441400304414 0.0289193302891933
3 0.3493150684931507 0.6126331811263318 0.2237442922374429 0.3211567732115677
3 0.3980213089802131 0.880517503805175 0.1293759512937595 0.1993911719939117
3 0.802130898021309 0.5 0.3926940639269406 0.9908675799086758
3 0.0426179604261796 0.3843226788432268 0.0852359208523592 0.2998477929984779