3 0.3637747336377473 0.9505327245053272 0.2526636225266362 0.0989345509893455
0 0.271689497716895 0.8668188736681888 0.0867579908675799 0.0532724505327245
5 0.213089802130898 0.5076103500761036 0.1643835616438356 0.1354642313546423
3 0.0517503805175038 0.4337899543378995 0.1035007610350076 0.3470319634703196
3 0.18340943683409436 0.3866057838660578 0.1506849315068493 0.0852359208523592
5 0.1156773211567732 0.3150684931506849 0.0395738203957382 0.0395738203957382
5 0.3881278538812785 0.1111111111111111 0.0273972602739726 0.0213089802130898
3 0.3866057838660578 0.8645357686453576 0.0943683409436834 0.0639269406392694
3 0.4741248097412481 0.8439878234398782 0.0624048706240487 0.1141552511415525
3 0.2572298325722983 0.258751902587519 0.1248097412480974 0.1126331811263318
3 0.2914764079147641 0.3858447488584475 0.0593607305936073 0.0837138508371385
3 0.07382039573820395 0.1171993911719939 0.1476407914764079 0.2343987823439878
3 0.22907153729071536 0.726027397260274 0.4033485540334855 0.2191780821917808
3 0.1643835616438356 0.9208523592085236 0.1156773211567732 0.1582952815829528
3 0.3493150684931507 0.5403348554033486 0.0928462709284627 0.1491628614916286
3 0.15753424657534246 0.24429223744292236 0.0867579908675799 0.0380517503805175