5 0.7937595129375952 0.6765601217656012 0.1019786910197869 0.0989345509893455
6 0.7770167427701674 0.2656012176560122 0.0228310502283105 0.0136986301369863
6 0.7777777777777778 0.2526636225266362 0.0182648401826484 0.0121765601217656
7 0.8531202435312024 0.213089802130898 0.0715372907153729 0.076103500761035
6 0.7503805175038052 0.2222222222222222 0.0243531202435312 0.0273972602739726
6 0.6940639269406392 0.08295281582952815 0.0091324200913242 0.0167427701674277
6 0.7123287671232876 0.3531202435312024 0.015220700152207 0.0121765601217656
1 0.786910197869102 0.3789954337899543 0.076103500761035 0.0943683409436834
5 0.9764079147640792 0.2998477929984779 0.0471841704718417 0.0821917808219178
1 0.8538812785388128 0.9619482496194824 0.0821917808219178 0.076103500761035
5 0.7374429223744292 0.91324200913242 0.1171993911719939 0.1095890410958904
5 0.9771689497716894 0.4010654490106545 0.045662100456621 0.0898021308980213
6 0.5966514459665144 0.21232876712328766 0.0213089802130898 0.0167427701674277
6 0.7534246575342466 0.0517503805175038 0.015220700152207 0.015220700152207
3 0.9611872146118722 0.12404870624048706 0.0776255707762557 0.2480974124809741
3 0.9535768645357686 0.5266362252663622 0.0928462709284627 0.0791476407914764