0 0.5213089802130898 0.9512937595129376 0.1050228310502283 0.0974124809741248
5 0.7656012176560122 0.8356164383561644 0.0943683409436834 0.1126331811263318
5 0.6788432267884322 0.9375951293759512 0.182648401826484 0.1248097412480974
5 0.8592085235920852 0.7907153729071538 0.0958904109589041 0.0928462709284627
5 0.9474885844748858 0.8493150684931506 0.1050228310502283 0.1613394216133942
5 0.9048706240487062 0.9528158295281582 0.1902587519025875 0.0943683409436834
5 0.9079147640791476 0.6445966514459666 0.1171993911719939 0.0958904109589041
5 0.8417047184170472 0.5076103500761036 0.1339421613394216 0.1385083713850837
5 0.941400304414003 0.4649923896499239 0.1171993911719939 0.2024353120243531
5 0.9512937595129376 0.106544901065449 0.0974124809741248 0.136986301369863
5 0.7077625570776256 0.6453576864535768 0.1735159817351598 0.2313546423135464
5 0.8439878234398782 0.24277016742770166 0.1750380517503805 0.2602739726027397
6 0.5624048706240488 0.578386605783866 0.0319634703196347 0.0487062404870624
6 0.2884322678843227 0.9885844748858448 0.0410958904109589 0.0228310502283105
6 0.2990867579908676 0.9490106544901066 0.0380517503805175 0.0289193302891933
6 0.395738203957382 0.9292237442922374 0.0334855403348554 0.0350076103500761
6 0.2579908675799087 0.867579908675799 0.0410958904109589 0.0273972602739726
6 0.2526636225266362 0.8165905631659056 0.0517503805175038 0.0289193302891933
6 0.4353120243531202 0.8561643835616438 0.0395738203957382 0.0350076103500761
6 0.471841704718417 0.7503805175038052 0.0547945205479452 0.0121765601217656
6 0.487062404870624 0.6712328767123288 0.0395738203957382 0.0243531202435312