5 0.7442922374429224 0.6268996960486323 0.1095890410958904 0.08662613981762918
0 0.08751902587519025 0.9559270516717325 0.1445966514459665 0.08814589665653495
0 0.2313546423135464 0.9566869300911854 0.1004566210045662 0.08662613981762918
0 0.3150684931506849 0.824468085106383 0.121765601217656 0.10790273556231003
0 0.3774733637747336 0.9673252279635258 0.0852359208523592 0.06534954407294832
0 0.18340943683409436 0.8647416413373861 0.1141552511415525 0.0790273556231003
5 0.4604261796042618 0.89209726443769 0.0898021308980213 0.1094224924012158
5 0.5365296803652968 0.9749240121580547 0.0684931506849315 0.044072948328267476
3 0.13165905631659056 0.49544072948328266 0.0837138508371385 0.08814589665653495
3 0.3987823439878234 0.7621580547112462 0.076103500761035 0.06534954407294832
3 0.4550989345509893 0.5919452887537994 0.4322678843226788 0.1474164133738602
3 0.1811263318112633 0.5858662613981763 0.076103500761035 0.044072948328267476
3 0.8165905631659056 0.28419452887537994 0.1232876712328767 0.5683890577507599
3 0.7815829528158296 0.8525835866261399 0.0928462709284627 0.2948328267477204