7 0.7701674277016742 0.967275494672755 0.0700152207001522 0.0654490106544901
6 0.5517503805175038 0.9429223744292238 0.0410958904109589 0.0350076103500761
6 0.4231354642313546 0.9885844748858448 0.0487062404870624 0.0228310502283105
5 0.5319634703196348 0.8318112633181126 0.1293759512937595 0.1598173515981735
1 0.4193302891933029 0.09512937595129375 0.0684931506849315 0.1324200913242009
1 0.4345509893455099 0.0273972602739726 0.0958904109589041 0.0547945205479452
5 0.5669710806697108 0.1308980213089802 0.0715372907153729 0.0700152207001522
5 0.547945205479452 0.2929984779299848 0.1339421613394216 0.1445966514459665
5 0.6461187214611872 0.2557077625570776 0.0958904109589041 0.0700152207001522
5 0.5441400304414004 0.0441400304414003 0.1324200913242009 0.0882800608828006
5 0.4901065449010654 0.10578386605783865 0.0578386605783866 0.0928462709284627
5 0.6666666666666666 0.1506849315068493 0.076103500761035 0.1156773211567732
5 0.6598173515981736 0.05251141552511415 0.0898021308980213 0.0958904109589041
5 0.6270928462709284 0.4764079147640791 0.1278538812785388 0.1643835616438356
5 0.5357686453576864 0.6004566210045662 0.1400304414003044 0.1506849315068493
5 0.471841704718417 0.3820395738203957 0.1613394216133942 0.2496194824961948
5 0.0350076103500761 0.8257229832572298 0.0700152207001522 0.0958904109589041
5 0.045662100456621 0.943683409436834 0.091324200913242 0.1126331811263318
5 0.0289193302891933 0.665144596651446 0.0578386605783866 0.0700152207001522
5 0.03272450532724505 0.7473363774733638 0.0654490106544901 0.0547945205479452
6 0.7549467275494672 0.8736681887366818 0.0365296803652968 0.0395738203957382
6 0.802130898021309 0.5418569254185692 0.0243531202435312 0.0334855403348554
5 0.10730593607305935 0.15144596651445966 0.1202435312024353 0.0867579908675799
5 0.0578386605783866 0.05251141552511415 0.1156773211567732 0.1050228310502283
5 0.18340943683409436 0.0593607305936073 0.1050228310502283 0.1187214611872146
5 0.03881278538812785 0.2663622526636225 0.0776255707762557 0.2039573820395738
5 0.16666666666666666 0.2526636225266362 0.1263318112633181 0.1004566210045662
5 0.21689497716894976 0.1598173515981735 0.0776255707762557 0.076103500761035
5 0.14992389649923896 0.4665144596651446 0.0624048706240487 0.0745814307458143
5 0.1567732115677321 0.578386605783866 0.0791476407914764 0.1004566210045662
5 0.06164383561643835 0.560882800608828 0.0928462709284627 0.1202435312024353
5 0.13622526636225266 0.3820395738203957 0.0958904109589041 0.0791476407914764
5 0.06925418569254185 0.4535768645357686 0.0898021308980213 0.091324200913242
3 0.8158295281582952 0.12709284627092846 0.0365296803652968 0.0441400304414003
3 0.8249619482496194 0.24124809741248096 0.0547945205479452 0.0624048706240487
3 0.969558599695586 0.5030441400304414 0.060882800608828 0.7047184170471842