5 0.837138508371385 0.7709284627092846 0.2252663622526636 0.1933028919330289
5 0.6735159817351598 0.5677321156773212 0.0898021308980213 0.1035007610350076
5 0.9619482496194824 0.5441400304414004 0.076103500761035 0.2450532724505327
5 0.5966514459665144 0.936834094368341 0.1491628614916286 0.1263318112633181
5 0.5243531202435312 0.6621004566210046 0.1689497716894977 0.1856925418569254
5 0.0441400304414003 0.837138508371385 0.0882800608828006 0.136986301369863
5 0.0563165905631659 0.954337899543379 0.1126331811263318 0.091324200913242
5 0.286910197869102 0.9140030441400304 0.0837138508371385 0.0928462709284627
5 0.18188736681887366 0.9482496194824962 0.1171993911719939 0.1035007610350076
5 0.20928462709284626 0.8059360730593608 0.2085235920852359 0.1902587519025875
5 0.4406392694063927 0.9406392694063926 0.1141552511415525 0.1187214611872146
5 0.3706240487062405 0.7465753424657534 0.1324200913242009 0.1171993911719939
5 0.530441400304414 0.8280060882800608 0.1354642313546423 0.136986301369863
5 0.6133942161339422 0.23820395738203956 0.1491628614916286 0.2085235920852359
5 0.6491628614916286 0.08447488584474885 0.1506849315068493 0.1263318112633181
5 0.8211567732115678 0.23059360730593606 0.1750380517503805 0.1628614916286149
5 0.9627092846270928 0.23363774733637746 0.0745814307458143 0.1171993911719939
5 0.9315068493150684 0.08599695585996955 0.136986301369863 0.1719939117199391
5 0.7792998477929984 0.07534246575342465 0.1278538812785388 0.1506849315068493
5 0.6301369863013698 0.4178082191780822 0.1339421613394216 0.1476407914764079
5 0.4809741248097412 0.4710806697108067 0.106544901065449 0.1506849315068493
5 0.3972602739726027 0.5981735159817352 0.0821917808219178 0.167427701674277
5 0.3211567732115677 0.4954337899543379 0.091324200913242 0.2054794520547945
5 0.06621004566210045 0.6582952815829528 0.1324200913242009 0.1293759512937595
5 0.0669710806697108 0.3386605783866058 0.1339421613394216 0.1780821917808219
5 0.4444444444444444 0.12861491628614916 0.1948249619482496 0.1872146118721461
5 0.4482496194824962 0.2960426179604262 0.1628614916286149 0.1293759512937595
5 0.2945205479452055 0.2625570776255708 0.1202435312024353 0.1354642313546423
5 0.16971080669710806 0.4535768645357686 0.1354642313546423 0.1400304414003044
5 0.2694063926940639 0.624048706240487 0.1491628614916286 0.1613394216133942
5 0.80441400304414 0.939117199391172 0.1933028919330289 0.121765601217656
5 0.6750380517503806 0.7100456621004566 0.1050228310502283 0.1476407914764079
5 0.8683409436834094 0.5898021308980214 0.1293759512937595 0.1780821917808219
5 0.7557077625570776 0.3759512937595129 0.1415525114155251 0.1917808219178082
5 0.13774733637747336 0.1796042617960426 0.1719939117199391 0.1491628614916286
5 0.2343987823439878 0.08751902587519025 0.2222222222222222 0.1750380517503805
5 0.12252663622526636 0.5730593607305936 0.1324200913242009 0.1019786910197869