1 0.743531202435312 0.8396656534954408 0.1080669710806697 0.12310030395136778
1 0.6643835616438356 0.9582066869300911 0.0684931506849315 0.06838905775075987
1 0.776255707762557 0.959726443768997 0.106544901065449 0.08054711246200608
1 0.7404870624048706 0.6793313069908815 0.1111111111111111 0.14893617021276595
1 0.8485540334855404 0.7598784194528876 0.0958904109589041 0.12158054711246201
1 0.8165905631659056 0.27279635258358664 0.0776255707762557 0.12006079027355623
1 0.6514459665144596 0.17477203647416414 0.106544901065449 0.1337386018237082
1 0.723744292237443 0.10106382978723404 0.0837138508371385 0.07446808510638298
5 0.9124809741248098 0.0737082066869301 0.1537290715372907 0.08662613981762918
1 0.776255707762557 0.0547112462006079 0.1004566210045662 0.1094224924012158
1 0.5677321156773212 0.3252279635258359 0.1126331811263318 0.10030395136778116
1 0.6659056316590564 0.378419452887538 0.1111111111111111 0.1276595744680851
1 0.8143074581430746 0.5554711246200608 0.2465753424657534 0.12917933130699089
1 0.7511415525114156 0.45592705167173253 0.0350076103500761 0.06990881458966565
1 0.769406392694064 0.36930091185410335 0.0624048706240487 0.06990881458966565
1 0.8340943683409436 0.418693009118541 0.0517503805175038 0.08054711246200608
3 0.9764079147640792 0.5661094224924013 0.0471841704718417 0.16869300911854104
3 0.9573820395738204 0.8054711246200608 0.0639269406392694 0.22188449848024316
3 0.9710806697108066 0.42629179331306993 0.0426179604261796 0.06231003039513678