5 0.9437689969604863 0.5015197568389058 0.11246200607902736 0.16109422492401215
7 0.3069908814589666 0.6025835866261399 0.08206686930091185 0.07750759878419453
7 0.3791793313069909 0.7264437689969605 0.13829787234042554 0.08206686930091185
5 0.06534954407294832 0.2978723404255319 0.1094224924012158 0.10638297872340426
6 0.04635258358662614 0.8259878419452887 0.028875379939209727 0.034954407294832825
3 0.9490881458966566 0.0972644376899696 0.10182370820668693 0.10638297872340426
3 0.8655015197568389 0.5691489361702128 0.037993920972644375 0.022796352583586626
3 0.9354103343465046 0.6261398176291794 0.025835866261398176 0.0182370820668693
3 0.9832826747720365 0.4027355623100304 0.03343465045592705 0.06382978723404255
5 0.14437689969604864 0.6990881458966566 0.11246200607902736 0.13677811550151975
5 0.5486322188449848 0.7727963525835866 0.07598784194528875 0.05623100303951368
5 0.9202127659574468 0.851823708206687 0.15653495440729484 0.12917933130699089
3 0.952887537993921 0.7583586626139818 0.09422492401215805 0.060790273556231005