1 0.882800608828006 0.4642313546423135 0.2343987823439878 0.273972602739726
1 0.654490106544901 0.5966514459665144 0.2161339421613394 0.243531202435312
1 0.9155251141552512 0.1552511415525114 0.1506849315068493 0.1735159817351598
1 0.3873668188736682 0.2572298325722983 0.2480974124809741 0.1765601217656012
1 0.1354642313546423 0.5083713850837138 0.1704718417047184 0.167427701674277
1 0.1156773211567732 0.8424657534246576 0.1704718417047184 0.1841704718417047
1 0.8424657534246576 0.852359208523592 0.2541856925418569 0.2709284627092846
1 0.3554033485540335 0.4490106544901065 0.1689497716894977 0.1491628614916286
1 0.12100456621004566 0.05555555555555555 0.1476407914764079 0.1111111111111111
1 0.11796042617960426 0.2625570776255708 0.1141552511415525 0.1263318112633181
1 0.319634703196347 0.8904109589041096 0.1765601217656012 0.197869101978691