1 0.8844984802431611 0.1887366818873668 0.23100303951367782 0.1765601217656012
1 0.8563829787234043 0.4398782343987823 0.2872340425531915 0.2252663622526636
1 0.5486322188449848 0.3378995433789954 0.20364741641337386 0.1796042617960426
1 0.5212765957446809 0.05859969558599695 0.19756838905775076 0.1080669710806697
5 0.9300911854103343 0.7884322678843226 0.1398176291793313 0.1613394216133942
5 0.7689969604863222 0.8850837138508372 0.08814589665653495 0.1750380517503805
5 0.5889057750759878 0.8698630136986302 0.135258358662614 0.1293759512937595
5 0.3586626139817629 0.5030441400304414 0.1337386018237082 0.1476407914764079
5 0.0729483282674772 0.9246575342465754 0.12158054711246201 0.1476407914764079
5 0.1344984802431611 0.5007610350076104 0.1838905775075988 0.1278538812785388
5 0.24468085106382978 0.8432267884322678 0.11550151975683891 0.1187214611872146
5 0.36322188449848025 0.9033485540334856 0.08814589665653495 0.0837138508371385
5 0.6322188449848024 0.5882800608828006 0.1398176291793313 0.1141552511415525
5 0.4126139817629179 0.7420091324200914 0.11702127659574468 0.1141552511415525
5 0.13905775075987842 0.73896499238965 0.08966565349544073 0.0806697108066971
5 0.6291793313069909 0.726027397260274 0.1519756838905775 0.0974124809741248
5 0.29635258358662614 0.3508371385083714 0.1398176291793313 0.1232876712328767
5 0.09422492401215805 0.3683409436834094 0.11550151975683891 0.0791476407914764
5 0.05167173252279635 0.11339421613394216 0.1033434650455927 0.1202435312024353
5 0.2074468085106383 0.13013698630136986 0.12917933130699089 0.1050228310502283
5 0.5053191489361702 0.560882800608828 0.07750759878419453 0.1476407914764079
5 0.19832826747720364 0.6255707762557078 0.07446808510638298 0.0730593607305936
5 0.26443768996960487 0.6925418569254186 0.06990881458966565 0.0669710806697108
5 0.9202127659574468 0.6514459665144596 0.12613981762917933 0.0882800608828006
5 0.7917933130699089 0.6659056316590564 0.07598784194528875 0.0898021308980213
5 0.9179331306990881 0.936834094368341 0.15501519756838905 0.0928462709284627
5 0.044832826747720364 0.6666666666666666 0.08054711246200608 0.076103500761035
5 0.7256838905775076 0.06621004566210045 0.08358662613981763 0.0654490106544901
5 0.4787234042553192 0.954337899543379 0.06990881458966565 0.076103500761035