1 0.22907153729071536 0.665144596651446 0.0989345509893455 0.1735159817351598
5 0.4497716894977169 0.8622526636225266 0.1567732115677321 0.0867579908675799
1 0.19558599695585996 0.8386605783866058 0.1019786910197869 0.1248097412480974
1 0.5076103500761036 0.167427701674277 0.0989345509893455 0.0821917808219178
5 0.593607305936073 0.4931506849315068 0.2526636225266362 0.1704718417047184
5 0.469558599695586 0.3287671232876712 0.1111111111111111 0.228310502283105
5 0.6057838660578386 0.2914764079147641 0.1461187214611872 0.1811263318112633
1 0.5441400304414004 0.9170471841704718 0.1263318112633181 0.1385083713850837
5 0.2237442922374429 0.4452054794520548 0.1430745814307458 0.2298325722983257
5 0.3767123287671233 0.5243531202435312 0.1506849315068493 0.1933028919330289
5 0.350076103500761 0.8964992389649924 0.0578386605783866 0.2070015220700152
1 0.2625570776255708 0.9071537290715372 0.0898021308980213 0.1339421613394216
5 0.0898021308980213 0.9558599695585996 0.1796042617960426 0.0882800608828006
5 0.1035007610350076 0.667427701674277 0.1248097412480974 0.3424657534246575
5 0.6552511415525114 0.7328767123287672 0.0837138508371385 0.1415525114155251
5 0.9269406392694064 0.6270928462709284 0.1461187214611872 0.2161339421613394
5 0.9497716894977168 0.8531202435312024 0.1004566210045662 0.1963470319634703
5 0.7519025875190258 0.9048706240487062 0.2222222222222222 0.1902587519025875
5 0.791476407914764 0.726027397260274 0.15220700152207 0.1704718417047184
5 0.4132420091324201 0.7252663622526636 0.2024353120243531 0.1324200913242009
5 0.5076103500761036 0.6286149162861492 0.1171993911719939 0.1004566210045662
5 0.80441400304414 0.6149162861491628 0.1445966514459665 0.0578386605783866
5 0.3462709284627093 0.21689497716894976 0.1872146118721461 0.1872146118721461
5 0.8112633181126332 0.2907153729071537 0.1856925418569254 0.1552511415525114
5 0.9482496194824962 0.23972602739726026 0.1035007610350076 0.1933028919330289
5 0.9208523592085236 0.4512937595129376 0.1582952815829528 0.1232876712328767
5 0.9155251141552512 0.0852359208523592 0.1689497716894977 0.1704718417047184
5 0.6879756468797564 0.136986301369863 0.1126331811263318 0.1156773211567732
5 0.7823439878234398 0.4908675799086758 0.091324200913242 0.1628614916286149
5 0.4406392694063927 0.06925418569254185 0.3668188736681887 0.1385083713850837
6 0.01902587519025875 0.408675799086758 0.0380517503805175 0.0502283105022831
6 0.10273972602739725 0.395738203957382 0.0441400304414003 0.0487062404870624
6 0.1095890410958904 0.2625570776255708 0.0273972602739726 0.0258751902587519
6 0.19406392694063926 0.2671232876712329 0.0624048706240487 0.0624048706240487