1 0.6811263318112634 0.6963470319634704 0.0958904109589041 0.0989345509893455
1 0.06773211567732115 0.5 0.1354642313546423 0.2420091324200913
5 0.6080669710806698 0.3394216133942161 0.0989345509893455 0.1248097412480974
6 0.8112633181126332 0.4764079147640791 0.015220700152207 0.015220700152207
3 0.6834094368340944 0.4444444444444444 0.0639269406392694 0.3409436834094368
6 0.7496194824961948 0.4322678843226788 0.0136986301369863 0.0121765601217656
7 0.7876712328767124 0.01598173515981735 0.0715372907153729 0.0319634703196347
3 0.4452054794520548 0.4208523592085236 0.1080669710806697 0.2602739726027397
3 0.2648401826484018 0.1354642313546423 0.2252663622526636 0.2404870624048706
3 0.6567732115677322 0.1445966514459665 0.1750380517503805 0.2678843226788432
3 0.604261796042618 0.510654490106545 0.0852359208523592 0.1811263318112633
3 0.5441400304414004 0.8036529680365296 0.1080669710806697 0.3896499238964992
3 0.1780821917808219 0.8143074581430746 0.2648401826484018 0.3713850837138508
3 0.0974124809741248 0.3219178082191781 0.106544901065449 0.1385083713850837
3 0.20776255707762556 0.4969558599695586 0.1354642313546423 0.2298325722983257
3 0.07229832572298325 0.12709284627092846 0.1415525114155251 0.1993911719939117