1 0.6899696048632219 0.9269406392694064 0.0790273556231003 0.136986301369863
1 0.7659574468085106 0.893455098934551 0.07598784194528875 0.136986301369863
1 0.8685410334346505 0.8584474885844748 0.12613981762917933 0.1248097412480974
5 0.7302431610942249 0.6293759512937596 0.08054711246200608 0.0958904109589041
5 0.8267477203647416 0.6156773211567732 0.1094224924012158 0.1445966514459665
5 0.8837386018237082 0.502283105022831 0.11094224924012158 0.106544901065449
5 0.8860182370820668 0.4200913242009132 0.1094224924012158 0.1035007610350076
5 0.3556231003039514 0.9178082191780822 0.10638297872340426 0.0882800608828006
5 0.5828267477203647 0.4033485540334855 0.06534954407294832 0.106544901065449
5 0.6747720364741642 0.517503805175038 0.11854103343465046 0.121765601217656
5 0.648936170212766 0.4124809741248097 0.07598784194528875 0.0730593607305936
5 0.7446808510638298 0.3538812785388128 0.10638297872340426 0.1293759512937595
5 0.9559270516717325 0.2899543378995434 0.08814589665653495 0.1263318112633181
5 0.7241641337386018 0.2534246575342466 0.11094224924012158 0.0837138508371385
5 0.7591185410334347 0.1704718417047184 0.12917933130699089 0.106544901065449
5 0.791033434650456 0.10121765601217655 0.09574468085106383 0.1141552511415525
5 0.8624620060790273 0.2792998477929985 0.09878419452887538 0.1019786910197869
5 0.8632218844984803 0.1704718417047184 0.09422492401215805 0.106544901065449
5 0.9582066869300911 0.16514459665144596 0.08358662613981763 0.1263318112633181
5 0.4247720364741641 0.15220700152207 0.11398176291793313 0.15220700152207
5 0.5288753799392097 0.1187214611872146 0.1033434650455927 0.1035007610350076
5 0.6474164133738601 0.1567732115677321 0.1033434650455927 0.1187214611872146
5 0.6846504559270516 0.05555555555555555 0.12613981762917933 0.1019786910197869
5 0.44680851063829785 0.04794520547945205 0.12462006079027356 0.0837138508371385
5 0.2066869300911854 0.08904109589041095 0.11854103343465046 0.1263318112633181
5 0.32142857142857145 0.0974124809741248 0.09878419452887538 0.1339421613394216
5 0.05167173252279635 0.1126331811263318 0.1033434650455927 0.1339421613394216
5 0.07674772036474165 0.2983257229832572 0.11702127659574468 0.1491628614916286
5 0.1337386018237082 0.2328767123287671 0.1337386018237082 0.1339421613394216
5 0.0668693009118541 0.5768645357686454 0.12158054711246201 0.1187214611872146
5 0.07066869300911854 0.5007610350076104 0.09574468085106383 0.091324200913242
5 0.0668693009118541 0.4193302891933029 0.10638297872340426 0.0958904109589041
5 0.057750759878419454 0.7671232876712328 0.09422492401215805 0.1643835616438356
5 0.05547112462006079 0.908675799086758 0.09878419452887538 0.136986301369863
5 0.18693009118541035 0.8097412480974124 0.1398176291793313 0.136986301369863
5 0.31382978723404253 0.791476407914764 0.09878419452887538 0.121765601217656
5 0.1952887537993921 0.9360730593607306 0.1474164133738602 0.1278538812785388
5 0.5106382978723404 0.952054794520548 0.1702127659574468 0.0867579908675799
5 0.42021276595744683 0.791476407914764 0.08054711246200608 0.091324200913242
5 0.4870820668693009 0.8531202435312024 0.11094224924012158 0.0806697108066971
5 0.5949848024316109 0.8637747336377474 0.08054711246200608 0.0989345509893455
5 0.5417933130699089 0.7442922374429224 0.08662613981762918 0.1095890410958904
5 0.6314589665653495 0.7579908675799086 0.11094224924012158 0.1339421613394216
5 0.3282674772036474 0.6910197869101978 0.1033434650455927 0.106544901065449
5 0.43844984802431614 0.6712328767123288 0.11094224924012158 0.1248097412480974
5 0.2006079027355623 0.6385083713850838 0.13677811550151975 0.1598173515981735
5 0.1884498480243161 0.4741248097412481 0.1033434650455927 0.1445966514459665
5 0.2864741641337386 0.4657534246575342 0.11094224924012158 0.1491628614916286
5 0.22872340425531915 0.3409436834094368 0.1413373860182371 0.106544901065449
5 0.3305471124620061 0.23211567732115676 0.12917933130699089 0.1293759512937595
5 0.36930091185410335 0.5989345509893456 0.08814589665653495 0.0806697108066971
5 0.37462006079027355 0.5167427701674278 0.08358662613981763 0.0989345509893455
5 0.43844984802431614 0.4155251141552511 0.11094224924012158 0.1095890410958904
5 0.46200607902735563 0.5426179604261796 0.1033434650455927 0.1293759512937595
5 0.5547112462006079 0.6263318112633182 0.07598784194528875 0.1293759512937595
5 0.6443768996960486 0.6484018264840182 0.08814589665653495 0.1187214611872146
5 0.7424012158054711 0.7328767123287672 0.09574468085106383 0.1141552511415525
5 0.47112462006079026 0.2952815829528158 0.13677811550151975 0.121765601217656
5 0.5645896656534954 0.0365296803652968 0.07142857142857142 0.060882800608828
7 0.9718844984802432 0.7245053272450532 0.05319148936170213 0.0578386605783866