7 0.1582952815829528 0.3203957382039574 0.045662100456621 0.0502283105022831
7 0.2146118721461187 0.3401826484018265 0.0487062404870624 0.0502283105022831
5 0.0578386605783866 0.3135464231354642 0.0730593607305936 0.1248097412480974
5 0.08143074581430745 0.8394216133942162 0.0958904109589041 0.0806697108066971
7 0.1263318112633181 0.7488584474885844 0.0791476407914764 0.076103500761035
5 0.07838660578386605 0.9315068493150684 0.1171993911719939 0.0852359208523592
5 0.1887366818873668 0.908675799086758 0.0791476407914764 0.0974124809741248
7 0.1887366818873668 0.8188736681887366 0.0669710806697108 0.0517503805175038
7 0.3013698630136986 0.9611872146118722 0.0669710806697108 0.0776255707762557
7 0.3059360730593607 0.8812785388127854 0.0852359208523592 0.0700152207001522
5 0.2496194824961948 0.7815829528158296 0.0730593607305936 0.0654490106544901
5 0.3188736681887367 0.756468797564688 0.1141552511415525 0.1400304414003044
5 0.4193302891933029 0.7952815829528158 0.0715372907153729 0.0715372907153729
5 0.4041095890410959 0.8637747336377474 0.0837138508371385 0.0563165905631659
5 0.4779299847792998 0.8272450532724506 0.0395738203957382 0.0806697108066971
5 0.0228310502283105 0.6719939117199392 0.045662100456621 0.1263318112633181
5 0.1308980213089802 0.6080669710806698 0.1248097412480974 0.1141552511415525
5 0.0578386605783866 0.5753424657534246 0.0700152207001522 0.0547945205479452
5 0.1750380517503805 0.6445966514459666 0.076103500761035 0.0928462709284627
5 0.18797564687975646 0.5273972602739726 0.0745814307458143 0.0867579908675799
5 0.06316590563165905 0.4832572298325723 0.0563165905631659 0.0684931506849315
5 0.12404870624048706 0.4824961948249619 0.0563165905631659 0.076103500761035
5 0.11035007610350075 0.408675799086758 0.0593607305936073 0.0624048706240487
5 0.23515981735159816 0.4619482496194825 0.0624048706240487 0.0745814307458143
5 0.1887366818873668 0.4178082191780822 0.0487062404870624 0.0806697108066971
5 0.4292237442922374 0.3980213089802131 0.0578386605783866 0.0654490106544901
7 0.2678843226788432 0.3508371385083714 0.0426179604261796 0.0654490106544901
5 0.3592085235920852 0.3432267884322679 0.1035007610350076 0.1019786910197869
5 0.454337899543379 0.2754946727549467 0.0745814307458143 0.076103500761035
5 0.4482496194824962 0.3371385083713851 0.0654490106544901 0.0380517503805175
5 0.2914764079147641 0.6750380517503806 0.0715372907153729 0.0532724505327245
5 0.2838660578386606 0.6118721461187214 0.0654490106544901 0.0578386605783866
5 0.380517503805175 0.7024353120243532 0.0821917808219178 0.1141552511415525
5 0.3622526636225266 0.6111111111111112 0.0669710806697108 0.0502283105022831
5 0.3340943683409437 0.563165905631659 0.0563165905631659 0.0426179604261796
5 0.5791476407914764 0.7214611872146118 0.0654490106544901 0.0578386605783866
5 0.471841704718417 0.5350076103500762 0.0852359208523592 0.1111111111111111
5 0.545662100456621 0.5388127853881278 0.0624048706240487 0.0639269406392694
5 0.4901065449010654 0.6461187214611872 0.0547945205479452 0.0624048706240487
7 0.4893455098934551 0.7336377473363774 0.0502283105022831 0.0700152207001522
5 0.21385083713850836 0.18340943683409436 0.0867579908675799 0.1385083713850837
5 0.11796042617960426 0.1202435312024353 0.1232876712328767 0.1095890410958904
5 0.1278538812785388 0.23668188736681886 0.0578386605783866 0.0684931506849315
7 0.5494672754946728 0.4528158295281583 0.0730593607305936 0.0684931506849315
5 0.5730593607305936 0.3843226788432268 0.0532724505327245 0.0684931506849315
7 0.4322678843226788 0.19558599695585996 0.0639269406392694 0.0502283105022831
7 0.5121765601217656 0.20167427701674276 0.0806697108066971 0.0684931506849315
5 0.5654490106544902 0.0989345509893455 0.0715372907153729 0.0700152207001522
5 0.5905631659056316 0.03272450532724505 0.0943683409436834 0.0380517503805175
5 0.6423135464231354 0.12252663622526636 0.0334855403348554 0.0532724505327245
5 0.7100456621004566 0.11187214611872145 0.0898021308980213 0.0776255707762557
5 0.7359208523592086 0.05251141552511415 0.0441400304414003 0.0441400304414003
5 0.6468797564687976 0.0624048706240487 0.0395738203957382 0.0395738203957382
5 0.5806697108066972 0.2861491628614916 0.0867579908675799 0.0487062404870624
5 0.6765601217656012 0.3105022831050228 0.0684931506849315 0.1035007610350076
5 0.6575342465753424 0.2252663622526636 0.0578386605783866 0.0517503805175038
7 0.5958904109589042 0.22146118721461186 0.0410958904109589 0.0441400304414003
5 0.680365296803653 0.17579908675799086 0.0578386605783866 0.0410958904109589
5 0.7808219178082192 0.22907153729071536 0.0882800608828006 0.0745814307458143
7 0.7899543378995434 0.1111111111111111 0.0487062404870624 0.1248097412480974
5 0.8691019786910198 0.136986301369863 0.0974124809741248 0.1095890410958904
5 0.3843226788432268 0.1293759512937595 0.0928462709284627 0.0578386605783866
7 0.2450532724505327 0.2785388127853881 0.0730593607305936 0.0487062404870624
5 0.3508371385083714 0.20471841704718416 0.0806697108066971 0.0715372907153729
5 0.13774733637747336 0.07686453576864535 0.0380517503805175 0.0532724505327245
5 0.1780821917808219 0.0852359208523592 0.0334855403348554 0.0517503805175038
5 0.769406392694064 0.3888888888888889 0.0958904109589041 0.0928462709284627
7 0.8904109589041096 0.4824961948249619 0.0547945205479452 0.0669710806697108
7 0.8789954337899544 0.4208523592085236 0.0532724505327245 0.0502283105022831
5 0.8820395738203958 0.350076103500761 0.0624048706240487 0.0487062404870624
5 0.802130898021309 0.302130898021309 0.0578386605783866 0.0563165905631659
5 0.8858447488584474 0.2480974124809741 0.0669710806697108 0.0639269406392694
7 0.563165905631659 0.17123287671232876 0.0547945205479452 0.0563165905631659
7 0.4939117199391172 0.1385083713850837 0.0624048706240487 0.045662100456621
5 0.4733637747336377 0.0639269406392694 0.0700152207001522 0.0487062404870624
5 0.3774733637747336 0.03120243531202435 0.0669710806697108 0.0502283105022831
5 0.2602739726027397 0.0791476407914764 0.1035007610350076 0.0882800608828006
5 0.5829528158295282 0.6407914764079148 0.1004566210045662 0.091324200913242
5 0.624048706240487 0.563165905631659 0.045662100456621 0.045662100456621
5 0.7176560121765602 0.6202435312024354 0.0837138508371385 0.0989345509893455
5 0.6925418569254186 0.54337899543379 0.0852359208523592 0.076103500761035
5 0.6818873668188736 0.469558599695586 0.1095890410958904 0.0745814307458143
5 0.3759512937595129 0.0821917808219178 0.0487062404870624 0.030441400304414
7 0.3127853881278539 0.4710806697108067 0.0471841704718417 0.0563165905631659
5 0.4284627092846271 0.515220700152207 0.0502283105022831 0.0715372907153729
5 0.3051750380517504 0.4170471841704718 0.0502283105022831 0.0426179604261796
5 0.8211567732115678 0.6468797564687976 0.0624048706240487 0.1187214611872146
5 0.634703196347032 0.3554033485540335 0.0517503805175038 0.0563165905631659
5 0.9193302891933028 0.5920852359208524 0.1187214611872146 0.1035007610350076
5 0.898021308980213 0.7123287671232876 0.0791476407914764 0.0882800608828006
5 0.7929984779299848 0.7442922374429224 0.1035007610350076 0.1156773211567732
7 0.5859969558599696 0.941400304414003 0.15220700152207 0.0958904109589041
7 0.678082191780822 0.8447488584474886 0.1111111111111111 0.1004566210045662
7 0.678082191780822 0.7724505327245054 0.0989345509893455 0.0806697108066971
5 0.7960426179604262 0.9452054794520548 0.1126331811263318 0.0669710806697108
5 0.8873668188736682 0.9292237442922374 0.0669710806697108 0.0745814307458143
5 0.817351598173516 0.8713850837138508 0.0943683409436834 0.0593607305936073
5 0.7656012176560122 0.5243531202435312 0.0395738203957382 0.1202435312024353
5 0.821917808219178 0.4703196347031963 0.0882800608828006 0.0639269406392694
7 0.9497716894977168 0.515220700152207 0.0487062404870624 0.0410958904109589
5 0.9482496194824962 0.4337899543378995 0.0852359208523592 0.076103500761035
5 0.9459665144596652 0.9033485540334856 0.0715372907153729 0.1263318112633181
7 0.8972602739726028 0.8074581430745814 0.0837138508371385 0.0502283105022831
5 0.9703196347031964 0.7427701674277016 0.0532724505327245 0.1035007610350076
5 0.9345509893455098 0.0441400304414003 0.121765601217656 0.0730593607305936
5 0.969558599695586 0.2838660578386606 0.060882800608828 0.1476407914764079
5 0.971841704718417 0.15449010654490106 0.0563165905631659 0.0867579908675799