5 0.7473363774733638 0.1948249619482496 0.1917808219178082 0.167427701674277
5 0.8462709284627092 0.4436834094368341 0.1491628614916286 0.1993911719939117
5 0.4223744292237443 0.0943683409436834 0.2359208523592085 0.1552511415525114
5 0.921613394216134 0.09665144596651445 0.1567732115677321 0.1324200913242009
5 0.11796042617960426 0.3546423135464231 0.1780821917808219 0.1582952815829528
5 0.2298325722983257 0.1963470319634703 0.1491628614916286 0.136986301369863
5 0.5776255707762558 0.273972602739726 0.1019786910197869 0.1095890410958904
5 0.669710806697108 0.3904109589041096 0.0791476407914764 0.0898021308980213
5 0.6704718417047184 0.5532724505327246 0.1567732115677321 0.0958904109589041
5 0.4193302891933029 0.2754946727549467 0.0898021308980213 0.091324200913242
5 0.2929984779299848 0.3226788432267884 0.0958904109589041 0.0974124809741248
5 0.7047184170471842 0.03120243531202435 0.136986301369863 0.0624048706240487
5 0.5182648401826484 0.3888888888888889 0.0715372907153729 0.0837138508371385
5 0.4231354642313546 0.4512937595129376 0.0791476407914764 0.1050228310502283
1 0.6598173515981736 0.7465753424657534 0.1841704718417047 0.1567732115677321
1 0.9254185692541856 0.8051750380517504 0.1491628614916286 0.1643835616438356
1 0.0532724505327245 0.5974124809741248 0.106544901065449 0.1354642313546423
1 0.08143074581430745 0.7937595129375952 0.1354642313546423 0.1171993911719939
1 0.3097412480974125 0.8774733637747336 0.1841704718417047 0.2237442922374429
1 0.5083713850837138 0.939117199391172 0.1339421613394216 0.1156773211567732
1 0.6910197869101978 0.9611872146118722 0.1582952815829528 0.0776255707762557