1 0.8850837138508372 0.8432267884322678 0.2237442922374429 0.243531202435312
1 0.5943683409436834 0.19710806697108066 0.1933028919330289 0.1902587519025875
1 0.4726027397260274 0.636986301369863 0.1263318112633181 0.1872146118721461
1 0.4726027397260274 0.4764079147640791 0.0715372907153729 0.1035007610350076
1 0.530441400304414 0.3987823439878234 0.1324200913242009 0.106544901065449
1 0.571537290715373 0.5380517503805176 0.0867579908675799 0.1171993911719939
1 0.639269406392694 0.4512937595129376 0.091324200913242 0.1171993911719939
1 0.6560121765601218 0.6719939117199392 0.0730593607305936 0.1171993911719939
1 0.69558599695586 0.5837138508371386 0.106544901065449 0.1171993911719939
1 0.9223744292237442 0.4132420091324201 0.1400304414003044 0.2054794520547945
1 0.8226788432267884 0.4558599695585997 0.1111111111111111 0.1598173515981735
1 0.7092846270928462 0.3158295281582953 0.1339421613394216 0.0989345509893455
1 0.7442922374429224 0.2191780821917808 0.1400304414003044 0.1491628614916286
1 0.9140030441400304 0.16514459665144596 0.1415525114155251 0.1872146118721461
1 0.9231354642313546 0.6156773211567732 0.1293759512937595 0.1141552511415525
1 0.7473363774733638 0.7054794520547946 0.1035007610350076 0.1324200913242009
1 0.8074581430745814 0.6453576864535768 0.1111111111111111 0.1248097412480974
1 0.5951293759512938 0.8888888888888888 0.0791476407914764 0.0943683409436834
1 0.5875190258751902 0.789193302891933 0.1035007610350076 0.0867579908675799
1 0.6894977168949772 0.952054794520548 0.1187214611872146 0.0867579908675799
1 0.6773211567732116 0.8729071537290716 0.076103500761035 0.0867579908675799
5 0.2633181126331811 0.4893455098934551 0.1491628614916286 0.1598173515981735
5 0.16971080669710806 0.9421613394216134 0.0563165905631659 0.076103500761035
5 0.2671232876712329 0.8987823439878234 0.0715372907153729 0.1111111111111111
5 0.3318112633181126 0.7975646879756468 0.1248097412480974 0.1491628614916286
5 0.243531202435312 0.6286149162861492 0.106544901065449 0.1095890410958904
5 0.3394216133942161 0.6689497716894978 0.0943683409436834 0.0989345509893455
7 0.3637747336377473 0.5898021308980214 0.0426179604261796 0.0380517503805175
5 0.3942161339421613 0.9041095890410958 0.1339421613394216 0.0730593607305936
5 0.4421613394216134 0.8143074581430746 0.0867579908675799 0.106544901065449
5 0.076103500761035 0.7815829528158296 0.091324200913242 0.1111111111111111
5 0.1461187214611872 0.6993911719939118 0.1400304414003044 0.0989345509893455
5 0.1841704718417047 0.8356164383561644 0.1187214611872146 0.1400304414003044
5 0.0821917808219178 0.8888888888888888 0.1095890410958904 0.1035007610350076
5 0.0684931506849315 0.4771689497716895 0.121765601217656 0.1111111111111111
5 0.12709284627092846 0.5677321156773212 0.1171993911719939 0.1187214611872146
5 0.0837138508371385 0.2838660578386606 0.091324200913242 0.0989345509893455
5 0.17732115677321156 0.3401826484018265 0.1263318112633181 0.1019786910197869
5 0.3462709284627093 0.363013698630137 0.1598173515981735 0.1171993911719939
5 0.3219178082191781 0.20015220700152206 0.1598173515981735 0.1171993911719939
5 0.167427701674277 0.2237442922374429 0.121765601217656 0.106544901065449
5 0.060882800608828 0.1080669710806697 0.091324200913242 0.1643835616438356
5 0.17123287671232876 0.0989345509893455 0.0989345509893455 0.15220700152207
5 0.2823439878234399 0.08599695585996955 0.1415525114155251 0.1141552511415525
1 0.754185692541857 0.08447488584474885 0.0715372907153729 0.0806697108066971