0 0.8470319634703196 0.4178082191780822 0.0806697108066971 0.0806697108066971
0 0.7191780821917808 0.5030441400304414 0.0715372907153729 0.0867579908675799
0 0.4627092846270928 0.6598173515981736 0.076103500761035 0.0745814307458143
0 0.8249619482496194 0.5334855403348554 0.0700152207001522 0.0745814307458143
0 0.6643835616438356 0.6012176560121766 0.0684931506849315 0.0639269406392694
0 0.439117199391172 0.7884322678843226 0.0898021308980213 0.0821917808219178
0 0.5875190258751902 0.7199391171993912 0.0791476407914764 0.060882800608828
0 0.9467275494672754 0.5547945205479452 0.0730593607305936 0.0715372907153729
0 0.8143074581430746 0.6293759512937596 0.0791476407914764 0.0624048706240487
0 0.9558599695585996 0.6567732115677322 0.0882800608828006 0.0715372907153729
0 0.7709284627092846 0.7222222222222222 0.0806697108066971 0.0593607305936073
0 0.3409436834094368 0.958904109589041 0.0852359208523592 0.0669710806697108
0 0.3599695585996956 0.8904109589041096 0.0806697108066971 0.0730593607305936
0 0.4992389649923896 0.8439878234398782 0.0730593607305936 0.0684931506849315
0 0.639269406392694 0.6887366818873668 0.0852359208523592 0.0654490106544901
0 0.647640791476408 0.802130898021309 0.0715372907153729 0.0517503805175038
0 0.5768645357686454 0.9018264840182648 0.0700152207001522 0.0563165905631659
0 0.5235920852359208 0.9771689497716894 0.0517503805175038 0.0395738203957382
0 0.8599695585996956 0.7123287671232876 0.0639269406392694 0.0700152207001522
0 0.969558599695586 0.8538812785388128 0.060882800608828 0.060882800608828
0 0.7252663622526636 0.7724505327245054 0.0502283105022831 0.0745814307458143
0 0.7853881278538812 0.867579908675799 0.060882800608828 0.0578386605783866
0 0.7853881278538812 0.9490106544901066 0.0578386605783866 0.0532724505327245
0 0.9490106544901066 0.9634703196347032 0.0837138508371385 0.0517503805175038
0 0.8820395738203958 0.8820395738203958 0.0532724505327245 0.0867579908675799
0 0.6735159817351598 0.9748858447488584 0.0745814307458143 0.0502283105022831
0 0.9627092846270928 0.769406392694064 0.0745814307458143 0.0654490106544901
0 0.693302891933029 0.8987823439878234 0.0745814307458143 0.0624048706240487
0 0.7579908675799086 0.09665144596651445 0.0882800608828006 0.0684931506849315
0 0.6773211567732116 0.1582952815829528 0.0730593607305936 0.0700152207001522
0 0.89117199391172 0.0700152207001522 0.0928462709284627 0.0639269406392694
0 0.3729071537290715 0.0395738203957382 0.0943683409436834 0.0791476407914764
0 0.6529680365296804 0.0471841704718417 0.0578386605783866 0.0821917808219178
0 0.4490106544901065 0.0426179604261796 0.0791476407914764 0.0852359208523592
0 0.4337899543378995 0.13165905631659056 0.0730593607305936 0.0837138508371385
0 0.8226788432267884 0.0410958904109589 0.0867579908675799 0.0821917808219178
0 0.5426179604261796 0.0410958904109589 0.0958904109589041 0.0821917808219178
0 0.5228310502283106 0.2009132420091324 0.0745814307458143 0.0882800608828006
0 0.0532724505327245 0.0319634703196347 0.0791476407914764 0.0639269406392694
0 0.3538812785388128 0.11491628614916286 0.0563165905631659 0.0624048706240487