5 0.6937689969604863 0.2990867579908676 0.10182370820668693 0.1171993911719939
5 0.5828267477203647 0.2146118721461187 0.20212765957446807 0.1035007610350076
5 0.5159574468085106 0.08904109589041095 0.2507598784194529 0.1111111111111111
5 0.08434650455927052 0.2800608828006088 0.09574468085106383 0.1187214611872146
5 0.05851063829787234 0.1430745814307458 0.08054711246200608 0.091324200913242
5 0.16261398176291794 0.1735159817351598 0.0911854103343465 0.121765601217656
5 0.17553191489361702 0.4680365296803653 0.1717325227963526 0.1598173515981735
5 0.19756838905775076 0.3105022831050228 0.10638297872340426 0.1035007610350076
5 0.25987841945288753 0.21993911719939116 0.09422492401215805 0.1141552511415525
5 0.09346504559270517 0.8165905631659056 0.09574468085106383 0.1263318112633181
5 0.11626139817629179 0.6385083713850838 0.10182370820668693 0.1141552511415525
5 0.24468085106382978 0.8767123287671232 0.15501519756838905 0.1400304414003044
5 0.31382978723404253 0.7488584474885844 0.1899696048632219 0.106544901065449
5 0.32598784194528874 0.6187214611872146 0.1899696048632219 0.1324200913242009
5 0.513677811550152 0.9140030441400304 0.1398176291793313 0.0958904109589041
5 0.4376899696048632 0.819634703196347 0.1702127659574468 0.1628614916286149
5 0.5949848024316109 0.8120243531202436 0.11094224924012158 0.1324200913242009
5 0.3495440729483283 0.3888888888888889 0.12158054711246201 0.1263318112633181
5 0.4908814589665654 0.6666666666666666 0.1033434650455927 0.1035007610350076
5 0.6466565349544073 0.697869101978691 0.12613981762917933 0.1324200913242009
5 0.8221884498480243 0.8866057838660578 0.1337386018237082 0.1293759512937595
5 0.8632218844984803 0.5547945205479452 0.1398176291793313 0.1445966514459665
5 0.8799392097264438 0.7511415525114156 0.12158054711246201 0.1719939117199391
5 0.24620060790273557 0.08904109589041095 0.0911854103343465 0.1019786910197869
5 0.871580547112462 0.0806697108066971 0.1717325227963526 0.1035007610350076
3 0.4810030395136778 0.3774733637747336 0.10182370820668693 0.1035007610350076