1 0.8427051671732523 0.3013698630136986 0.1595744680851064 0.1491628614916286
1 0.9065349544072948 0.1004566210045662 0.11094224924012158 0.1339421613394216
5 0.4878419452887538 0.2557077625570776 0.21580547112462006 0.1856925418569254
5 0.6572948328267477 0.23820395738203956 0.09878419452887538 0.1476407914764079
5 0.2735562310030395 0.3089802130898021 0.12158054711246201 0.1643835616438356
5 0.3776595744680851 0.4208523592085236 0.10182370820668693 0.1019786910197869
5 0.09422492401215805 0.4657534246575342 0.10638297872340426 0.1400304414003044
5 0.09650455927051672 0.2222222222222222 0.08054711246200608 0.0882800608828006
5 0.15045592705167174 0.3066971080669711 0.09422492401215805 0.1141552511415525
5 0.11398176291793313 0.0821917808219178 0.10638297872340426 0.106544901065449
5 0.11246200607902736 0.6468797564687976 0.12158054711246201 0.121765601217656
5 0.28191489361702127 0.5114155251141552 0.13221884498480244 0.1187214611872146
5 0.30851063829787234 0.13013698630136986 0.14893617021276595 0.1324200913242009
5 0.45440729483282677 0.5951293759512938 0.10638297872340426 0.1248097412480974
5 0.5638297872340425 0.5235920852359208 0.1033434650455927 0.15220700152207
5 0.5797872340425532 0.6757990867579908 0.08662613981762918 0.0943683409436834
5 0.6648936170212766 0.6179604261796042 0.09878419452887538 0.1248097412480974
5 0.7492401215805471 0.4619482496194825 0.15501519756838905 0.1019786910197869
5 0.46580547112462006 0.7321156773211568 0.11398176291793313 0.1187214611872146
5 0.7203647416413373 0.121765601217656 0.0790273556231003 0.121765601217656
5 0.1945288753799392 0.921613394216134 0.08814589665653495 0.1171993911719939
5 0.27811550151975684 0.8538812785388128 0.1033434650455927 0.0882800608828006
5 0.1337386018237082 0.7990867579908676 0.1094224924012158 0.091324200913242
5 0.2317629179331307 0.7640791476407914 0.08358662613981763 0.076103500761035
5 0.2682370820668693 0.6430745814307458 0.1474164133738602 0.0989345509893455
5 0.5577507598784195 0.8774733637747336 0.0911854103343465 0.0684931506849315
5 0.6405775075987842 0.7777777777777778 0.12613981762917933 0.1095890410958904
5 0.35790273556231 0.7595129375951294 0.08662613981762918 0.0943683409436834
5 0.8009118541033434 0.8127853881278538 0.12158054711246201 0.0791476407914764
5 0.790273556231003 0.6187214611872146 0.0911854103343465 0.1263318112633181
5 0.9050151975683891 0.7039573820395738 0.11702127659574468 0.1293759512937595
5 0.3791793313069909 0.9162861491628614 0.06838905775075987 0.106544901065449
5 0.8844984802431611 0.515220700152207 0.07598784194528875 0.1171993911719939