5 0.1400304414003044 0.1933028919330289 0.121765601217656 0.228310502283105
5 0.319634703196347 0.10426179604261795 0.15220700152207 0.1476407914764079
5 0.3432267884322679 0.23820395738203956 0.0867579908675799 0.0958904109589041
7 0.4893455098934551 0.1354642313546423 0.0715372907153729 0.0882800608828006
5 0.7952815829528158 0.0928462709284627 0.1445966514459665 0.1035007610350076
5 0.632420091324201 0.23363774733637746 0.2176560121765601 0.1415525114155251
5 0.821917808219178 0.2724505327245053 0.076103500761035 0.136986301369863
5 0.9041095890410958 0.23059360730593606 0.0943683409436834 0.1171993911719939
5 0.8599695585996956 0.4056316590563166 0.213089802130898 0.1141552511415525
5 0.7808219178082192 0.510654490106545 0.1643835616438356 0.1111111111111111
5 0.7937595129375952 0.6529680365296804 0.1141552511415525 0.1187214611872146
5 0.8470319634703196 0.8013698630136986 0.0989345509893455 0.1171993911719939
5 0.8926940639269406 0.6940639269406392 0.0837138508371385 0.1248097412480974
5 0.8424657534246576 0.9185692541856926 0.1476407914764079 0.0958904109589041
5 0.08447488584474885 0.8120243531202436 0.1019786910197869 0.1324200913242009
5 0.1080669710806697 0.6818873668188736 0.1400304414003044 0.1095890410958904
5 0.09969558599695585 0.5380517503805176 0.1324200913242009 0.1111111111111111
5 0.1202435312024353 0.4094368340943683 0.106544901065449 0.1248097412480974
5 0.23211567732115676 0.4117199391171994 0.1293759512937595 0.1263318112633181
5 0.2861491628614916 0.65220700152207 0.1796042617960426 0.1324200913242009
5 0.2709284627092846 0.5220700152207002 0.0882800608828006 0.0882800608828006
5 0.3789954337899543 0.5190258751902588 0.1095890410958904 0.1035007610350076
5 0.3873668188736682 0.4033485540334855 0.1598173515981735 0.106544901065449
5 0.4961948249619482 0.4733637747336377 0.1035007610350076 0.1095890410958904
5 0.4984779299847793 0.3333333333333333 0.0837138508371385 0.106544901065449
5 0.601978691019787 0.4665144596651446 0.0806697108066971 0.0867579908675799
5 0.6331811263318112 0.3660578386605784 0.1796042617960426 0.0958904109589041
5 0.21385083713850836 0.9048706240487062 0.1567732115677321 0.1141552511415525
5 0.2146118721461187 0.80441400304414 0.1187214611872146 0.0958904109589041
5 0.3713850837138508 0.8242009132420092 0.1187214611872146 0.1476407914764079
5 0.4710806697108067 0.8394216133942162 0.0837138508371385 0.1415525114155251
5 0.4589041095890411 0.667427701674277 0.1324200913242009 0.1171993911719939
5 0.556316590563166 0.908675799086758 0.1111111111111111 0.136986301369863
5 0.528158295281583 0.5882800608828006 0.136986301369863 0.0867579908675799
5 0.6316590563165906 0.6598173515981736 0.182648401826484 0.1263318112633181
5 0.591324200913242 0.7663622526636226 0.0867579908675799 0.1019786910197869
5 0.6940639269406392 0.8470319634703196 0.1400304414003044 0.1171993911719939
5 0.7115677321156774 0.7473363774733638 0.1445966514459665 0.1095890410958904