5 0.669710806697108 0.4155251141552511 0.2952815829528158 0.3165905631659056
7 0.11796042617960426 0.1933028919330289 0.0837138508371385 0.0821917808219178
7 0.0228310502283105 0.136986301369863 0.0426179604261796 0.0974124809741248
6 0.01293759512937595 0.060882800608828 0.0258751902587519 0.0334855403348554
6 0.1735159817351598 0.5502283105022832 0.0487062404870624 0.0289193302891933
6 0.0715372907153729 0.5844748858447488 0.0426179604261796 0.0273972602739726
6 0.11035007610350075 0.6506849315068494 0.0350076103500761 0.0258751902587519
6 0.03424657534246575 0.4680365296803653 0.0441400304414003 0.0258751902587519
5 0.9360730593607306 0.9246575342465754 0.1278538812785388 0.1506849315068493
5 0.9307458143074582 0.7465753424657534 0.1385083713850837 0.1659056316590563
5 0.7808219178082192 0.1339421613394216 0.4322678843226788 0.2557077625570776
5 0.9200913242009132 0.4642313546423135 0.1598173515981735 0.380517503805175
6 0.380517503805175 0.02359208523592085 0.0578386605783866 0.0471841704718417
6 0.24581430745814306 0.10426179604261795 0.0776255707762557 0.0532724505327245
6 0.02968036529680365 0.3074581430745814 0.0471841704718417 0.045662100456621
3 0.6788432267884322 0.9140030441400304 0.1765601217656012 0.1598173515981735
7 0.639269406392694 0.7450532724505328 0.1004566210045662 0.0532724505327245
6 0.12404870624048706 0.3622526636225266 0.0380517503805175 0.0334855403348554
6 0.3493150684931507 0.4893455098934551 0.0502283105022831 0.0289193302891933
6 0.2732115677321157 0.3926940639269406 0.0441400304414003 0.0273972602739726
6 0.4611872146118721 0.5273972602739726 0.0334855403348554 0.0319634703196347
6 0.5 0.7397260273972602 0.0441400304414003 0.0365296803652968
6 0.3645357686453577 0.3904109589041096 0.0441400304414003 0.0471841704718417
6 0.4033485540334855 0.2823439878234399 0.0517503805175038 0.0350076103500761
6 0.3059360730593607 0.14231354642313546 0.0365296803652968 0.0319634703196347
2 0.2823439878234399 0.01902587519025875 0.0958904109589041 0.0380517503805175
6 0.1445966514459665 0.0441400304414003 0.0365296803652968 0.0213089802130898
6 0.11643835616438356 0.0106544901065449 0.0258751902587519 0.0121765601217656
7 0.14079147640791476 0.12861491628614916 0.0471841704718417 0.0319634703196347
2 0.3942161339421613 0.21537290715372906 0.0852359208523592 0.0441400304414003
7 0.4132420091324201 0.1263318112633181 0.1080669710806697 0.0669710806697108
2 0.5007610350076104 0.1035007610350076 0.0517503805175038 0.0517503805175038
6 0.4490106544901065 0.06468797564687975 0.0395738203957382 0.0289193302891933
6 0.3538812785388128 0.3211567732115677 0.0289193302891933 0.0243531202435312
2 0.17884322678843226 0.3219178082191781 0.0471841704718417 0.0593607305936073
6 0.0471841704718417 0.2701674277016743 0.0213089802130898 0.0197869101978691
6 0.0852359208523592 0.2732115677321157 0.0243531202435312 0.0228310502283105
7 0.05251141552511415 0.2161339421613394 0.0502283105022831 0.0365296803652968
6 0.0791476407914764 0.3356164383561644 0.045662100456621 0.0228310502283105
6 0.0882800608828006 0.4025875190258752 0.0243531202435312 0.0197869101978691
6 0.3120243531202435 0.4056316590563166 0.0213089802130898 0.0197869101978691
6 0.4550989345509893 0.4307458143074581 0.0334855403348554 0.0213089802130898
5 0.2191780821917808 0.1902587519025875 0.0882800608828006 0.060882800608828
0 0.2861491628614916 0.2914764079147641 0.1004566210045662 0.1202435312024353
3 0.2922374429223744 0.8432267884322678 0.030441400304414 0.0426179604261796
6 0.4604261796042618 0.8006088280060882 0.0350076103500761 0.0273972602739726
6 0.6560121765601218 0.6872146118721462 0.0334855403348554 0.0350076103500761
6 0.4840182648401826 0.6126331811263318 0.0365296803652968 0.0258751902587519