5 0.6202435312024354 0.3942161339421613 0.1141552511415525 0.1095890410958904
7 0.2237442922374429 0.3082191780821918 0.0639269406392694 0.0471841704718417
2 0.5144596651445966 0.4444444444444444 0.0334855403348554 0.060882800608828
5 0.4307458143074581 0.6765601217656012 0.1187214611872146 0.1324200913242009
1 0.60882800608828 0.6012176560121766 0.2343987823439878 0.1948249619482496
5 0.5776255707762558 0.22146118721461186 0.0958904109589041 0.1263318112633181
5 0.5593607305936074 0.0395738203957382 0.1841704718417047 0.0791476407914764
3 0.8120243531202436 0.17732115677321156 0.3242009132420091 0.3546423135464231
3 0.723744292237443 0.4474885844748858 0.0898021308980213 0.1126331811263318
3 0.7656012176560122 0.6118721461187214 0.106544901065449 0.1491628614916286
3 0.7701674277016742 0.850076103500761 0.2831050228310502 0.2998477929984779