1 0.4885844748858447 0.8386605783866058 0.1187214611872146 0.1126331811263318
1 0.5996955859969558 0.9101978691019786 0.1765601217656012 0.1461187214611872
5 0.5220700152207002 0.0943683409436834 0.136986301369863 0.1461187214611872
5 0.365296803652968 0.6742770167427702 0.15220700152207 0.1308980213089802
5 0.3242009132420091 0.8614916286149162 0.136986301369863 0.15220700152207
5 0.3683409436834094 0.0867579908675799 0.1278538812785388 0.1552511415525114
7 0.1278538812785388 0.6331811263318112 0.1278538812785388 0.1156773211567732
4 0.0837138508371385 0.9634703196347032 0.0639269406392694 0.0578386605783866
4 0.0654490106544901 0.8888888888888888 0.0943683409436834 0.0487062404870624
4 0.0958904109589041 0.7929984779299848 0.0821917808219178 0.0578386605783866
5 0.2009132420091324 0.0319634703196347 0.15220700152207 0.0639269406392694
7 0.060882800608828 0.0395738203957382 0.121765601217656 0.0730593607305936
5 0.7625570776255708 0.908675799086758 0.1004566210045662 0.1187214611872146
7 0.9307458143074582 0.9657534246575342 0.1385083713850837 0.0684931506849315
7 0.2374429223744292 0.639269406392694 0.0547945205479452 0.1095890410958904
5 0.319634703196347 0.4520547945205479 0.0669710806697108 0.1187214611872146
5 0.4337899543378995 0.4155251141552511 0.1491628614916286 0.1735159817351598
0 0.08447488584474885 0.2922374429223744 0.0776255707762557 0.1187214611872146
0 0.19101978691019786 0.3006088280060883 0.1080669710806697 0.0928462709284627
0 0.11339421613394216 0.3964992389649924 0.1689497716894977 0.0745814307458143
0 0.4322678843226788 0.2389649923896499 0.136986301369863 0.1004566210045662
0 0.1476407914764079 0.16666666666666666 0.182648401826484 0.1050228310502283
0 0.730593607305936 0.06316590563165905 0.1887366818873668 0.1263318112633181
0 0.928462709284627 0.06164383561643835 0.1400304414003044 0.1141552511415525
0 0.7336377473363774 0.7420091324200914 0.2191780821917808 0.1202435312024353
0 0.9307458143074582 0.730593607305936 0.1385083713850837 0.1796042617960426
0 0.5334855403348554 0.5837138508371386 0.1659056316590563 0.1354642313546423
0 0.3546423135464231 0.5547945205479452 0.1735159817351598 0.0715372907153729
0 0.04033485540334855 0.5334855403348554 0.0806697108066971 0.1537290715372907
0 0.9277016742770168 0.3188736681887367 0.1385083713850837 0.1354642313546423
0 0.941400304414003 0.5403348554033486 0.1171993911719939 0.2039573820395738
0 0.8097412480974124 0.563165905631659 0.1643835616438356 0.121765601217656
0 0.6765601217656012 0.5974124809741248 0.0989345509893455 0.1506849315068493
0 0.7427701674277016 0.2009132420091324 0.167427701674277 0.121765601217656
0 0.9178082191780822 0.1887366818873668 0.1461187214611872 0.1035007610350076
0 0.5814307458143074 0.2579908675799087 0.1248097412480974 0.1415525114155251
0 0.6164383561643836 0.4140030441400304 0.1948249619482496 0.1461187214611872
0 0.7937595129375952 0.3911719939117199 0.1445966514459665 0.2070015220700152