4 0.271689497716895 0.7062404870624048 0.0563165905631659 0.060882800608828
6 0.21385083713850836 0.4589041095890411 0.0715372907153729 0.0867579908675799
4 0.2975646879756469 0.5228310502283106 0.0258751902587519 0.0350076103500761
4 0.3447488584474886 0.4794520547945205 0.0654490106544901 0.045662100456621
6 0.1811263318112633 0.3554033485540335 0.076103500761035 0.0867579908675799
7 0.7929984779299848 0.9033485540334856 0.0943683409436834 0.1019786910197869
7 0.4467275494672755 0.5449010654490106 0.0654490106544901 0.0882800608828006
7 0.5388127853881278 0.5799086757990868 0.0943683409436834 0.1095890410958904
3 0.04946727549467275 0.16971080669710806 0.0532724505327245 0.0806697108066971
7 0.662861491628615 0.6529680365296804 0.1263318112633181 0.1491628614916286
7 0.8006088280060882 0.6636225266362252 0.1187214611872146 0.1856925418569254
7 0.9033485540334856 0.5517503805175038 0.0715372907153729 0.1445966514459665
5 0.6818873668188736 0.4840182648401826 0.1400304414003044 0.1248097412480974
1 0.73896499238965 0.0958904109589041 0.1019786910197869 0.1339421613394216
1 0.2572298325722983 0.121765601217656 0.213089802130898 0.121765601217656
1 0.3143074581430746 0.2678843226788432 0.1628614916286149 0.1400304414003044
1 0.1461187214611872 0.2024353120243531 0.0730593607305936 0.0882800608828006
1 0.5114155251141552 0.2968036529680365 0.1248097412480974 0.15220700152207
1 0.5083713850837138 0.17275494672754946 0.1552511415525114 0.1263318112633181
1 0.6552511415525114 0.23059360730593606 0.1171993911719939 0.1111111111111111
1 0.7747336377473364 0.22146118721461186 0.1035007610350076 0.0806697108066971
6 0.8850837138508372 0.3523592085235921 0.0502283105022831 0.0654490106544901
5 0.2724505327245053 0.8797564687975646 0.1491628614916286 0.1491628614916286
6 0.5312024353120244 0.7138508371385084 0.0273972602739726 0.0334855403348554
1 0.591324200913242 0.3797564687975647 0.0715372907153729 0.0837138508371385
1 0.5487062404870624 0.0593607305936073 0.1476407914764079 0.0943683409436834
5 0.515220700152207 0.9269406392694064 0.1415525114155251 0.106544901065449
5 0.4284627092846271 0.8592085235920852 0.0715372907153729 0.0837138508371385
1 0.05555555555555555 0.8904109589041096 0.0684931506849315 0.197869101978691
1 0.045662100456621 0.5639269406392694 0.076103500761035 0.1567732115677321