5 0.05555555555555555 0.4299847792998478 0.1111111111111111 0.1933028919330289
5 0.182648401826484 0.5136986301369864 0.1126331811263318 0.1202435312024353
5 0.15753424657534246 0.380517503805175 0.0958904109589041 0.121765601217656
5 0.1506849315068493 0.05707762557077625 0.1248097412480974 0.1141552511415525
5 0.3211567732115677 0.8774733637747336 0.1187214611872146 0.1232876712328767
5 0.0958904109589041 0.9916286149162862 0.0669710806697108 0.0167427701674277
5 0.8234398782343988 0.95662100456621 0.2009132420091324 0.0867579908675799
5 0.9908675799086758 0.6659056316590564 0.0182648401826484 0.0593607305936073
5 0.4071537290715373 0.7351598173515982 0.0958904109589041 0.1035007610350076
5 0.517503805175038 0.7374429223744292 0.1095890410958904 0.1232876712328767
5 0.634703196347032 0.7366818873668188 0.106544901065449 0.1339421613394216
5 0.593607305936073 0.21841704718417046 0.0639269406392694 0.0898021308980213
5 0.5372907153729072 0.3774733637747336 0.0639269406392694 0.0943683409436834
5 0.5540334855403348 0.4977168949771689 0.0700152207001522 0.1004566210045662
5 0.6811263318112634 0.3751902587519026 0.0624048706240487 0.0654490106544901
5 0.7298325722983258 0.10121765601217655 0.1019786910197869 0.0715372907153729
7 0.2039573820395738 0.6811263318112634 0.030441400304414 0.0350076103500761
7 0.4467275494672755 0.9429223744292238 0.0319634703196347 0.0228310502283105
7 0.4573820395738204 0.8942161339421614 0.0197869101978691 0.0228310502283105
7 0.5136986301369864 0.8333333333333334 0.0197869101978691 0.0197869101978691
7 0.5707762557077626 0.8363774733637748 0.0213089802130898 0.0197869101978691
7 0.6278538812785388 0.8356164383561644 0.0289193302891933 0.0365296803652968
7 0.697869101978691 0.845509893455099 0.0380517503805175 0.0319634703196347
7 0.6864535768645358 0.898021308980213 0.0213089802130898 0.015220700152207
7 0.7161339421613394 0.8774733637747336 0.0258751902587519 0.0258751902587519
7 0.817351598173516 0.8660578386605784 0.0243531202435312 0.0334855403348554
7 0.8485540334855404 0.8767123287671232 0.0228310502283105 0.0334855403348554
7 0.5806697108066972 0.58675799086758 0.0228310502283105 0.0228310502283105
7 0.60882800608828 0.6613394216133942 0.0487062404870624 0.0167427701674277
7 0.6225266362252664 0.6308980213089802 0.0426179604261796 0.0289193302891933
7 0.6225266362252664 0.6027397260273972 0.0243531202435312 0.0243531202435312
7 0.5372907153729072 0.6506849315068494 0.0273972602739726 0.0289193302891933
7 0.6073059360730594 0.3721461187214612 0.0243531202435312 0.0380517503805175
6 0.624048706240487 0.4101978691019787 0.0182648401826484 0.0197869101978691
7 0.6415525114155252 0.3828006088280061 0.0197869101978691 0.0228310502283105
7 0.6445966514459666 0.3546423135464231 0.0167427701674277 0.0213089802130898
7 0.6057838660578386 0.12709284627092846 0.0213089802130898 0.0350076103500761
7 0.9604261796042618 0.0441400304414003 0.0243531202435312 0.0243531202435312
7 0.7671232876712328 0.04490106544901065 0.0182648401826484 0.0350076103500761
7 0.7945205479452054 0.02054794520547945 0.0334855403348554 0.0350076103500761
5 0.860730593607306 0.02207001522070015 0.0532724505327245 0.0410958904109589
5 0.8417047184170472 0.07534246575342465 0.0547945205479452 0.0380517503805175
1 0.7876712328767124 0.2343987823439878 0.1050228310502283 0.1491628614916286
5 0.8211567732115678 0.1293759512937595 0.0441400304414003 0.0426179604261796
1 0.9292237442922374 0.1004566210045662 0.0532724505327245 0.0578386605783866
1 0.3622526636225266 0.0258751902587519 0.091324200913242 0.0517503805175038
1 0.532724505327245 0.04946727549467275 0.2374429223744292 0.0989345509893455
1 0.5091324200913242 0.17884322678843226 0.0593607305936073 0.0806697108066971
1 0.441400304414003 0.13774733637747336 0.076103500761035 0.0958904109589041
1 0.3455098934550989 0.0882800608828006 0.091324200913242 0.0730593607305936
1 0.2663622526636225 0.14840182648401826 0.1095890410958904 0.1263318112633181
1 0.21080669710806696 0.2701674277016743 0.1293759512937595 0.1902587519025875
1 0.3051750380517504 0.273972602739726 0.0684931506849315 0.0730593607305936
1 0.3432267884322679 0.2313546423135464 0.0745814307458143 0.076103500761035
1 0.3751902587519026 0.18188736681887366 0.0715372907153729 0.0684931506849315
1 0.3287671232876712 0.3637747336377473 0.0974124809741248 0.1004566210045662
1 0.2511415525114155 0.4208523592085236 0.0669710806697108 0.0776255707762557
1 0.3089802130898021 0.4878234398782344 0.0426179604261796 0.0806697108066971
1 0.3569254185692542 0.4931506849315068 0.0289193302891933 0.045662100456621
1 0.4117199391171994 0.5372907153729072 0.0684931506849315 0.106544901065449
1 0.4687975646879756 0.2602739726027397 0.0821917808219178 0.0974124809741248
1 0.408675799086758 0.302130898021309 0.0441400304414003 0.0441400304414003
1 0.4170471841704718 0.3881278538812785 0.045662100456621 0.0730593607305936
1 0.4581430745814307 0.3417047184170472 0.0395738203957382 0.0532724505327245
1 0.4733637747336377 0.4885844748858447 0.0821917808219178 0.1004566210045662
1 0.3569254185692542 0.5898021308980214 0.1202435312024353 0.1141552511415525
1 0.426179604261796 0.6506849315068494 0.0730593607305936 0.0410958904109589
1 0.5007610350076104 0.5882800608828006 0.076103500761035 0.0806697108066971
1 0.6750380517503806 0.2465753424657534 0.0867579908675799 0.1126331811263318
1 0.9375951293759512 0.2617960426179604 0.1248097412480974 0.1126331811263318
1 0.9406392694063926 0.1811263318112633 0.1187214611872146 0.0669710806697108
1 0.9939117199391172 0.1156773211567732 0.0121765601217656 0.0730593607305936
1 0.7404870624048706 0.3219178082191781 0.1111111111111111 0.0989345509893455
1 0.8592085235920852 0.365296803652968 0.0898021308980213 0.0821917808219178
1 0.9558599695585996 0.3645357686453577 0.0882800608828006 0.0958904109589041
1 0.7313546423135464 0.4733637747336377 0.1263318112633181 0.1248097412480974
1 0.821917808219178 0.4048706240487062 0.0882800608828006 0.0639269406392694
1 0.8751902587519026 0.5091324200913242 0.121765601217656 0.1202435312024353
1 0.9756468797564688 0.4657534246575342 0.0487062404870624 0.0943683409436834
1 0.7397260273972602 0.6080669710806698 0.0974124809741248 0.1171993911719939
1 0.9079147640791476 0.6225266362252664 0.1111111111111111 0.1035007610350076
1 0.9756468797564688 0.576103500761035 0.0487062404870624 0.0806697108066971
1 0.9505327245053272 0.773972602739726 0.0989345509893455 0.1324200913242009
1 0.7937595129375952 0.745814307458143 0.1811263318112633 0.1278538812785388
1 0.8242009132420092 0.6377473363774734 0.0563165905631659 0.0974124809741248
1 0.9018264840182648 0.8713850837138508 0.0745814307458143 0.0867579908675799
1 0.971841704718417 0.9277016742770168 0.0563165905631659 0.1445966514459665
2 0.1887366818873668 0.7640791476407914 0.0426179604261796 0.030441400304414
2 0.0228310502283105 0.9277016742770168 0.0395738203957382 0.0471841704718417
2 0.4124809741248097 0.9885844748858448 0.0273972602739726 0.0228310502283105
7 0.09665144596651445 0.3051750380517504 0.0289193302891933 0.0350076103500761
7 0.0547945205479452 0.2929984779299848 0.0334855403348554 0.0441400304414003
7 0.0121765601217656 0.1095890410958904 0.015220700152207 0.0426179604261796
7 0.0289193302891933 0.06316590563165905 0.0365296803652968 0.0197869101978691
7 0.060882800608828 0.04337899543378995 0.0213089802130898 0.0289193302891933
7 0.04946727549467275 0.1324200913242009 0.0197869101978691 0.0243531202435312
7 0.07382039573820395 0.10121765601217655 0.0228310502283105 0.0197869101978691
7 0.0471841704718417 0.2298325722983257 0.0213089802130898 0.0121765601217656
7 0.2602739726027397 0.0121765601217656 0.0426179604261796 0.0243531202435312
4 0.106544901065449 0.21993911719939116 0.015220700152207 0.0228310502283105
5 0.9162861491628614 0.01293759512937595 0.0395738203957382 0.0258751902587519
7 0.7199391171993912 0.0289193302891933 0.0243531202435312 0.0243531202435312
7 0.7960426179604262 0.05707762557077625 0.0273972602739726 0.0289193302891933
7 0.8858447488584474 0.136986301369863 0.030441400304414 0.0273972602739726
7 0.8820395738203958 0.10273972602739725 0.0228310502283105 0.0319634703196347
7 0.8850837138508372 0.0654490106544901 0.0258751902587519 0.0273972602739726
7 0.91324200913242 0.0578386605783866 0.0334855403348554 0.0243531202435312
7 0.9969558599695586 0.0487062404870624 0.0060882800608828 0.060882800608828
7 0.9779299847792998 0.01598173515981735 0.0228310502283105 0.0197869101978691
6 0.680365296803653 0.060882800608828 0.0182648401826484 0.015220700152207
6 0.743531202435312 0.0045662100456621 0.0197869101978691 0.0091324200913242
6 0.6187214611872146 0.4634703196347032 0.0136986301369863 0.0197869101978691
6 0.3850837138508371 0.9581430745814308 0.0182648401826484 0.0167427701674277
6 0.045662100456621 0.9817351598173516 0.015220700152207 0.0243531202435312