7 0.4216133942161339 0.08751902587519025 0.0517503805175038 0.0350076103500761
7 0.3774733637747336 0.15601217656012176 0.0487062404870624 0.0532724505327245
7 0.302130898021309 0.17732115677321156 0.0380517503805175 0.0380517503805175
7 0.271689497716895 0.17123287671232876 0.0289193302891933 0.0624048706240487
7 0.1293759512937595 0.0974124809741248 0.0487062404870624 0.0365296803652968
7 0.3082191780821918 0.23211567732115676 0.0441400304414003 0.0289193302891933
7 0.3569254185692542 0.20776255707762556 0.0350076103500761 0.0410958904109589
4 0.3280060882800609 0.11948249619482496 0.0319634703196347 0.0319634703196347
4 0.13926940639269406 0.13622526636225266 0.0197869101978691 0.0167427701674277
4 0.558599695585997 0.015220700152207 0.0213089802130898 0.030441400304414
4 0.632420091324201 0.1841704718417047 0.0197869101978691 0.0365296803652968
2 0.4383561643835616 0.228310502283105 0.030441400304414 0.0365296803652968
6 0.3812785388127854 0.2686453576864536 0.0228310502283105 0.0289193302891933
2 0.4071537290715373 0.256468797564688 0.0258751902587519 0.0410958904109589
6 0.3964992389649924 0.3150684931506849 0.0258751902587519 0.0334855403348554
6 0.4429223744292237 0.271689497716895 0.0213089802130898 0.0228310502283105
6 0.547945205479452 0.286910197869102 0.0213089802130898 0.0197869101978691
2 0.5060882800608828 0.19863013698630136 0.0289193302891933 0.0350076103500761
2 0.5030441400304414 0.23363774733637746 0.0350076103500761 0.0350076103500761
2 0.4802130898021309 0.2640791476407915 0.0319634703196347 0.0319634703196347
2 0.6232876712328768 0.1187214611872146 0.0228310502283105 0.0243531202435312
3 0.8112633181126332 0.0821917808219178 0.2222222222222222 0.1643835616438356
3 0.4322678843226788 0.9360730593607306 0.5114155251141552 0.1278538812785388
3 0.9619482496194824 0.9535768645357686 0.076103500761035 0.0928462709284627