5 0.17884322678843226 0.5342465753424658 0.0837138508371385 0.0852359208523592
5 0.24581430745814306 0.5114155251141552 0.0410958904109589 0.0547945205479452
1 0.591324200913242 0.2207001522070015 0.0563165905631659 0.0791476407914764
1 0.723744292237443 0.1598173515981735 0.0410958904109589 0.0487062404870624
1 0.6278538812785388 0.5395738203957382 0.0928462709284627 0.0806697108066971
1 0.7450532724505328 0.971841704718417 0.0624048706240487 0.0563165905631659
1 0.2747336377473364 0.9665144596651446 0.0593607305936073 0.0426179604261796
1 0.18340943683409436 0.6248097412480974 0.0532724505327245 0.0684931506849315
5 0.258751902587519 0.6468797564687976 0.060882800608828 0.0669710806697108
5 0.5007610350076104 0.6270928462709284 0.121765601217656 0.0943683409436834
5 0.3226788432267884 0.65220700152207 0.0487062404870624 0.0563165905631659
5 0.5395738203957382 0.1141552511415525 0.1476407914764079 0.1308980213089802
5 0.6438356164383562 0.0517503805175038 0.076103500761035 0.0426179604261796
7 0.65220700152207 0.1308980213089802 0.0441400304414003 0.0547945205479452
5 0.715372907153729 0.0745814307458143 0.0700152207001522 0.0730593607305936
2 0.525875190258752 0.4375951293759513 0.0532724505327245 0.0593607305936073
3 0.9246575342465754 0.5030441400304414 0.1506849315068493 0.9939117199391172
3 0.815068493150685 0.8287671232876712 0.0684931506849315 0.3424657534246575