5 0.5312024353120244 0.2009132420091324 0.0730593607305936 0.076103500761035
2 0.6316590563165906 0.3158295281582953 0.091324200913242 0.1293759512937595
1 0.693302891933029 0.1917808219178082 0.1324200913242009 0.0943683409436834
1 0.8089802130898022 0.4132420091324201 0.1598173515981735 0.2237442922374429
1 0.7785388127853882 0.14383561643835616 0.0867579908675799 0.1293759512937595
7 0.8797564687975646 0.07382039573820395 0.0882800608828006 0.1111111111111111
7 0.6438356164383562 0.0578386605783866 0.1095890410958904 0.0730593607305936
2 0.7899543378995434 0.2557077625570776 0.0882800608828006 0.0730593607305936
2 0.8729071537290716 0.2191780821917808 0.0806697108066971 0.0487062404870624
1 0.6666666666666666 0.4512937595129376 0.0882800608828006 0.0958904109589041
1 0.7047184170471842 0.6179604261796042 0.1187214611872146 0.1491628614916286
1 0.9003044140030442 0.6461187214611872 0.1750380517503805 0.1902587519025875
1 0.7838660578386606 0.7168949771689498 0.076103500761035 0.0791476407914764
5 0.8074581430745814 0.8660578386605784 0.1476407914764079 0.1187214611872146
0 0.4041095890410959 0.8584474885844748 0.0806697108066971 0.1248097412480974
7 0.2511415525114155 0.20167427701674276 0.106544901065449 0.1141552511415525
5 0.10882800608828005 0.2694063926940639 0.1141552511415525 0.106544901065449
5 0.1963470319634703 0.6073059360730594 0.1248097412480974 0.0730593607305936
5 0.11643835616438356 0.860730593607306 0.0989345509893455 0.1719939117199391
5 0.1506849315068493 0.7519025875190258 0.0882800608828006 0.076103500761035
5 0.2732115677321157 0.7176560121765602 0.0837138508371385 0.0958904109589041
5 0.2343987823439878 0.8424657534246576 0.1704718417047184 0.0958904109589041
5 0.0837138508371385 0.6681887366818874 0.091324200913242 0.106544901065449
7 0.6636225266362252 0.8493150684931506 0.1035007610350076 0.1339421613394216
5 0.0867579908675799 0.4672754946727549 0.106544901065449 0.136986301369863
5 0.3691019786910198 0.7016742770167428 0.0837138508371385 0.1339421613394216
5 0.5464231354642314 0.5791476407914764 0.1187214611872146 0.0958904109589041
5 0.4231354642313546 0.5814307458143074 0.1491628614916286 0.106544901065449
5 0.4885844748858447 0.6986301369863014 0.1643835616438356 0.136986301369863
5 0.669710806697108 0.7420091324200914 0.106544901065449 0.0532724505327245
0 0.5312024353120244 0.8356164383561644 0.0882800608828006 0.076103500761035
1 0.9193302891933028 0.332572298325723 0.091324200913242 0.1567732115677321