2 0.2070015220700152 0.7290715372907154 0.1095890410958904 0.121765601217656
2 0.0837138508371385 0.7815829528158296 0.091324200913242 0.1476407914764079
7 0.08295281582952815 0.6103500761035008 0.0684931506849315 0.0943683409436834
4 0.4056316590563166 0.8059360730593608 0.1263318112633181 0.1750380517503805
5 0.14535768645357686 0.4794520547945205 0.1628614916286149 0.106544901065449
5 0.1735159817351598 0.5692541856925418 0.0730593607305936 0.045662100456621
5 0.1933028919330289 0.3789954337899543 0.121765601217656 0.0943683409436834
5 0.06621004566210045 0.20776255707762556 0.1019786910197869 0.1263318112633181
7 0.13926940639269406 0.302130898021309 0.0502283105022831 0.0654490106544901
5 0.1811263318112633 0.20928462709284626 0.091324200913242 0.0989345509893455
5 0.3637747336377473 0.213089802130898 0.182648401826484 0.136986301369863
5 0.2115677321156773 0.1278538812785388 0.045662100456621 0.076103500761035
5 0.3264840182648402 0.0974124809741248 0.1293759512937595 0.1400304414003044
7 0.24277016742770166 0.2945205479452055 0.0684931506849315 0.0715372907153729
7 0.3272450532724505 0.4383561643835616 0.091324200913242 0.0730593607305936
5 0.3569254185692542 0.3447488584474886 0.0989345509893455 0.1019786910197869
7 0.3820395738203957 0.510654490106545 0.0730593607305936 0.0806697108066971
5 0.4916286149162861 0.4079147640791476 0.0943683409436834 0.1035007610350076
5 0.5197869101978692 0.5494672754946728 0.1780821917808219 0.1400304414003044
5 0.6301369863013698 0.4474885844748858 0.1248097412480974 0.1796042617960426
5 0.6598173515981736 0.6293759512937596 0.0715372907153729 0.0867579908675799
5 0.6925418569254186 0.54337899543379 0.045662100456621 0.076103500761035
5 0.7656012176560122 0.4490106544901065 0.1248097412480974 0.15220700152207
5 0.8432267884322678 0.6582952815829528 0.1095890410958904 0.1293759512937595
5 0.8843226788432268 0.5235920852359208 0.1035007610350076 0.076103500761035
5 0.5745814307458144 0.1598173515981735 0.2054794520547945 0.167427701674277
5 0.7937595129375952 0.22602739726027396 0.1293759512937595 0.1719939117199391
5 0.5418569254185692 0.3097412480974125 0.1704718417047184 0.0958904109589041
5 0.7595129375951294 0.6278538812785388 0.0882800608828006 0.1293759512937595
5 0.8888888888888888 0.7884322678843226 0.0943683409436834 0.1095890410958904
5 0.8926940639269406 0.9155251141552512 0.1445966514459665 0.0958904109589041
7 0.5312024353120244 0.7952815829528158 0.076103500761035 0.1293759512937595
5 0.636986301369863 0.8470319634703196 0.1019786910197869 0.1263318112633181
5 0.6537290715372908 0.7252663622526636 0.0989345509893455 0.0806697108066971
5 0.5639269406392694 0.6719939117199392 0.0867579908675799 0.0684931506849315
5 0.7579908675799086 0.7960426179604262 0.1095890410958904 0.1035007610350076
5 0.865296803652968 0.365296803652968 0.1263318112633181 0.136986301369863
5 0.8485540334855404 0.1080669710806697 0.0989345509893455 0.0943683409436834
5 0.9254185692541856 0.2146118721461187 0.1095890410958904 0.1187214611872146
5 0.708523592085236 0.091324200913242 0.0806697108066971 0.076103500761035