2 0.2785388127853881 0.6519756838905775 0.1035007610350076 0.1033434650455927
2 0.5380517503805176 0.6261398176291794 0.0806697108066971 0.10638297872340426
2 0.3911719939117199 0.5820668693009119 0.0943683409436834 0.09422492401215805
2 0.7922374429223744 0.9483282674772037 0.1293759512937595 0.1033434650455927
4 0.4627092846270928 0.9452887537993921 0.0639269406392694 0.0547112462006079
4 0.09512937595129375 0.43844984802431614 0.0471841704718417 0.05015197568389058
4 0.2359208523592085 0.40501519756838905 0.0821917808219178 0.041033434650455926
4 0.4558599695585997 0.15121580547112462 0.0532724505327245 0.05927051671732523
2 0.3219178082191781 0.19832826747720364 0.1202435312024353 0.13829787234042554
2 0.7047184170471842 0.6534954407294833 0.1552511415525114 0.10638297872340426
2 0.8546423135464232 0.6375379939209727 0.1445966514459665 0.11398176291793313
2 0.8249619482496194 0.48024316109422494 0.1339421613394216 0.11550151975683891
1 0.9512937595129376 0.40805471124620063 0.0974124809741248 0.1717325227963526
1 0.6689497716894978 0.3609422492401216 0.1598173515981735 0.12613981762917933
1 0.5928462709284628 0.19300911854103345 0.1445966514459665 0.1884498480243161
1 0.91324200913242 0.2872340425531915 0.1278538812785388 0.0729483282674772