1 0.07838660578386605 0.1095890410958904 0.1019786910197869 0.121765601217656
1 0.20624048706240486 0.09817351598173515 0.0867579908675799 0.1293759512937595
1 0.09360730593607305 0.3211567732115677 0.1019786910197869 0.1400304414003044
1 0.1902587519025875 0.2252663622526636 0.076103500761035 0.0791476407914764
1 0.2534246575342466 0.2656012176560122 0.0867579908675799 0.0837138508371385
2 0.258751902587519 0.4452054794520548 0.045662100456621 0.0684931506849315
1 0.3181126331811263 0.3637747336377473 0.1035007610350076 0.091324200913242
2 0.3675799086757991 0.2709284627092846 0.0532724505327245 0.0943683409436834
1 0.1050228310502283 0.5007610350076104 0.1339421613394216 0.182648401826484
1 0.1735159817351598 0.3904109589041096 0.1095890410958904 0.1293759512937595
1 0.4512937595129376 0.8462709284627092 0.3150684931506849 0.2009132420091324
1 0.6887366818873668 0.8873668188736682 0.1293759512937595 0.1339421613394216
1 0.8698630136986302 0.8713850837138508 0.1019786910197869 0.0989345509893455
1 0.9003044140030442 0.7138508371385084 0.0867579908675799 0.1339421613394216
1 0.7595129375951294 0.576103500761035 0.091324200913242 0.1567732115677321
1 0.8599695585996956 0.5045662100456622 0.091324200913242 0.0989345509893455
5 0.3523592085235921 0.6301369863013698 0.1628614916286149 0.1187214611872146
5 0.4634703196347032 0.5114155251141552 0.1445966514459665 0.1248097412480974
5 0.7092846270928462 0.7343987823439878 0.0639269406392694 0.0532724505327245
1 0.8409436834094368 0.6308980213089802 0.0532724505327245 0.0684931506849315
1 0.9231354642313546 0.6073059360730594 0.0867579908675799 0.091324200913242
5 0.5996955859969558 0.2222222222222222 0.136986301369863 0.1400304414003044
5 0.4741248097412481 0.1765601217656012 0.1324200913242009 0.1400304414003044
5 0.5601217656012176 0.09512937595129375 0.0791476407914764 0.0837138508371385
5 0.5342465753424658 0.3721461187214612 0.1339421613394216 0.1598173515981735
5 0.6712328767123288 0.3713850837138508 0.1400304414003044 0.1552511415525114
5 0.6149162861491628 0.606544901065449 0.1339421613394216 0.1415525114155251
5 0.850076103500761 0.3523592085235921 0.1567732115677321 0.1293759512937595
5 0.7861491628614916 0.1872146118721461 0.2207001522070015 0.1491628614916286
5 0.3751902587519026 0.0578386605783866 0.1628614916286149 0.0943683409436834
5 0.7800608828006088 0.05251141552511415 0.2207001522070015 0.0989345509893455
5 0.952054794520548 0.06925418569254185 0.0867579908675799 0.1171993911719939
5 0.9490106544901066 0.22602739726027396 0.0867579908675799 0.1567732115677321
1 0.971841704718417 0.5030441400304414 0.0563165905631659 0.1171993911719939