5 0.015197568389057751 0.2826747720364742 0.030395136778115502 0.13677811550151975
5 0.03571428571428571 0.6124620060790273 0.07142857142857142 0.1398176291793313
5 0.031914893617021274 0.7887537993920972 0.06382978723404255 0.1945288753799392
5 0.24696048632218845 0.6367781155015197 0.09574468085106383 0.10030395136778116
5 0.23860182370820668 0.7477203647416414 0.0851063829787234 0.0790273556231003
5 0.5851063829787234 0.9521276595744681 0.0790273556231003 0.07446808510638298
5 0.7180851063829787 0.9498480243161094 0.12310030395136778 0.10030395136778116
5 0.9376899696048632 0.9688449848024316 0.0790273556231003 0.06231003039513678
5 0.96580547112462 0.729483282674772 0.06231003039513678 0.0851063829787234
2 0.574468085106383 0.5721884498480243 0.03951367781155015 0.037993920972644375
5 0.6382978723404256 0.5220364741641338 0.05167173252279635 0.10182370820668693
5 0.7469604863221885 0.7036474164133738 0.07142857142857142 0.07598784194528875
5 0.7606382978723404 0.5455927051671733 0.08966565349544073 0.0911854103343465
5 0.8974164133738601 0.12993920972644377 0.20516717325227962 0.25987841945288753
1 0.4642857142857143 0.0364741641337386 0.2507598784194529 0.0729483282674772
1 0.14513677811550152 0.14285714285714285 0.22948328267477203 0.1094224924012158
1 0.09270516717325228 0.2507598784194529 0.1276595744680851 0.12462006079027356
1 0.08434650455927052 0.4376899696048632 0.11094224924012158 0.16109422492401215
1 0.21504559270516718 0.3601823708206687 0.1838905775075988 0.270516717325228
2 0.6952887537993921 0.47112462006079026 0.025835866261398176 0.030395136778115502
2 0.7021276595744681 0.40425531914893614 0.02735562310030395 0.060790273556231005
2 0.7348024316109423 0.2188449848024316 0.037993920972644375 0.03343465045592705
2 0.5258358662613982 0.30927051671732525 0.030395136778115502 0.022796352583586626
4 0.9422492401215805 0.5805471124620061 0.0182370820668693 0.0243161094224924
4 0.3844984802431611 0.2872340425531915 0.02127659574468085 0.0243161094224924
4 0.6375379939209727 0.182370820668693 0.016717325227963525 0.0182370820668693