6 0.7983257229832572 0.898021308980213 0.1293759512937595 0.106544901065449
5 0.6141552511415526 0.8767123287671232 0.1476407914764079 0.1491628614916286
4 0.76103500761035 0.7640791476407914 0.091324200913242 0.106544901065449
4 0.830289193302892 0.6902587519025876 0.0654490106544901 0.0806697108066971
2 0.07534246575342465 0.21232876712328766 0.0837138508371385 0.0989345509893455
5 0.18493150684931506 0.4550989345509893 0.1933028919330289 0.1704718417047184
1 0.06773211567732115 0.365296803652968 0.0837138508371385 0.060882800608828
2 0.1050228310502283 0.3013698630136986 0.0791476407914764 0.0639269406392694
2 0.17275494672754946 0.2070015220700152 0.1019786910197869 0.0791476407914764
2 0.20928462709284626 0.2785388127853881 0.0837138508371385 0.0791476407914764
2 0.8508371385083714 0.5319634703196348 0.1035007610350076 0.1445966514459665
2 0.1278538812785388 0.1156773211567732 0.0882800608828006 0.0730593607305936
1 0.3302891933028919 0.13926940639269406 0.197869101978691 0.1567732115677321
5 0.3949771689497717 0.3462709284627093 0.1598173515981735 0.1598173515981735
5 0.10882800608828005 0.8767123287671232 0.1719939117199391 0.1948249619482496
5 0.2914764079147641 0.6856925418569254 0.1933028919330289 0.2328767123287671
5 0.3888888888888889 0.9497716894977168 0.1171993911719939 0.091324200913242
5 0.4170471841704718 0.8622526636225266 0.1248097412480974 0.0958904109589041
7 0.2640791476407915 0.941400304414003 0.1111111111111111 0.0806697108066971
5 0.2990867579908676 0.865296803652968 0.1111111111111111 0.0654490106544901
5 0.4665144596651446 0.5449010654490106 0.2207001522070015 0.1796042617960426
5 0.4733637747336377 0.7062404870624048 0.2161339421613394 0.15220700152207
5 0.7077625570776256 0.6210045662100456 0.15220700152207 0.1035007610350076
5 0.589041095890411 0.410958904109589 0.167427701674277 0.121765601217656
5 0.7267884322678844 0.3462709284627093 0.1445966514459665 0.1293759512937595
5 0.560882800608828 0.24885844748858446 0.1628614916286149 0.1171993911719939
5 0.8272450532724506 0.24581430745814306 0.1628614916286149 0.1872146118721461
5 0.7724505327245054 0.1080669710806697 0.2359208523592085 0.1248097412480974
5 0.9299847792998478 0.9315068493150684 0.0943683409436834 0.121765601217656
7 0.5159817351598174 0.0958904109589041 0.076103500761035 0.0943683409436834
5 0.05555555555555555 0.7229832572298326 0.1019786910197869 0.076103500761035
5 0.06316590563165905 0.5722983257229832 0.1019786910197869 0.1095890410958904
7 0.1598173515981735 0.5837138508371386 0.060882800608828 0.0806697108066971
5 0.03881278538812785 0.45662100456621 0.0715372907153729 0.106544901065449
5 0.6712328767123288 0.5121765601217656 0.1643835616438356 0.0654490106544901
5 0.860730593607306 0.3858447488584475 0.1171993911719939 0.0958904109589041
5 0.7526636225266362 0.4497716894977169 0.1141552511415525 0.0715372907153729
5 0.700152207001522 0.22907153729071536 0.091324200913242 0.0806697108066971
2 0.05555555555555555 0.060882800608828 0.0715372907153729 0.091324200913242
2 0.1643835616438356 0.0517503805175038 0.0943683409436834 0.0730593607305936
7 0.6552511415525114 0.7313546423135464 0.0806697108066971 0.0806697108066971
5 0.6126331811263318 0.0837138508371385 0.0837138508371385 0.15220700152207
6 0.923896499238965 0.7701674277016742 0.030441400304414 0.0334855403348554