5 0.10790273556231003 0.3462709284627093 0.1033434650455927 0.0867579908675799
5 0.19984802431610943 0.334855403348554 0.06231003039513678 0.045662100456621
5 0.2803951367781155 0.3249619482496195 0.05623100303951368 0.0654490106544901
5 0.1884498480243161 0.5555555555555556 0.0972644376899696 0.1035007610350076
5 0.20972644376899696 0.1004566210045662 0.0972644376899696 0.1126331811263318
5 0.03875379939209726 0.02815829528158295 0.07750759878419453 0.0563165905631659
5 0.8624620060790273 0.5471841704718418 0.2750759878419453 0.2176560121765601
5 0.0729483282674772 0.54337899543379 0.12158054711246201 0.1035007610350076
5 0.07446808510638298 0.7009132420091324 0.1458966565349544 0.1324200913242009
5 0.05167173252279635 0.834855403348554 0.10030395136778116 0.1019786910197869
5 0.11702127659574468 0.2222222222222222 0.0911854103343465 0.0821917808219178
5 0.037993920972644375 0.21841704718417046 0.06382978723404255 0.0928462709284627
5 0.26975683890577506 0.2648401826484018 0.05927051671732523 0.0487062404870624
6 0.11550151975683891 0.4482496194824962 0.0486322188449848 0.0258751902587519
5 0.2066869300911854 0.7062404870624048 0.10030395136778116 0.136986301369863
5 0.17553191489361702 0.8668188736681888 0.10790273556231003 0.1689497716894977
5 0.06458966565349544 0.9299847792998478 0.11094224924012158 0.0700152207001522
5 0.851063829787234 0.8546423135464232 0.2978723404255319 0.2907153729071537
1 0.39969604863221886 0.8318112633181126 0.23404255319148937 0.3363774733637747
1 0.5927051671732523 0.8462709284627092 0.1337386018237082 0.3013698630136986
7 0.7682370820668692 0.02207001522070015 0.11094224924012158 0.0441400304414003
6 0.9004559270516718 0.07838660578386605 0.041033434650455926 0.0258751902587519
2 0.9232522796352584 0.0319634703196347 0.1534954407294833 0.0578386605783866
6 0.668693009118541 0.1293759512937595 0.0425531914893617 0.030441400304414
6 0.7256838905775076 0.1095890410958904 0.034954407294832825 0.030441400304414
6 0.8609422492401215 0.13013698630136986 0.028875379939209727 0.0197869101978691
6 0.6907294832826748 0.3264840182648402 0.034954407294832825 0.0350076103500761
6 0.7279635258358662 0.3691019786910198 0.03343465045592705 0.0197869101978691
6 0.587386018237082 0.512937595129376 0.041033434650455926 0.0365296803652968
6 0.31155015197568386 0.4931506849315068 0.02735562310030395 0.0213089802130898
7 0.37537993920972645 0.4756468797564688 0.0790273556231003 0.0441400304414003
6 0.385258358662614 0.4269406392694064 0.06231003039513678 0.0410958904109589
6 0.4034954407294833 0.3637747336377473 0.034954407294832825 0.0700152207001522
6 0.4574468085106383 0.380517503805175 0.03343465045592705 0.030441400304414
6 0.5509118541033434 0.6415525114155252 0.031914893617021274 0.0319634703196347
6 0.5828267477203647 0.601978691019787 0.041033434650455926 0.0319634703196347
6 0.6390577507598785 0.593607305936073 0.05623100303951368 0.0578386605783866
6 0.310790273556231 0.4505327245053272 0.034954407294832825 0.030441400304414
6 0.0243161094224924 0.3394216133942161 0.0486322188449848 0.045662100456621
6 0.8085106382978723 0.0730593607305936 0.0547112462006079 0.0334855403348554
6 0.4992401215805471 0.3508371385083714 0.028875379939209727 0.0258751902587519
6 0.4870820668693009 0.5395738203957382 0.028875379939209727 0.0258751902587519
6 0.5592705167173252 0.471841704718417 0.03343465045592705 0.0334855403348554
6 0.5835866261398176 0.4178082191780822 0.0243161094224924 0.0319634703196347
6 0.6367781155015197 0.471841704718417 0.02735562310030395 0.0273972602739726
7 0.3898176291793313 0.578386605783866 0.06231003039513678 0.0365296803652968
6 0.40805471124620063 0.5273972602739726 0.031914893617021274 0.0289193302891933
7 0.30623100303951367 0.5989345509893456 0.07446808510638298 0.0502283105022831
6 0.49164133738601823 0.576103500761035 0.028875379939209727 0.0258751902587519
6 0.7310030395136778 0.784627092846271 0.02735562310030395 0.0197869101978691
6 0.743920972644377 0.7465753424657534 0.031914893617021274 0.0289193302891933
6 0.7575987841945289 0.6788432267884322 0.05015197568389058 0.0334855403348554
6 0.4787234042553192 0.4794520547945205 0.02127659574468085 0.015220700152207
6 0.4703647416413374 0.4490106544901065 0.019756838905775075 0.0243531202435312
6 0.702887537993921 0.547945205479452 0.037993920972644375 0.0517503805175038
6 0.7104863221884499 0.4908675799086758 0.028875379939209727 0.0197869101978691
6 0.6200607902735562 0.6605783866057838 0.03951367781155015 0.0365296803652968
6 0.42021276595744683 0.2907153729071537 0.016717325227963525 0.0243531202435312