1 0.5319634703196348 0.258751902587519 0.1750380517503805 0.258751902587519
5 0.7397260273972602 0.2823439878234399 0.1552511415525114 0.1476407914764079
5 0.769406392694064 0.3873668188736682 0.1567732115677321 0.0989345509893455
5 0.8287671232876712 0.4200913242009132 0.1293759512937595 0.0882800608828006
5 0.8569254185692542 0.3249619482496195 0.0943683409436834 0.0958904109589041
5 0.9330289193302892 0.3926940639269406 0.0943683409436834 0.1339421613394216
5 0.8995433789954338 0.2298325722983257 0.1400304414003044 0.1095890410958904
1 0.7245053272450532 0.1476407914764079 0.1339421613394216 0.106544901065449
1 0.6940639269406392 0.0669710806697108 0.0882800608828006 0.045662100456621
7 0.5540334855403348 0.09208523592085235 0.0943683409436834 0.0867579908675799
1 0.2762557077625571 0.1354642313546423 0.1019786910197869 0.1035007610350076
1 0.3736681887366819 0.23059360730593606 0.1476407914764079 0.1263318112633181
2 0.3439878234398782 0.11643835616438356 0.0791476407914764 0.1019786910197869
1 0.13926940639269406 0.2937595129375951 0.2085235920852359 0.1035007610350076
1 0.12404870624048706 0.1796042617960426 0.1415525114155251 0.1095890410958904
1 0.08447488584474885 0.076103500761035 0.0867579908675799 0.076103500761035
1 0.3774733637747336 0.3888888888888889 0.1856925418569254 0.1263318112633181
1 0.2952815829528158 0.5471841704718418 0.091324200913242 0.0837138508371385
1 0.3744292237442922 0.5007610350076104 0.1491628614916286 0.1095890410958904
1 0.19101978691019786 0.5334855403348554 0.1171993911719939 0.1476407914764079
1 0.2267884322678843 0.4132420091324201 0.076103500761035 0.0502283105022831
1 0.060882800608828 0.4520547945205479 0.076103500761035 0.091324200913242
1 0.05098934550989345 0.8394216133942162 0.0715372907153729 0.0989345509893455
1 0.11796042617960426 0.8363774733637748 0.0684931506849315 0.0989345509893455
1 0.0563165905631659 0.7480974124809742 0.076103500761035 0.0806697108066971
1 0.2222222222222222 0.7039573820395738 0.1796042617960426 0.1445966514459665
1 0.23972602739726026 0.817351598173516 0.0837138508371385 0.076103500761035
2 0.2792998477929985 0.9307458143074582 0.0715372907153729 0.0684931506849315
2 0.350076103500761 0.8820395738203958 0.060882800608828 0.0837138508371385
1 0.4649923896499239 0.9124809741248098 0.1567732115677321 0.1598173515981735
1 0.3866057838660578 0.7519025875190258 0.0791476407914764 0.0943683409436834
1 0.3820395738203957 0.6681887366818874 0.0639269406392694 0.106544901065449
1 0.484779299847793 0.7549467275494672 0.0867579908675799 0.1187214611872146
1 0.4665144596651446 0.6796042617960426 0.0684931506849315 0.1141552511415525
1 0.5068493150684932 0.5357686453576864 0.0426179604261796 0.121765601217656
1 0.6225266362252664 0.5251141552511416 0.15220700152207 0.136986301369863
1 0.5844748858447488 0.6621004566210046 0.1491628614916286 0.121765601217656
1 0.6910197869101978 0.662861491628615 0.060882800608828 0.1171993911719939
1 0.6095890410958904 0.7968036529680366 0.1324200913242009 0.1111111111111111
1 0.7732115677321156 0.8508371385083714 0.1095890410958904 0.15220700152207
1 0.9162861491628614 0.8698630136986302 0.076103500761035 0.1445966514459665
1 0.8881278538812786 0.6255707762557078 0.1933028919330289 0.2313546423135464