5 0.4079147640791476 0.16869300911854104 0.1582952815829528 0.0851063829787234
2 0.5677321156773212 0.16261398176291794 0.0821917808219178 0.08814589665653495
5 0.1856925418569254 0.9270516717325228 0.3378995433789954 0.1458966565349544
5 0.243531202435312 0.7857142857142857 0.1491628614916286 0.1337386018237082
5 0.1156773211567732 0.6793313069908815 0.1126331811263318 0.11246200607902736
5 0.2732115677321157 0.6238601823708206 0.1993911719939117 0.16869300911854104
5 0.4893455098934551 0.8259878419452887 0.1385083713850837 0.16261398176291794
5 0.7968036529680366 0.5372340425531915 0.1263318112633181 0.10182370820668693
5 0.9048706240487062 0.6641337386018237 0.1811263318112633 0.14285714285714285
5 0.4946727549467275 0.3609422492401216 0.2648401826484018 0.15045592705167174
5 0.6948249619482496 0.3525835866261398 0.1080669710806697 0.11854103343465046
5 0.8318112633181126 0.34802431610942247 0.1202435312024353 0.11246200607902736
5 0.7245053272450532 0.21428571428571427 0.1613394216133942 0.11854103343465046
5 0.9497716894977168 0.26975683890577506 0.091324200913242 0.27811550151975684
7 0.9353120243531202 0.044832826747720364 0.1293759512937595 0.07750759878419453
4 0.1354642313546423 0.2135258358662614 0.0578386605783866 0.06231003039513678
5 0.4786910197869102 0.6208206686930091 0.1171993911719939 0.12310030395136778
5 0.532724505327245 0.4886018237082067 0.3135464231354642 0.09270516717325228
5 0.9360730593607306 0.5334346504559271 0.1278538812785388 0.10030395136778116
7 0.4764079147640791 0.10030395136778116 0.0791476407914764 0.05167173252279635
7 0.3082191780821918 0.30623100303951367 0.0715372907153729 0.05623100303951368
3 0.8592085235920852 0.18009118541033434 0.0654490106544901 0.15045592705167174
3 0.11035007610350075 0.2674772036474164 0.0350076103500761 0.02735562310030395