5 0.4148936170212766 0.4140030441400304 0.09422492401215805 0.0974124809741248
7 0.39893617021276595 0.5974124809741248 0.08054711246200608 0.0654490106544901
5 0.6360182370820668 0.7663622526636226 0.08662613981762918 0.1141552511415525
5 0.8913373860182371 0.4360730593607306 0.1899696048632219 0.1202435312024353
5 0.13829787234042554 0.9025875190258752 0.10638297872340426 0.091324200913242
6 0.22112462006079028 0.5981735159817352 0.022796352583586626 0.0273972602739726
4 0.1952887537993921 0.6940639269406392 0.013677811550151976 0.015220700152207
6 0.3472644376899696 0.2465753424657534 0.025835866261398176 0.0213089802130898
4 0.4627659574468085 0.16818873668188736 0.025835866261398176 0.0197869101978691
5 0.41717325227963525 0.9619482496194824 0.07750759878419453 0.0730593607305936
5 0.7203647416413373 0.3767123287671233 0.08814589665653495 0.0776255707762557
5 0.9080547112462006 0.1035007610350076 0.07446808510638298 0.0730593607305936
5 0.9399696048632219 0.197869101978691 0.08662613981762918 0.091324200913242
3 0.9680851063829787 0.9018264840182648 0.06382978723404255 0.0380517503805175