5 0.563165905631659 0.4817351598173516 0.5570776255707762 0.5920852359208524
7 0.7496194824961948 0.928462709284627 0.3059360730593607 0.1430745814307458
5 0.0532724505327245 0.6293759512937596 0.106544901065449 0.3576864535768645
5 0.9140030441400304 0.16210045662100456 0.1719939117199391 0.2998477929984779
5 0.9505327245053272 0.4467275494672755 0.0989345509893455 0.2450532724505327
5 0.8858447488584474 0.6582952815829528 0.228310502283105 0.1476407914764079
5 0.9680365296803652 0.8272450532724506 0.0639269406392694 0.1385083713850837
7 0.1476407914764079 0.15601217656012176 0.1035007610350076 0.0989345509893455
0 0.06164383561643835 0.11796042617960426 0.0776255707762557 0.0898021308980213
0 0.1613394216133942 0.0745814307458143 0.1156773211567732 0.0487062404870624
5 0.4254185692541857 0.09665144596651445 0.2633181126331811 0.1933028919330289
7 0.697869101978691 0.1491628614916286 0.1324200913242009 0.1035007610350076
2 0.21537290715372906 0.3340943683409437 0.1750380517503805 0.1872146118721461
2 0.0471841704718417 0.910958904109589 0.0943683409436834 0.1780821917808219
2 0.3843226788432268 0.95662100456621 0.1415525114155251 0.0867579908675799
2 0.512937595129376 0.8660578386605784 0.1461187214611872 0.1308980213089802
2 0.8378995433789954 0.7922374429223744 0.0776255707762557 0.0684931506849315
6 0.23211567732115676 0.14687975646879756 0.0563165905631659 0.0654490106544901
6 0.02815829528158295 0.2009132420091324 0.0258751902587519 0.030441400304414
6 0.1095890410958904 0.24885844748858446 0.0273972602739726 0.0258751902587519
2 0.22602739726027396 0.684931506849315 0.1750380517503805 0.1582952815829528
2 0.2968036529680365 0.8660578386605784 0.182648401826484 0.1796042617960426
2 0.1613394216133942 0.9071537290715372 0.1248097412480974 0.1856925418569254
2 0.6971080669710806 0.8257229832572298 0.1461187214611872 0.0410958904109589
2 0.19558599695585996 0.454337899543379 0.2024353120243531 0.1598173515981735