1 0.6621004566210046 0.9687975646879756 0.0882800608828006 0.0624048706240487
2 0.6735159817351598 0.815068493150685 0.0502283105022831 0.0471841704718417
2 0.7732115677321156 0.9254185692541856 0.0517503805175038 0.0547945205479452
7 0.662861491628615 0.756468797564688 0.0350076103500761 0.0365296803652968
1 0.6811263318112634 0.617199391171994 0.0624048706240487 0.0898021308980213
1 0.8310502283105022 0.4246575342465753 0.0943683409436834 0.0639269406392694
1 0.8280060882800608 0.2640791476407915 0.0821917808219178 0.0898021308980213
2 0.8082191780821918 0.17579908675799086 0.0426179604261796 0.0471841704718417
1 0.632420091324201 0.1324200913242009 0.0776255707762557 0.1156773211567732
1 0.5677321156773212 0.3143074581430746 0.0882800608828006 0.1111111111111111
7 0.6719939117199392 0.30441400304414 0.0806697108066971 0.1126331811263318
1 0.7298325722983258 0.14383561643835616 0.1050228310502283 0.1111111111111111
7 0.7519025875190258 0.3302891933028919 0.0639269406392694 0.0821917808219178
1 0.708523592085236 0.2328767123287671 0.1171993911719939 0.0700152207001522
7 0.573820395738204 0.0700152207001522 0.0791476407914764 0.0882800608828006
3 0.9315068493150684 0.8249619482496194 0.136986301369863 0.350076103500761
3 0.9452054794520548 0.2853881278538813 0.1095890410958904 0.2602739726027397