5 0.3850837138508371 0.10578386605783865 0.2831050228310502 0.2115677321156773
5 0.167427701674277 0.02968036529680365 0.1339421613394216 0.0593607305936073
6 0.365296803652968 0.24885844748858446 0.0517503805175038 0.0593607305936073
6 0.2808219178082192 0.4946727549467275 0.0624048706240487 0.060882800608828
4 0.3508371385083714 0.5882800608828006 0.0532724505327245 0.0471841704718417
4 0.3150684931506849 0.5509893455098934 0.0639269406392694 0.0334855403348554
3 0.01902587519025875 0.684931506849315 0.0380517503805175 0.593607305936073
6 0.091324200913242 0.5753424657534246 0.0669710806697108 0.0487062404870624
6 0.06468797564687975 0.4147640791476408 0.0593607305936073 0.0471841704718417
3 0.04794520547945205 0.19101978691019786 0.0958904109589041 0.3820395738203957
3 0.06468797564687975 0.728310502283105 0.0563165905631659 0.0776255707762557
3 0.0958904109589041 0.882800608828006 0.0578386605783866 0.0547945205479452
3 0.2161339421613394 0.9185692541856926 0.030441400304414 0.0441400304414003
3 0.1628614916286149 0.6864535768645358 0.0578386605783866 0.0639269406392694