1 0.7252663622526636 0.2519025875190259 0.1780821917808219 0.1415525114155251
1 0.5578386605783866 0.22754946727549466 0.0989345509893455 0.1141552511415525
1 0.6133942161339422 0.10578386605783865 0.1248097412480974 0.0989345509893455
1 0.4703196347031963 0.1232876712328767 0.136986301369863 0.1248097412480974
2 0.786910197869102 0.3919330289193303 0.136986301369863 0.1293759512937595
1 0.6514459665144596 0.3706240487062405 0.0882800608828006 0.0806697108066971
1 0.5312024353120244 0.3280060882800609 0.1187214611872146 0.1019786910197869
5 0.9299847792998478 0.6788432267884322 0.0791476407914764 0.1035007610350076
5 0.9193302891933028 0.8691019786910198 0.0882800608828006 0.1248097412480974
5 0.16514459665144596 0.1430745814307458 0.1476407914764079 0.167427701674277
5 0.2054794520547945 0.363013698630137 0.121765601217656 0.1324200913242009
5 0.0852359208523592 0.3318112633181126 0.0730593607305936 0.1400304414003044
5 0.06468797564687975 0.5197869101978692 0.0684931506849315 0.1445966514459665
5 0.1856925418569254 0.4923896499238965 0.091324200913242 0.1019786910197869
5 0.1796042617960426 0.6484018264840182 0.1339421613394216 0.1400304414003044
7 0.6796042617960426 0.5076103500761036 0.0837138508371385 0.0958904109589041
5 0.3211567732115677 0.302130898021309 0.1035007610350076 0.1567732115677321
5 0.3135464231354642 0.441400304414003 0.1095890410958904 0.091324200913242
5 0.4208523592085236 0.395738203957382 0.0867579908675799 0.106544901065449
5 0.317351598173516 0.5829528158295282 0.0715372907153729 0.1035007610350076
5 0.4284627092846271 0.5403348554033486 0.0715372907153729 0.15220700152207
5 0.541095890410959 0.73896499238965 0.1476407914764079 0.1780821917808219
5 0.5235920852359208 0.6095890410958904 0.1095890410958904 0.1263318112633181
5 0.5365296803652968 0.4794520547945205 0.1141552511415525 0.106544901065449
5 0.7161339421613394 0.8835616438356164 0.2480974124809741 0.1872146118721461
5 0.7328767123287672 0.7176560121765602 0.1628614916286149 0.1263318112633181
5 0.8363774733637748 0.560882800608828 0.1141552511415525 0.1111111111111111
5 0.9277016742770168 0.4459665144596651 0.0989345509893455 0.0882800608828006
5 0.0487062404870624 0.1567732115677321 0.060882800608828 0.1095890410958904
5 0.8363774733637748 0.09360730593607305 0.1598173515981735 0.1293759512937595