3 0.9003044140030442 0.35030395136778114 0.1780821917808219 0.4148936170212766
2 0.8264840182648402 0.11018237082066869 0.045662100456621 0.041033434650455926
4 0.7070015220700152 0.29559270516717323 0.0471841704718417 0.05319148936170213
4 0.7138508371385084 0.1884498480243161 0.0365296803652968 0.0425531914893617
4 0.6689497716894978 0.5 0.0319634703196347 0.05167173252279635
4 0.6689497716894978 0.43541033434650456 0.0350076103500761 0.034954407294832825
1 0.7161339421613394 0.08966565349544073 0.0350076103500761 0.02735562310030395
7 0.7937595129375952 0.03267477203647416 0.2085235920852359 0.06534954407294832
1 0.7054794520547946 0.9209726443768997 0.1202435312024353 0.1519756838905775
1 0.6027397260273972 0.9369300911854104 0.1765601217656012 0.12613981762917933
1 0.4337899543378995 0.8183890577507599 0.1278538812785388 0.1838905775075988
5 0.617199391171994 0.7697568389057751 0.1993911719939117 0.18085106382978725
3 0.8904109589041096 0.824468085106383 0.1461187214611872 0.35106382978723405