2 0.5927051671732523 0.9010654490106544 0.0243161094224924 0.0273972602739726
1 0.6413373860182371 0.850076103500761 0.060790273556231005 0.0593607305936073
5 0.25455927051671734 0.13165905631659056 0.10182370820668693 0.1050228310502283
5 0.2553191489361702 0.01902587519025875 0.06990881458966565 0.0380517503805175
2 0.33206686930091184 0.01598173515981735 0.05015197568389058 0.0319634703196347
7 0.13677811550151975 0.3439878234398782 0.0668693009118541 0.0487062404870624
4 0.1952887537993921 0.2792998477929985 0.022796352583586626 0.0258751902587519
2 0.23328267477203649 0.2480974124809741 0.031914893617021274 0.0365296803652968
2 0.5531914893617021 0.1811263318112633 0.03951367781155015 0.0365296803652968
2 0.0182370820668693 0.3729071537290715 0.030395136778115502 0.030441400304414
2 0.46656534954407297 0.5487062404870624 0.0729483282674772 0.0745814307458143
2 0.986322188449848 0.9680365296803652 0.02735562310030395 0.0334855403348554
5 0.5721884498480243 0.7686453576864536 0.07750759878419453 0.0730593607305936
2 0.5797872340425532 0.6659056316590564 0.041033434650455926 0.0563165905631659
2 0.3229483282674772 0.5449010654490106 0.05015197568389058 0.045662100456621
2 0.628419452887538 0.967275494672755 0.034954407294832825 0.0350076103500761
2 0.6633738601823708 0.4528158295281583 0.044072948328267476 0.0563165905631659
7 0.22492401215805471 0.3569254185692542 0.0425531914893617 0.0471841704718417
7 0.016717325227963525 0.5753424657534246 0.03343465045592705 0.045662100456621
7 0.41793313069908816 0.8904109589041096 0.0364741641337386 0.0395738203957382
2 0.2689969604863222 0.895738203957382 0.03343465045592705 0.0289193302891933
5 0.1458966565349544 0.1248097412480974 0.08814589665653495 0.076103500761035
5 0.5987841945288754 0.0654490106544901 0.12158054711246201 0.106544901065449
5 0.7218844984802432 0.0852359208523592 0.10030395136778116 0.1126331811263318
5 0.8419452887537994 0.10882800608828005 0.1033434650455927 0.0806697108066971
5 0.851823708206687 0.0213089802130898 0.10486322188449848 0.0426179604261796
5 0.7135258358662614 0.2024353120243531 0.09270516717325228 0.106544901065449
5 0.8343465045592705 0.2313546423135464 0.0972644376899696 0.0791476407914764
5 0.9278115501519757 0.3493150684931507 0.12917933130699089 0.1415525114155251
5 0.6990881458966566 0.3249619482496195 0.08814589665653495 0.1050228310502283
5 0.8145896656534954 0.4627092846270928 0.09422492401215805 0.1004566210045662
5 0.45896656534954405 0.30441400304414 0.1033434650455927 0.0821917808219178
5 0.4551671732522796 0.4322678843226788 0.07142857142857142 0.0669710806697108
5 0.03951367781155015 0.6917808219178082 0.0729483282674772 0.0806697108066971
5 0.1344984802431611 0.7016742770167428 0.07142857142857142 0.0669710806697108
5 0.7826747720364742 0.926179604261796 0.08814589665653495 0.0898021308980213
5 0.04179331306990881 0.8698630136986302 0.07750759878419453 0.1872146118721461
5 0.1405775075987842 0.8287671232876712 0.08054711246200608 0.1080669710806697
5 0.4331306990881459 0.7678843226788432 0.057750759878419454 0.0684931506849315
4 0.19376899696048633 0.4383561643835616 0.019756838905775075 0.0243531202435312
4 0.053951367781155016 0.2884322678843227 0.034954407294832825 0.0106544901065449
4 0.12386018237082067 0.2853881278538813 0.019756838905775075 0.0197869101978691
4 0.044832826747720364 0.4071537290715373 0.016717325227963525 0.0167427701674277
4 0.0364741641337386 0.2267884322678843 0.02127659574468085 0.0213089802130898
4 0.4870820668693009 0.06012176560121765 0.019756838905775075 0.0167427701674277
4 0.6618541033434651 0.6149162861491628 0.013677811550151976 0.015220700152207
4 0.43465045592705165 0.6757990867579908 0.02127659574468085 0.0273972602739726
4 0.2948328267477204 0.769406392694064 0.03343465045592705 0.0167427701674277
4 0.8259878419452887 0.8637747336377474 0.022796352583586626 0.0197869101978691
4 0.9650455927051672 0.9048706240487062 0.02127659574468085 0.0289193302891933