7 0.6504559270516718 0.8835616438356164 0.0911854103343465 0.1111111111111111
2 0.5562310030395137 0.9528158295281582 0.1276595744680851 0.0943683409436834
5 0.5448328267477204 0.8424657534246576 0.1474164133738602 0.1385083713850837
5 0.4308510638297872 0.6582952815829528 0.135258358662614 0.1841704718417047
5 0.5585106382978723 0.6811263318112634 0.15045592705167174 0.1263318112633181
5 0.44452887537993924 0.1415525114155251 0.10486322188449848 0.1187214611872146
5 0.4992401215805471 0.3333333333333333 0.12613981762917933 0.1461187214611872
5 0.6094224924012158 0.5121765601217656 0.23708206686930092 0.2054794520547945
5 0.6382978723404256 0.3980213089802131 0.1276595744680851 0.1019786910197869
5 0.4521276595744681 0.03881278538812785 0.23556231003039513 0.0776255707762557
5 0.6664133738601824 0.0745814307458143 0.19300911854103345 0.1491628614916286
5 0.6436170212765957 0.24429223744292236 0.1474164133738602 0.1567732115677321
3 0.9703647416413373 0.8561643835616438 0.05927051671732523 0.1324200913242009
3 0.7469604863221885 0.6255707762557078 0.12310030395136778 0.1339421613394216
3 0.7104863221884499 0.7640791476407914 0.18085106382978725 0.1126331811263318