5 0.9278115501519757 0.7572298325722984 0.14437689969604864 0.4855403348554033
5 0.31534954407294835 0.3866057838660578 0.21124620060790272 0.2222222222222222
5 0.22644376899696048 0.18949771689497716 0.23100303951367782 0.1598173515981735
5 0.13753799392097266 0.3896499238964992 0.1474164133738602 0.2222222222222222
5 0.3161094224924012 0.4299847792998478 0.0121580547112462 0.0015220700152207
2 0.8115501519756839 0.4741248097412481 0.13677811550151975 0.0989345509893455
2 0.75 0.624048706240487 0.08966565349544073 0.1156773211567732
2 0.7256838905775076 0.7633181126331812 0.11094224924012158 0.1324200913242009
0 0.7036474164133738 0.3698630136986301 0.08814589665653495 0.1035007610350076
0 0.7849544072948328 0.4033485540334855 0.06838905775075987 0.045662100456621
0 0.7188449848024316 0.4642313546423135 0.04559270516717325 0.0669710806697108
5 0.9361702127659575 0.07838660578386605 0.1276595744680851 0.1537290715372907
5 0.9110942249240122 0.3234398782343988 0.1778115501519757 0.1902587519025875
5 0.743920972644377 0.0943683409436834 0.1595744680851064 0.1461187214611872
5 0.7006079027355623 0.2359208523592085 0.19756838905775076 0.1491628614916286
5 0.8806990881458967 0.15449010654490106 0.12613981762917933 0.1385083713850837
5 0.4331306990881459 0.6187214611872146 0.08206686930091185 0.0837138508371385
0 0.49848024316109424 0.8729071537290716 0.08814589665653495 0.0624048706240487
0 0.6033434650455927 0.908675799086758 0.1033434650455927 0.0669710806697108
5 0.28799392097264437 0.04642313546423135 0.2811550151975684 0.0898021308980213
5 0.08738601823708207 0.6377473363774734 0.1595744680851064 0.1735159817351598
5 0.067629179331307 0.863013698630137 0.12006079027355623 0.2313546423135464
5 0.22340425531914893 0.6910197869101978 0.17933130699088146 0.258751902587519
5 0.32142857142857145 0.9003044140030442 0.25987841945288753 0.1993911719939117
5 0.5007598784194529 0.789193302891933 0.135258358662614 0.0715372907153729
5 0.5364741641337386 0.682648401826484 0.24316109422492402 0.1445966514459665
5 0.5630699088145896 0.4162861491628615 0.196048632218845 0.1963470319634703
5 0.6337386018237082 0.5547945205479452 0.19148936170212766 0.0837138508371385
5 0.6983282674772037 0.9535768645357686 0.22644376899696048 0.0928462709284627