1 0.1263318112633181 0.58675799086758 0.0943683409436834 0.1476407914764079
1 0.5053272450532724 0.3972602739726027 0.15220700152207 0.1856925418569254
1 0.2876712328767123 0.2907153729071537 0.1248097412480974 0.1095890410958904
1 0.14535768645357686 0.2115677321156773 0.1719939117199391 0.1491628614916286
2 0.3736681887366819 0.1917808219178082 0.0958904109589041 0.1035007610350076
1 0.19101978691019786 0.4003044140030441 0.1628614916286149 0.1248097412480974
1 0.22754946727549466 0.5350076103500762 0.0989345509893455 0.1293759512937595
1 0.3409436834094368 0.5213089802130898 0.1095890410958904 0.0989345509893455
1 0.3378995433789954 0.4117199391171994 0.106544901065449 0.1111111111111111
1 0.2222222222222222 0.819634703196347 0.1248097412480974 0.1324200913242009
1 0.2914764079147641 0.7207001522070016 0.1445966514459665 0.1324200913242009
1 0.3447488584474886 0.8417047184170472 0.1111111111111111 0.1248097412480974
1 0.4375951293759513 0.6872146118721462 0.1445966514459665 0.1445966514459665
2 0.20167427701674276 0.0867579908675799 0.0684931506849315 0.045662100456621
2 0.3089802130898021 0.09360730593607305 0.0791476407914764 0.0806697108066971
0 0.5197869101978692 0.8097412480974124 0.0715372907153729 0.060882800608828
0 0.5951293759512938 0.7214611872146118 0.0943683409436834 0.091324200913242
0 0.6567732115677322 0.6400304414003044 0.1171993911719939 0.0563165905631659
0 0.469558599695586 0.921613394216134 0.0654490106544901 0.1111111111111111
5 0.1506849315068493 0 0.3013698630136986 0
5 0.604261796042618 0.9124809741248098 0.167427701674277 0.0989345509893455
5 0.697869101978691 0.845509893455099 0.1111111111111111 0.0867579908675799
5 0.7138508371385084 0.7336377473363774 0.076103500761035 0.076103500761035
5 0.837138508371385 0.8721461187214612 0.136986301369863 0.1856925418569254
5 0.895738203957382 0.7488584474885844 0.1628614916286149 0.060882800608828
7 0.697869101978691 0.512937595129376 0.0563165905631659 0.106544901065449
5 0.7321156773211568 0.3896499238964992 0.0882800608828006 0.1035007610350076
5 0.8165905631659056 0.5502283105022832 0.1293759512937595 0.1263318112633181
5 0.9048706240487062 0.6400304414003044 0.1141552511415525 0.1019786910197869
5 0.8340943683409436 0.3181126331811263 0.1552511415525114 0.1552511415525114
5 0.8417047184170472 0.15601217656012176 0.1339421613394216 0.1293759512937595
5 0.73896499238965 0.1339421613394216 0.1111111111111111 0.1339421613394216
5 0.6407914764079148 0.2595129375951294 0.1095890410958904 0.0867579908675799
5 0.7382039573820396 0.2640791476407915 0.060882800608828 0.0715372907153729
5 0.5882800608828006 0.1385083713850837 0.1750380517503805 0.1339421613394216
5 0.9421613394216134 0.8964992389649924 0.060882800608828 0.1187214611872146