4 0.5350076103500762 0.1400304414003044 0.0410958904109589 0.0578386605783866
5 0.4977168949771689 0.4459665144596651 0.1948249619482496 0.2070015220700152
6 0.5228310502283106 0.3143074581430746 0.0471841704718417 0.0684931506849315
7 0.4642313546423135 0.6514459665144596 0.0791476407914764 0.1095890410958904
7 0.5190258751902588 0.58675799086758 0.0852359208523592 0.0715372907153729
3 0.5707762557077626 0.9604261796042618 0.1613394216133942 0.0791476407914764
3 0.9398782343987824 0.3622526636225266 0.1202435312024353 0.7245053272450532
3 0.8546423135464232 0.8637747336377474 0.1232876712328767 0.1506849315068493
3 0.8424657534246576 0.7397260273972602 0.0837138508371385 0.0517503805175038
3 0.9733637747336378 0.9710806697108066 0.0532724505327245 0.0578386605783866
3 0.5806697108066972 0.7214611872146118 0.1598173515981735 0.1613394216133942
3 0.654490106544901 0.3112633181126332 0.1308980213089802 0.6012176560121766