2 0.9535768645357686 0.2450532724505327 0.0867579908675799 0.1339421613394216
2 0.8493150684931506 0.20167427701674276 0.0943683409436834 0.1354642313546423
2 0.728310502283105 0.16666666666666666 0.1324200913242009 0.1202435312024353
5 0.6423135464231354 0.0487062404870624 0.2161339421613394 0.0974124809741248
7 0.5167427701674278 0.0624048706240487 0.0563165905631659 0.1035007610350076
5 0.4101978691019787 0.07077625570776255 0.1141552511415525 0.1415525114155251
5 0.1841704718417047 0.0380517503805175 0.1613394216133942 0.076103500761035
5 0.3120243531202435 0.0639269406392694 0.0669710806697108 0.1278538812785388
7 0.3409436834094368 0.3698630136986301 0.0852359208523592 0.0943683409436834
7 0.228310502283105 0.4512937595129376 0.0334855403348554 0.0380517503805175
6 0.076103500761035 0.5121765601217656 0.0517503805175038 0.0532724505327245
3 0.0563165905631659 0.7579908675799086 0.1126331811263318 0.0943683409436834
3 0.06012176560121765 0.4269406392694064 0.1202435312024353 0.0898021308980213