5 0.9809741248097412 0.9611872146118722 0.0380517503805175 0.0776255707762557
5 0.943683409436834 0.8470319634703196 0.1126331811263318 0.1263318112633181
5 0.91324200913242 0.9665144596651446 0.1004566210045662 0.0669710806697108
5 0.7519025875190258 0.9558599695585996 0.1796042617960426 0.0882800608828006
5 0.741248097412481 0.852359208523592 0.2252663622526636 0.1035007610350076
5 0.9596651445966514 0.6270928462709284 0.0806697108066971 0.2617960426179604
5 0.7450532724505328 0.7123287671232876 0.2937595129375951 0.1765601217656012
5 0.8105022831050228 0.591324200913242 0.1567732115677321 0.1537290715372907
5 0.5616438356164384 0.967275494672755 0.1491628614916286 0.0654490106544901
5 0.547945205479452 0.8569254185692542 0.1491628614916286 0.1278538812785388
5 0.3964992389649924 0.91324200913242 0.1537290715372907 0.1735159817351598
5 0.4977168949771689 0.6940639269406392 0.2070015220700152 0.1765601217656012
5 0.258751902587519 0.9155251141552512 0.1035007610350076 0.1445966514459665
5 0.1293759512937595 0.9786910197869102 0.167427701674277 0.0426179604261796
7 0.02663622526636225 0.969558599695586 0.0502283105022831 0.060882800608828
5 0.0410958904109589 0.845509893455099 0.0791476407914764 0.1506849315068493
5 0.14383561643835616 0.89117199391172 0.1050228310502283 0.0958904109589041
7 0.1948249619482496 0.7770167427701674 0.1339421613394216 0.1050228310502283
7 0.2960426179604262 0.791476407914764 0.1232876712328767 0.106544901065449
7 0.2557077625570776 0.6834094368340944 0.0578386605783866 0.060882800608828
7 0.3378995433789954 0.708523592085236 0.0882800608828006 0.1293759512937595
5 0.8447488584474886 0.365296803652968 0.2009132420091324 0.258751902587519
5 0.9748858447488584 0.256468797564688 0.0502283105022831 0.1780821917808219
5 0.7503805175038052 0.2808219178082192 0.1278538812785388 0.1171993911719939
5 0.7024353120243532 0.3683409436834094 0.1202435312024353 0.1248097412480974
5 0.593607305936073 0.530441400304414 0.2557077625570776 0.2328767123287671
5 0.4505327245053272 0.4193302891933029 0.197869101978691 0.2359208523592085
5 0.3257229832572298 0.5745814307458144 0.2222222222222222 0.1385083713850837
5 0.3165905631659056 0.4505327245053272 0.1035007610350076 0.1095890410958904
5 0.1050228310502283 0.6514459665144596 0.2070015220700152 0.2100456621004566
5 0.0258751902587519 0.5235920852359208 0.0487062404870624 0.136986301369863
5 0.1354642313546423 0.4231354642313546 0.182648401826484 0.2070015220700152
4 0.18493150684931506 0.54337899543379 0.0350076103500761 0.030441400304414
5 0.0471841704718417 0.3135464231354642 0.091324200913242 0.1917808219178082
5 0.6027397260273972 0.2990867579908676 0.1887366818873668 0.1963470319634703
5 0.5403348554033486 0.19710806697108066 0.1704718417047184 0.1263318112633181
5 0.9375951293759512 0.0517503805175038 0.1248097412480974 0.0974124809741248
5 0.806697108066971 0.13318112633181126 0.2800608828006088 0.1719939117199391
5 0.07534246575342465 0.10121765601217655 0.1506849315068493 0.2024353120243531
5 0.18036529680365296 0.21080669710806696 0.1506849315068493 0.1963470319634703
5 0.3158295281582953 0.2671232876712329 0.2207001522070015 0.2237442922374429
5 0.5981735159817352 0.060882800608828 0.1248097412480974 0.121765601217656
5 0.426179604261796 0.1004566210045662 0.1430745814307458 0.1095890410958904
0 0.2389649923896499 0.05251141552511415 0.1552511415525114 0.1050228310502283