1 0.9474885844748858 0.06925418569254185 0.0837138508371385 0.0958904109589041
1 0.2762557077625571 0.12709284627092846 0.1171993911719939 0.1019786910197869
2 0.4703196347031963 0.1719939117199391 0.121765601217656 0.0791476407914764
1 0.1339421613394216 0.19710806697108066 0.1248097412480974 0.1293759512937595
1 0.0517503805175038 0.3744292237442922 0.0730593607305936 0.0639269406392694
1 0.09665144596651445 0.4710806697108067 0.0806697108066971 0.0837138508371385
1 0.1796042617960426 0.3447488584474886 0.1248097412480974 0.0989345509893455
1 0.2663622526636225 0.2945205479452055 0.091324200913242 0.1324200913242009
1 0.22754946727549466 0.4467275494672755 0.1141552511415525 0.0958904109589041
1 0.3774733637747336 0.3181126331811263 0.1187214611872146 0.076103500761035
1 0.7404870624048706 0.1613394216133942 0.1019786910197869 0.1035007610350076
1 0.5989345509893456 0.1339421613394216 0.1171993911719939 0.1187214611872146
1 0.6757990867579908 0.302130898021309 0.091324200913242 0.1171993911719939
1 0.7815829528158296 0.3439878234398782 0.1171993911719939 0.1491628614916286
1 0.8576864535768646 0.2823439878234399 0.0806697108066971 0.1019786910197869
1 0.9269406392694064 0.4809741248097412 0.1095890410958904 0.1552511415525114
5 0.04642313546423135 0.6179604261796042 0.0654490106544901 0.0639269406392694
5 0.0867579908675799 0.7747336377473364 0.106544901065449 0.076103500761035
5 0.09056316590563165 0.6742770167427702 0.0684931506849315 0.0791476407914764
5 0.10882800608828005 0.5859969558599696 0.0563165905631659 0.076103500761035
5 0.0745814307458143 0.926179604261796 0.0791476407914764 0.0867579908675799
5 0.10426179604261795 0.8660578386605784 0.0563165905631659 0.0791476407914764
5 0.16971080669710806 0.9512937595129376 0.0715372907153729 0.076103500761035
5 0.22298325722983256 0.8584474885844748 0.1293759512937595 0.1095890410958904
5 0.21385083713850836 0.7549467275494672 0.1324200913242009 0.0791476407914764
5 0.1872146118721461 0.6757990867579908 0.0791476407914764 0.060882800608828
5 0.21841704718417046 0.5829528158295282 0.0958904109589041 0.0943683409436834
5 0.8736681887366818 0.7975646879756468 0.1187214611872146 0.091324200913242
5 0.8881278538812786 0.908675799086758 0.0867579908675799 0.076103500761035
5 0.7275494672754946 0.6902587519025876 0.1035007610350076 0.1171993911719939
5 0.8234398782343988 0.6796042617960426 0.0730593607305936 0.1019786910197869
5 0.9117199391171994 0.7016742770167428 0.091324200913242 0.0791476407914764
5 0.9033485540334856 0.632420091324201 0.0867579908675799 0.0654490106544901
5 0.3127853881278539 0.5532724505327246 0.0410958904109589 0.0502283105022831
5 0.3964992389649924 0.5213089802130898 0.0806697108066971 0.1293759512937595
5 0.4703196347031963 0.5509893455098934 0.0578386605783866 0.106544901065449
5 0.4687975646879756 0.4368340943683409 0.0730593607305936 0.076103500761035
5 0.5220700152207002 0.6704718417047184 0.0943683409436834 0.1263318112633181
5 0.5920852359208524 0.6438356164383562 0.0578386605783866 0.0791476407914764
5 0.6118721461187214 0.5464231354642314 0.076103500761035 0.1035007610350076
5 0.6971080669710806 0.5502283105022832 0.0791476407914764 0.0958904109589041
5 0.3280060882800609 0.6362252663622526 0.0958904109589041 0.0730593607305936
5 0.3713850837138508 0.7252663622526636 0.1187214611872146 0.0958904109589041
5 0.4117199391171994 0.860730593607306 0.1019786910197869 0.1263318112633181
5 0.715372907153729 0.9254185692541856 0.136986301369863 0.1035007610350076
5 0.7054794520547946 0.815068493150685 0.1719939117199391 0.0867579908675799
5 0.5509893455098934 0.8645357686453576 0.106544901065449 0.1095890410958904
5 0.6095890410958904 0.7534246575342466 0.1019786910197869 0.106544901065449