1 0.4642313546423135 0.5418569254185692 0.1339421613394216 0.1917808219178082
1 0.4794520547945205 0.7199391171993912 0.1552511415525114 0.1704718417047184
1 0.6149162861491628 0.8051750380517504 0.1582952815829528 0.15220700152207
1 0.7838660578386606 0.7952815829528158 0.1765601217656012 0.1263318112633181
1 0.7382039573820396 0.667427701674277 0.1461187214611872 0.1506849315068493
1 0.8554033485540334 0.5593607305936074 0.1643835616438356 0.1689497716894977
1 0.9512937595129376 0.3614916286149163 0.0974124809741248 0.1202435312024353
1 0.7633181126331812 0.4330289193302892 0.1719939117199391 0.1719939117199391
0 0.4969558599695586 0.2792998477929985 0.0837138508371385 0.1050228310502283
0 0.5806697108066972 0.3127853881278539 0.0989345509893455 0.0989345509893455
0 0.6636225266362252 0.1856925418569254 0.1095890410958904 0.136986301369863
0 0.708523592085236 0.2694063926940639 0.1415525114155251 0.121765601217656
0 0.7465753424657534 0.0669710806697108 0.1141552511415525 0.1339421613394216
0 0.9277016742770168 0.21993911719939116 0.1232876712328767 0.1080669710806697
2 0.332572298325723 0.5068493150684932 0.0502283105022831 0.0578386605783866
2 0.3097412480974125 0.6301369863013698 0.0563165905631659 0.076103500761035
2 0.3569254185692542 0.5814307458143074 0.0441400304414003 0.0487062404870624
6 0.378234398782344 0.7922374429223744 0.0350076103500761 0.0563165905631659
6 0.4360730593607306 0.958904109589041 0.0410958904109589 0.0395738203957382
6 0.2929984779299848 0.9817351598173516 0.0319634703196347 0.0334855403348554
2 0.3843226788432268 0.3881278538812785 0.0471841704718417 0.0517503805175038
7 0.16971080669710806 0.0745814307458143 0.0532724505327245 0.045662100456621
7 0.18188736681887366 0.0182648401826484 0.0958904109589041 0.0365296803652968
0 0.6613394216133942 0.969558599695586 0.1141552511415525 0.060882800608828
0 0.9558599695585996 0.9375951293759512 0.0882800608828006 0.1248097412480974
1 0.8964992389649924 0.7267884322678844 0.15220700152207 0.1750380517503805