7 0.1856925418569254 0.606544901065449 0.106544901065449 0.0867579908675799
5 0.1689497716894977 0.8165905631659056 0.1643835616438356 0.1598173515981735
6 0.2648401826484018 0.6986301369863014 0.0273972602739726 0.0578386605783866
5 0.2983257229832572 0.91324200913242 0.1187214611872146 0.106544901065449
6 0.2914764079147641 0.7671232876712328 0.0502283105022831 0.060882800608828
6 0.3143074581430746 0.7054794520547946 0.0502283105022831 0.0654490106544901
6 0.3211567732115677 0.8158295281582952 0.0334855403348554 0.0273972602739726
2 0.4809741248097412 0.7602739726027398 0.1339421613394216 0.1141552511415525
5 0.6841704718417048 0.8447488584474886 0.1141552511415525 0.106544901065449
2 0.576103500761035 0.73896499238965 0.0502283105022831 0.1111111111111111
1 0.7214611872146118 0.6894977168949772 0.2009132420091324 0.1035007610350076
1 0.8340943683409436 0.7922374429223744 0.1095890410958904 0.1019786910197869
5 0.1202435312024353 0.19254185692541856 0.0791476407914764 0.1933028919330289
5 0.2465753424657534 0.14231354642313546 0.121765601217656 0.1019786910197869
5 0.3850837138508371 0.1841704718417047 0.1339421613394216 0.1643835616438356
5 0.06621004566210045 0.3607305936073059 0.0958904109589041 0.15220700152207
5 0.13926940639269406 0.4817351598173516 0.1415525114155251 0.0837138508371385
5 0.3105022831050228 0.4992389649923896 0.136986301369863 0.1491628614916286
5 0.4649923896499239 0.5334855403348554 0.1415525114155251 0.1324200913242009
5 0.6537290715372908 0.5380517503805176 0.1750380517503805 0.1019786910197869
5 0.4079147640791476 0.3942161339421613 0.1187214611872146 0.1095890410958904
5 0.2420091324200913 0.3120243531202435 0.1643835616438356 0.182648401826484
5 0.4992389649923896 0.1263318112633181 0.1095890410958904 0.1491628614916286
5 0.5380517503805176 0.4094368340943683 0.0867579908675799 0.076103500761035
5 0.5654490106544902 0.2975646879756469 0.1263318112633181 0.1111111111111111
5 0.6286149162861492 0.1248097412480974 0.1552511415525114 0.15220700152207
5 0.678082191780822 0.3721461187214612 0.1171993911719939 0.1293759512937595
5 0.8188736681887366 0.4878234398782344 0.0943683409436834 0.0958904109589041
5 0.9117199391171994 0.5601217656012176 0.1187214611872146 0.1400304414003044
5 0.8013698630136986 0.34779299847793 0.1141552511415525 0.1171993911719939
5 0.8850837138508372 0.2907153729071537 0.1141552511415525 0.1248097412480974
5 0.8843226788432268 0.19101978691019786 0.1187214611872146 0.0867579908675799
5 0.7077625570776256 0.2534246575342466 0.106544901065449 0.0958904109589041
5 0.7595129375951294 0.1887366818873668 0.0791476407914764 0.0882800608828006
5 0.4657534246575342 0.952054794520548 0.0791476407914764 0.0806697108066971
5 0.9573820395738204 0.7496194824961948 0.060882800608828 0.0837138508371385
5 0.9596651445966514 0.6750380517503806 0.0715372907153729 0.0654490106544901
5 0.18188736681887366 0.9383561643835616 0.0989345509893455 0.0654490106544901
5 0.0426179604261796 0.852359208523592 0.0730593607305936 0.15220700152207
5 0.8919330289193302 0.06468797564687975 0.1552511415525114 0.0837138508371385
5 0.7557077625570776 0.06012176560121765 0.0684931506849315 0.0989345509893455