1 0.14840182648401826 0.1430745814307458 0.1598173515981735 0.1948249619482496
2 0.2914764079147641 0.17275494672754946 0.0989345509893455 0.0806697108066971
1 0.3949771689497717 0.09512937595129375 0.0837138508371385 0.0989345509893455
1 0.5091324200913242 0.10121765601217655 0.0989345509893455 0.0867579908675799
2 0.5768645357686454 0.16818873668188736 0.1339421613394216 0.0654490106544901
5 0.8234398782343988 0.19558599695585996 0.3013698630136986 0.2024353120243531
5 0.8127853881278538 0.3127853881278539 0.0882800608828006 0.0867579908675799
5 0.8812785388127854 0.3576864535768645 0.1400304414003044 0.136986301369863
5 0.7404870624048706 0.7534246575342466 0.2024353120243531 0.15220700152207
5 0.2450532724505327 0.4337899543378995 0.1035007610350076 0.091324200913242
5 0.4429223744292237 0.2998477929984779 0.1491628614916286 0.15220700152207
5 0.3485540334855403 0.3576864535768645 0.1187214611872146 0.167427701674277
5 0.4977168949771689 0.4193302891933029 0.136986301369863 0.1019786910197869
5 0.6552511415525114 0.510654490106545 0.0958904109589041 0.1019786910197869
5 0.0882800608828006 0.5753424657534246 0.0943683409436834 0.1400304414003044
5 0.1080669710806697 0.4596651445966514 0.0639269406392694 0.076103500761035
5 0.8645357686453576 0.6187214611872146 0.1095890410958904 0.1019786910197869
5 0.9170471841704718 0.754185692541857 0.0989345509893455 0.1567732115677321
5 0.921613394216134 0.9170471841704718 0.1019786910197869 0.0989345509893455
5 0.5494672754946728 0.7229832572298326 0.1095890410958904 0.091324200913242
5 0.6339421613394216 0.6362252663622526 0.1628614916286149 0.1095890410958904
5 0.7336377473363774 0.906392694063927 0.106544901065449 0.1019786910197869
5 0.5707762557077626 0.84779299847793 0.167427701674277 0.121765601217656
5 0.4550989345509893 0.8599695585996956 0.0639269406392694 0.091324200913242
5 0.3310502283105023 0.8767123287671232 0.1750380517503805 0.1187214611872146
5 0.22298325722983256 0.7975646879756468 0.1171993911719939 0.167427701674277
5 0.10121765601217655 0.7625570776255708 0.0989345509893455 0.1643835616438356
5 0.20015220700152206 0.617199391171994 0.1141552511415525 0.1567732115677321
5 0.3356164383561644 0.5296803652968036 0.1171993911719939 0.1400304414003044
5 0.3828006088280061 0.6910197869101978 0.1750380517503805 0.1856925418569254
5 0.4977168949771689 0.5487062404870624 0.167427701674277 0.1019786910197869