5 0.9247720364741642 0.44376899696048633 0.15045592705167174 0.24316109422492402
5 0.9285714285714286 0.8297872340425532 0.14285714285714285 0.20364741641337386
5 0.7515197568389058 0.5980243161094225 0.23556231003039513 0.20820668693009117
5 0.8214285714285714 0.128419452887538 0.19908814589665655 0.1717325227963526
5 0.9012158054711246 0.24240121580547114 0.1519756838905775 0.1474164133738602
5 0.9080547112462006 0.07142857142857142 0.1838905775075988 0.14285714285714285
5 0.7575987841945289 0.41033434650455924 0.18085106382978725 0.1702127659574468
5 0.6603343465045592 0.16717325227963525 0.16261398176291794 0.19756838905775076
5 0.31762917933130697 0.47188449848024316 0.24316109422492402 0.23556231003039513
5 0.5349544072948328 0.5075987841945289 0.17325227963525835 0.18541033434650456
5 0.08890577507598785 0.0790273556231003 0.1656534954407295 0.1580547112462006
5 0.04179331306990881 0.24164133738601823 0.08358662613981763 0.14285714285714285
5 0.05851063829787234 0.479483282674772 0.11702127659574468 0.196048632218845
5 0.36930091185410335 0.09270516717325228 0.19756838905775076 0.18541033434650456
5 0.36930091185410335 0.2674772036474164 0.2006079027355623 0.1519756838905775
2 0.5448328267477204 0.2948328267477204 0.11398176291793313 0.17933130699088146
2 0.15653495440729484 0.5129179331306991 0.057750759878419454 0.11702127659574468
5 0.7727963525835866 0.9133738601823708 0.19908814589665655 0.17325227963525835
5 0.2743161094224924 0.9551671732522796 0.1838905775075988 0.08966565349544073
5 0.08814589665653495 0.9262917933130699 0.1762917933130699 0.1474164133738602
5 0.12386018237082067 0.7446808510638298 0.16261398176291794 0.16717325227963525
5 0.3913373860182371 0.7689969604863222 0.3541033434650456 0.303951367781155
0 0.9506079027355623 0.6542553191489362 0.09878419452887538 0.09574468085106383
0 0.7537993920972644 0.7644376899696048 0.14893617021276595 0.10030395136778116
0 0.6193009118541033 0.7196048632218845 0.09574468085106383 0.1413373860182371
0 0.6177811550151976 0.8594224924012158 0.08662613981762918 0.12006079027355623
5 0.04635258358662614 0.8138297872340425 0.09270516717325228 0.11702127659574468
5 0.2256838905775076 0.851063829787234 0.11094224924012158 0.12158054711246201
5 0.22188449848024316 0.16033434650455927 0.09422492401215805 0.1413373860182371
5 0.5098784194528876 0.047872340425531915 0.1595744680851064 0.08966565349544073
5 0.13829787234042554 0.3191489361702128 0.1094224924012158 0.12158054711246201