1 0.18645357686453576 0.4155251141552511 0.0989345509893455 0.1400304414003044
1 0.1050228310502283 0.3211567732115677 0.0943683409436834 0.1796042617960426
5 0.3515981735159817 0.4984779299847793 0.0882800608828006 0.1445966514459665
5 0.15144596651445966 0.771689497716895 0.1750380517503805 0.136986301369863
5 0.12709284627092846 0.662861491628615 0.1415525114155251 0.0806697108066971
5 0.1126331811263318 0.9056316590563166 0.1187214611872146 0.106544901065449
5 0.21080669710806696 0.8736681887366818 0.0806697108066971 0.091324200913242
2 0.3181126331811263 0.3751902587519026 0.106544901065449 0.0684931506849315
5 0.1354642313546423 0.1735159817351598 0.091324200913242 0.076103500761035
5 0.1506849315068493 0.06773211567732115 0.1035007610350076 0.0837138508371385
5 0.2701674277016743 0.1552511415525114 0.1141552511415525 0.197869101978691
7 0.3051750380517504 0.3006088280060883 0.1019786910197869 0.0532724505327245
5 0.4231354642313546 0.14687975646879756 0.1400304414003044 0.1415525114155251
5 0.6103500761035008 0.16818873668188736 0.1095890410958904 0.1324200913242009
5 0.8493150684931506 0.1659056316590563 0.1491628614916286 0.1187214611872146
5 0.6986301369863014 0.1035007610350076 0.106544901065449 0.0791476407914764
5 0.723744292237443 0.1887366818873668 0.0867579908675799 0.0791476407914764
5 0.2747336377473364 0.6818873668188736 0.1111111111111111 0.1248097412480974
5 0.3280060882800609 0.815068493150685 0.1263318112633181 0.1111111111111111
5 0.3310502283105023 0.9223744292237442 0.1293759512937595 0.0882800608828006