1 0.14687975646879756 0.17884322678843226 0.1598173515981735 0.1293759512937595
1 0.2572298325722983 0.332572298325723 0.1187214611872146 0.1171993911719939
1 0.3318112633181126 0.2465753424657534 0.1248097412480974 0.106544901065449
1 0.3820395738203957 0.14992389649923896 0.1248097412480974 0.1415525114155251
1 0.0989345509893455 0.2770167427701674 0.136986301369863 0.106544901065449
1 0.1080669710806697 0.8637747336377474 0.0730593607305936 0.0532724505327245
2 0.19406392694063926 0.8493150684931506 0.0684931506849315 0.1248097412480974
1 0.11643835616438356 0.7442922374429224 0.1324200913242009 0.1187214611872146
1 0.11035007610350075 0.6301369863013698 0.1141552511415525 0.106544901065449
1 0.3386605783866058 0.7983257229832572 0.1750380517503805 0.1445966514459665
2 0.6491628614916286 0.9231354642313546 0.0684931506849315 0.0867579908675799
1 0.7519025875190258 0.799847792998478 0.197869101978691 0.1780821917808219
2 0.895738203957382 0.3257229832572298 0.0867579908675799 0.121765601217656
2 0.821917808219178 0.5920852359208524 0.060882800608828 0.0791476407914764
2 0.8569254185692542 0.4992389649923896 0.0578386605783866 0.0730593607305936
2 0.921613394216134 0.4474885844748858 0.0410958904109589 0.091324200913242
1 0.926179604261796 0.6529680365296804 0.0958904109589041 0.1339421613394216
1 0.4817351598173516 0.8797564687975646 0.1141552511415525 0.1643835616438356
1 0.5007610350076104 0.6362252663622526 0.1339421613394216 0.1704718417047184
1 0.1415525114155251 0.528158295281583 0.0943683409436834 0.060882800608828
1 0.13165905631659056 0.3987823439878234 0.0563165905631659 0.076103500761035
1 0.2267884322678843 0.4482496194824962 0.1035007610350076 0.1141552511415525
1 0.3295281582952816 0.4908675799086758 0.0989345509893455 0.1141552511415525
1 0.2914764079147641 0.632420091324201 0.1750380517503805 0.1476407914764079
1 0.4467275494672755 0.3074581430745814 0.1415525114155251 0.182648401826484
1 0.5045662100456622 0.1491628614916286 0.0867579908675799 0.1339421613394216
1 0.5555555555555556 0.2557077625570776 0.060882800608828 0.0639269406392694
1 0.6293759512937596 0.3394216133942161 0.1324200913242009 0.1643835616438356
1 0.601978691019787 0.4855403348554033 0.1019786910197869 0.1035007610350076
1 0.6757990867579908 0.6362252663622526 0.091324200913242 0.0943683409436834
1 0.7176560121765602 0.45662100456621 0.1111111111111111 0.15220700152207
1 0.5966514459665144 0.8120243531202436 0.060882800608828 0.0867579908675799
1 0.3105022831050228 0.9292237442922374 0.091324200913242 0.0867579908675799
1 0.21080669710806696 0.0563165905631659 0.2024353120243531 0.076103500761035
6 0.7557077625570776 0.22146118721461186 0.0502283105022831 0.0502283105022831