1 0.708523592085236 0.1765601217656012 0.1019786910197869 0.1796042617960426
1 0.6856925418569254 0.4885844748858447 0.1171993911719939 0.1643835616438356
1 0.7526636225266362 0.6453576864535768 0.2054794520547945 0.1339421613394216
1 0.715372907153729 0.8127853881278538 0.167427701674277 0.121765601217656
1 0.8888888888888888 0.7496194824961948 0.136986301369863 0.2359208523592085
1 0.8706240487062404 0.541095890410959 0.136986301369863 0.1111111111111111
1 0.8767123287671232 0.4292237442922374 0.0882800608828006 0.106544901065449
2 0.8378995433789954 0.0958904109589041 0.0654490106544901 0.0882800608828006
1 0.926179604261796 0.17732115677321156 0.0867579908675799 0.1263318112633181
1 0.5350076103500762 0.834855403348554 0.1141552511415525 0.1324200913242009
1 0.3645357686453577 0.8850837138508372 0.1598173515981735 0.1141552511415525
2 0.17275494672754946 0.8729071537290716 0.1628614916286149 0.1415525114155251
5 0.1430745814307458 0.6902587519025876 0.106544901065449 0.1111111111111111
5 0.2450532724505327 0.7275494672754946 0.1035007610350076 0.0882800608828006
5 0.365296803652968 0.7100456621004566 0.136986301369863 0.1111111111111111
5 0.4216133942161339 0.6400304414003044 0.121765601217656 0.0806697108066971
2 0.6491628614916286 0.3394216133942161 0.1019786910197869 0.0943683409436834
5 0.5076103500761036 0.5213089802130898 0.1476407914764079 0.2054794520547945
5 0.5388127853881278 0.1582952815829528 0.1491628614916286 0.15220700152207
5 0.4954337899543379 0.3280060882800609 0.1567732115677321 0.1719939117199391
5 0.3729071537290715 0.3645357686453577 0.136986301369863 0.1750380517503805
5 0.3759512937595129 0.1735159817351598 0.136986301369863 0.1948249619482496
5 0.2846270928462709 0.547945205479452 0.136986301369863 0.182648401826484
5 0.3828006088280061 0.5076103500761036 0.0958904109589041 0.0867579908675799
5 0.2191780821917808 0.18036529680365296 0.1552511415525114 0.1019786910197869
2 0.5441400304414004 0.7191780821917808 0.0532724505327245 0.0684931506849315
2 0.606544901065449 0.6636225266362252 0.0502283105022831 0.0882800608828006
5 0.1050228310502283 0.3447488584474886 0.1095890410958904 0.1141552511415525
5 0.22146118721461186 0.0974124809741248 0.1476407914764079 0.0882800608828006
5 0.08751902587519025 0.2252663622526636 0.0532724505327245 0.0639269406392694
5 0.09665144596651445 0.1461187214611872 0.0502283105022831 0.0639269406392694
5 0.21993911719939116 0.3394216133942161 0.1598173515981735 0.1856925418569254
5 0.14687975646879756 0.530441400304414 0.1445966514459665 0.1719939117199391
1 0.8280060882800608 0.9375951293759512 0.2617960426179604 0.1248097412480974