5 0.8411854103343465 0.0258751902587519 0.13829787234042554 0.0517503805175038
5 0.9802431610942249 0.076103500761035 0.03951367781155015 0.106544901065449
2 0.601063829787234 0.3888888888888889 0.041033434650455926 0.0441400304414003
2 0.6519756838905775 0.3508371385083714 0.03951367781155015 0.0350076103500761
2 0.6702127659574468 0.3302891933028919 0.0364741641337386 0.0426179604261796
2 0.6382978723404256 0.4178082191780822 0.03951367781155015 0.0410958904109589
2 0.6641337386018237 0.3866057838660578 0.030395136778115502 0.0334855403348554
2 0.7773556231003039 0.3995433789954338 0.04711246200607903 0.0532724505327245
2 0.7545592705167173 0.3394216133942161 0.05319148936170213 0.0365296803652968
2 0.7173252279635258 0.19863013698630136 0.03951367781155015 0.0410958904109589
2 0.6071428571428571 0.24885844748858446 0.05927051671732523 0.0563165905631659
2 0.5790273556231003 0.469558599695586 0.05167173252279635 0.0624048706240487
2 0.9817629179331308 0.3105022831050228 0.0364741641337386 0.045662100456621
2 0.7454407294832827 0.106544901065449 0.028875379939209727 0.045662100456621
2 0.5775075987841946 0.15144596651445966 0.03343465045592705 0.0289193302891933
2 0.5851063829787234 0.517503805175038 0.0425531914893617 0.0365296803652968
2 0.6314589665653495 0.5144596651445966 0.041033434650455926 0.0426179604261796
2 0.6360182370820668 0.4786910197869102 0.031914893617021274 0.0441400304414003
2 0.6808510638297872 0.5273972602739726 0.0364741641337386 0.0471841704718417
2 0.6983282674772037 0.589041095890411 0.05015197568389058 0.0365296803652968
2 0.7165653495440729 0.6506849315068494 0.031914893617021274 0.0380517503805175
2 0.9566869300911854 0.4710806697108067 0.04711246200607903 0.0350076103500761
2 0.9848024316109423 0.4444444444444444 0.030395136778115502 0.030441400304414
2 0.5334346504559271 0.5030441400304414 0.03951367781155015 0.0380517503805175
2 0.6770516717325228 0.289193302891933 0.037993920972644375 0.0395738203957382
2 0.986322188449848 0.791476407914764 0.02735562310030395 0.076103500761035
2 0.9384498480243161 0.928462709284627 0.034954407294832825 0.030441400304414
2 0.9825227963525835 0.910958904109589 0.034954407294832825 0.0502283105022831
2 0.8966565349544073 0.9299847792998478 0.0364741641337386 0.0578386605783866
2 0.9202127659574468 0.8858447488584474 0.05319148936170213 0.0243531202435312
4 0.810790273556231 0.8417047184170472 0.019756838905775075 0.015220700152207
2 0.8541033434650456 0.8310502283105022 0.0547112462006079 0.045662100456621
2 0.8639817629179332 0.7351598173515982 0.037993920972644375 0.0395738203957382
2 0.8936170212765957 0.723744292237443 0.05167173252279635 0.0441400304414003
2 0.7674772036474165 0.7754946727549468 0.03951367781155015 0.0350076103500761
2 0.8077507598784195 0.7701674277016742 0.034954407294832825 0.0426179604261796
2 0.6679331306990881 0.9269406392694064 0.05319148936170213 0.045662100456621
2 0.7340425531914894 0.958904109589041 0.0486322188449848 0.030441400304414
2 0.8472644376899696 0.9208523592085236 0.034954407294832825 0.0365296803652968
2 0.9490881458966566 0.9726027397260274 0.037993920972644375 0.0365296803652968
4 0.7978723404255319 0.1552511415525114 0.0182370820668693 0.0213089802130898
2 0.64209726443769 0.20624048706240486 0.028875379939209727 0.0289193302891933
2 0.6800911854103343 0.05555555555555555 0.041033434650455926 0.0350076103500761
4 0.5531914893617021 0.23211567732115676 0.02127659574468085 0.0197869101978691
4 0.567629179331307 0.19558599695585996 0.025835866261398176 0.0197869101978691
2 0.6200607902735562 0.18188736681887366 0.03951367781155015 0.0106544901065449
4 0.439209726443769 0.182648401826484 0.02127659574468085 0.0213089802130898
4 0.44452887537993924 0.16057838660578386 0.022796352583586626 0.0167427701674277
4 0.5083586626139818 0.4467275494672755 0.019756838905775075 0.0258751902587519
4 0.9650455927051672 0.4003044140030441 0.0182370820668693 0.0273972602739726
4 0.7180851063829787 0.273972602739726 0.022796352583586626 0.0243531202435312
4 0.7743161094224924 0.2678843226788432 0.019756838905775075 0.0213089802130898
4 0.6162613981762918 0.5837138508371386 0.022796352583586626 0.0197869101978691
4 0.6504559270516718 0.5829528158295282 0.0243161094224924 0.0273972602739726
3 0.44832826747720367 0.8105022831050228 0.2188449848024316 0.3789954337899543
4 0.5030395136778115 0.5509893455098934 0.02127659574468085 0.0243531202435312
4 0.7165653495440729 0.8820395738203958 0.025835866261398176 0.0228310502283105
4 0.7948328267477204 0.9010654490106544 0.02735562310030395 0.0213089802130898
4 0.7720364741641338 0.8249619482496194 0.02735562310030395 0.0091324200913242
4 0.8214285714285714 0.8820395738203958 0.019756838905775075 0.0197869101978691
4 0.9133738601823708 0.8470319634703196 0.0182370820668693 0.0167427701674277
4 0.9916413373860182 0.24277016742770166 0.016717325227963525 0.0258751902587519
4 0.9559270516717325 0.24885844748858446 0.030395136778115502 0.0258751902587519
4 0.5600303951367781 0.1187214611872146 0.016717325227963525 0.0213089802130898
4 0.5759878419452887 0.11491628614916286 0.015197568389057751 0.0228310502283105
3 0.10866261398176291 0.6331811263318112 0.21732522796352582 0.1613394216133942
3 0.08130699088145897 0.7968036529680366 0.15653495440729484 0.1445966514459665
3 0.20212765957446807 0.4573820395738204 0.3282674772036474 0.1811263318112633
3 0.4551671732522796 0.0441400304414003 0.21732522796352582 0.0882800608828006