5 0.4657534246575342 0.8599695585996956 0.1491628614916286 0.1765601217656012
5 0.2625570776255708 0.7648401826484018 0.1293759512937595 0.1111111111111111
5 0.1765601217656012 0.8401826484018264 0.1400304414003044 0.091324200913242
5 0.1811263318112633 0.9459665144596652 0.228310502283105 0.1080669710806697
5 0.3371385083713851 0.8797564687975646 0.1445966514459665 0.1248097412480974
5 0.3843226788432268 0.9642313546423136 0.1993911719939117 0.0654490106544901
6 0.6841704718417048 0.9657534246575342 0.0289193302891933 0.0380517503805175
6 0.713089802130898 0.9786910197869102 0.0197869101978691 0.0243531202435312
6 0.5837138508371386 0.95662100456621 0.0228310502283105 0.0380517503805175
6 0.6073059360730594 0.9269406392694064 0.0395738203957382 0.030441400304414
6 0.5943683409436834 0.7960426179604262 0.0350076103500761 0.0365296803652968
6 0.6537290715372908 0.8287671232876712 0.0624048706240487 0.0258751902587519
6 0.6263318112633182 0.8812785388127854 0.1050228310502283 0.0426179604261796
6 0.558599695585997 0.7511415525114156 0.0547945205479452 0.0471841704718417
6 0.6385083713850838 0.7199391171993912 0.0441400304414003 0.030441400304414
6 0.589041095890411 0.6864535768645358 0.0730593607305936 0.0334855403348554
6 0.3835616438356164 0.7054794520547946 0.0426179604261796 0.0532724505327245
6 0.4406392694063927 0.6894977168949772 0.0441400304414003 0.0547945205479452
6 0.5060882800608828 0.7496194824961948 0.0350076103500761 0.0289193302891933
6 0.510654490106545 0.7123287671232876 0.0289193302891933 0.0334855403348554
6 0.4421613394216134 0.7382039573820396 0.0350076103500761 0.0334855403348554
6 0.4406392694063927 0.6278538812785388 0.0502283105022831 0.0380517503805175
6 0.4627092846270928 0.5989345509893456 0.0334855403348554 0.0441400304414003
6 0.3866057838660578 0.6225266362252664 0.045662100456621 0.0395738203957382
6 0.591324200913242 0.6445966514459666 0.0350076103500761 0.0410958904109589
6 0.6354642313546424 0.6666666666666666 0.0502283105022831 0.030441400304414
6 0.6293759512937596 0.601978691019787 0.0319634703196347 0.0471841704718417
6 0.667427701674277 0.6270928462709284 0.0471841704718417 0.0426179604261796
7 0.560882800608828 0.4832572298325723 0.1019786910197869 0.0837138508371385
6 0.5981735159817352 0.5540334855403348 0.0273972602739726 0.0334855403348554
6 0.639269406392694 0.5167427701674278 0.0334855403348554 0.0258751902587519
6 0.6575342465753424 0.5570776255707762 0.0273972602739726 0.0213089802130898
6 0.5220700152207002 0.560882800608828 0.0395738203957382 0.0258751902587519
6 0.4832572298325723 0.6666666666666666 0.0319634703196347 0.0243531202435312
6 0.15449010654490106 0.6666666666666666 0.0471841704718417 0.0395738203957382
6 0.2237442922374429 0.6529680365296804 0.0334855403348554 0.0273972602739726
6 0.24429223744292236 0.5449010654490106 0.0380517503805175 0.045662100456621
6 0.3523592085235921 0.532724505327245 0.0319634703196347 0.0365296803652968
6 0.3523592085235921 0.423896499238965 0.0319634703196347 0.0319634703196347
6 0.4824961948249619 0.4345509893455099 0.0517503805175038 0.0471841704718417
6 0.4429223744292237 0.4611872146118721 0.0547945205479452 0.030441400304414
6 0.3972602739726027 0.4931506849315068 0.045662100456621 0.030441400304414
6 0.3614916286149163 0.4741248097412481 0.0410958904109589 0.0410958904109589
6 0.3181126331811263 0.4824961948249619 0.0487062404870624 0.045662100456621
5 0.076103500761035 0.634703196347032 0.106544901065449 0.0974124809741248
5 0.04033485540334855 0.7176560121765602 0.0806697108066971 0.1537290715372907
5 0.02815829528158295 0.5898021308980214 0.0563165905631659 0.0745814307458143
5 0.19254185692541856 0.4505327245053272 0.1111111111111111 0.1278538812785388
5 0.3036529680365297 0.350076103500761 0.1171993911719939 0.1126331811263318
7 0.17427701674277016 0.256468797564688 0.0715372907153729 0.0898021308980213
2 0.3028919330289193 0.2252663622526636 0.0730593607305936 0.0700152207001522
0 0.03881278538812785 0.3394216133942161 0.0532724505327245 0.0669710806697108
0 0.091324200913242 0.3919330289193303 0.0426179604261796 0.0745814307458143
0 0.09056316590563165 0.3295281582952816 0.0410958904109589 0.0684931506849315
0 0.17579908675799086 0.11796042617960426 0.0593607305936073 0.0898021308980213
0 0.1111111111111111 0.05555555555555555 0.0700152207001522 0.0593607305936073
0 0.1004566210045662 0.167427701674277 0.0669710806697108 0.0639269406392694
0 0.0958904109589041 0.11035007610350075 0.0943683409436834 0.0684931506849315
5 0.182648401826484 0.0228310502283105 0.091324200913242 0.045662100456621
5 0.2831050228310502 0.0334855403348554 0.1248097412480974 0.0669710806697108
6 0.3371385083713851 0.08447488584474885 0.0745814307458143 0.0380517503805175
6 0.4383561643835616 0.00989345509893455 0.045662100456621 0.0197869101978691
6 0.4817351598173516 0.0928462709284627 0.0350076103500761 0.0669710806697108
6 0.471841704718417 0.04337899543378995 0.0395738203957382 0.0258751902587519
6 0.4383561643835616 0.12709284627092846 0.0426179604261796 0.0350076103500761
6 0.4467275494672755 0.0852359208523592 0.0289193302891933 0.0273972602739726
6 0.4018264840182648 0.14687975646879756 0.0334855403348554 0.0563165905631659
6 0.365296803652968 0.12252663622526636 0.0669710806697108 0.0350076103500761
6 0.3181126331811263 0.1476407914764079 0.0365296803652968 0.0334855403348554
6 0.5182648401826484 0.08447488584474885 0.0502283105022831 0.0410958904109589
6 0.5395738203957382 0.045662100456621 0.0410958904109589 0.0395738203957382
6 0.6141552511415526 0.09817351598173515 0.0380517503805175 0.0380517503805175
6 0.5624048706240488 0.0852359208523592 0.0471841704718417 0.0273972602739726
6 0.5220700152207002 0.15753424657534246 0.045662100456621 0.0441400304414003
6 0.5372907153729072 0.21385083713850836 0.0547945205479452 0.0319634703196347
6 0.4954337899543379 0.2404870624048706 0.0289193302891933 0.0273972602739726
6 0.593607305936073 0.17579908675799086 0.0882800608828006 0.0684931506849315
6 0.4269406392694064 0.2222222222222222 0.0958904109589041 0.0791476407914764
6 0.3896499238964992 0.2929984779299848 0.0243531202435312 0.0167427701674277
6 0.4155251141552511 0.3295281582952816 0.0365296803652968 0.0410958904109589
6 0.4596651445966514 0.3409436834094368 0.0547945205479452 0.0395738203957382
6 0.5342465753424658 0.3599695585996956 0.0517503805175038 0.0289193302891933
6 0.5365296803652968 0.2876712328767123 0.0502283105022831 0.0273972602739726
6 0.573820395738204 0.3340943683409437 0.0578386605783866 0.0532724505327245
6 0.5966514459665144 0.302130898021309 0.0273972602739726 0.0228310502283105
6 0.669710806697108 0.3036529680365297 0.0213089802130898 0.0258751902587519
6 0.6248097412480974 0.2808219178082192 0.0471841704718417 0.0258751902587519
6 0.6385083713850838 0.258751902587519 0.0289193302891933 0.0273972602739726
6 0.6248097412480974 0.4048706240487062 0.0289193302891933 0.030441400304414
6 0.6491628614916286 0.3820395738203957 0.0258751902587519 0.0273972602739726
6 0.4117199391171994 0.4322678843226788 0.0197869101978691 0.0243531202435312
6 0.632420091324201 0.4649923896499239 0.0410958904109589 0.0350076103500761
6 0.4878234398782344 0.3866057838660578 0.0350076103500761 0.030441400304414
6 0.11796042617960426 0.4802130898021309 0.0624048706240487 0.0532724505327245
6 0.06621004566210045 0.5068493150684932 0.0532724505327245 0.0426179604261796
6 0.4840182648401826 0.3036529680365297 0.030441400304414 0.0289193302891933
6 0.5616438356164384 0.2595129375951294 0.0395738203957382 0.0258751902587519
0 0.0654490106544901 0.0593607305936073 0.0517503805175038 0.0578386605783866
5 0.0243531202435312 0.1324200913242009 0.0487062404870624 0.1035007610350076