1 0.923896499238965 0.6681887366818874 0.15220700152207 0.1765601217656012
1 0.4977168949771689 0.4140030441400304 0.076103500761035 0.0852359208523592
5 0.3135464231354642 0.910958904109589 0.091324200913242 0.1263318112633181
5 0.1963470319634703 0.7062404870624048 0.0974124809741248 0.1400304414003044
5 0.30441400304414 0.6331811263318112 0.1095890410958904 0.1461187214611872
7 0.3424657534246575 0.121765601217656 0.0669710806697108 0.0700152207001522
1 0.6841704718417048 0.5045662100456622 0.1263318112633181 0.1202435312024353
1 0.639269406392694 0.6301369863013698 0.1643835616438356 0.1308980213089802
1 0.6750380517503806 0.776255707762557 0.3668188736681887 0.1248097412480974
1 0.8203957382039574 0.649923896499239 0.1339421613394216 0.106544901065449
5 0.286910197869102 0.4254185692541857 0.1537290715372907 0.1324200913242009
5 0.2541856925418569 0.2610350076103501 0.1095890410958904 0.1111111111111111
7 0.3264840182648402 0.0365296803652968 0.1780821917808219 0.0669710806697108
2 0.6270928462709284 0.95662100456621 0.0821917808219178 0.0441400304414003
5 0.7184170471841704 0.06164383561643835 0.1552511415525114 0.1019786910197869
5 0.9467275494672754 0.15220700152207 0.106544901065449 0.1095890410958904
5 0.60882800608828 0.22146118721461186 0.136986301369863 0.0898021308980213
5 0.8059360730593608 0.2328767123287671 0.1415525114155251 0.0791476407914764
5 0.4764079147640791 0.2450532724505327 0.1339421613394216 0.091324200913242
5 0.9299847792998478 0.4140030441400304 0.1156773211567732 0.0821917808219178
5 0.667427701674277 0.3280060882800609 0.1354642313546423 0.0745814307458143
5 0.9505327245053272 0.5380517503805176 0.0898021308980213 0.1171993911719939
5 0.8295281582952816 0.5053272450532724 0.1339421613394216 0.121765601217656
4 0.9733637747336378 0.971841704718417 0.0532724505327245 0.0502283105022831
5 0.213089802130898 0.8599695585996956 0.1004566210045662 0.091324200913242
1 0.3394216133942161 0.7671232876712328 0.1704718417047184 0.1126331811263318
5 0.16057838660578386 0.5570776255707762 0.1019786910197869 0.1126331811263318
5 0.5357686453576864 0.0715372907153729 0.1643835616438356 0.1156773211567732
5 0.910958904109589 0.0441400304414003 0.1780821917808219 0.0669710806697108
0 0.0669710806697108 0.2450532724505327 0.1308980213089802 0.487062404870624
0 0.0989345509893455 0.941400304414003 0.1400304414003044 0.0684931506849315
1 0.8127853881278538 0.9041095890410958 0.2770167427701674 0.106544901065449
3 0.0639269406392694 0.6575342465753424 0.1187214611872146 0.136986301369863