5 0.4992389649923896 0.271689497716895 0.121765601217656 0.1232876712328767
5 0.6179604261796042 0.1719939117199391 0.1126331811263318 0.091324200913242
7 0.0334855403348554 0.5502283105022832 0.0669710806697108 0.1567732115677321
5 0.928462709284627 0.921613394216134 0.1004566210045662 0.1232876712328767
5 0.8264840182648402 0.9375951293759512 0.0882800608828006 0.1126331811263318
5 0.6461187214611872 0.05859969558599695 0.1598173515981735 0.1080669710806697
5 0.5814307458143074 0.6286149162861492 0.076103500761035 0.091324200913242
5 0.3554033485540335 0.3668188736681887 0.0776255707762557 0.0700152207001522
5 0.13774733637747336 0.4025875190258752 0.1111111111111111 0.0898021308980213
5 0.2541856925418569 0.3919330289193303 0.0943683409436834 0.0624048706240487
5 0.3995433789954338 0.2823439878234399 0.0806697108066971 0.0928462709284627
5 0.20471841704718416 0.3211567732115677 0.0745814307458143 0.0487062404870624
5 0.2907153729071537 0.30441400304414 0.0791476407914764 0.0639269406392694
5 0.1476407914764079 0.09969558599695585 0.076103500761035 0.0654490106544901
5 0.0350076103500761 0.17732115677321156 0.0669710806697108 0.1324200913242009
5 0.3006088280060883 0.15296803652968036 0.0654490106544901 0.0532724505327245
5 0.2557077625570776 0.2450532724505327 0.0791476407914764 0.0578386605783866
5 0.0730593607305936 0.2838660578386606 0.0882800608828006 0.0715372907153729
5 0.15905631659056316 0.21993911719939116 0.0837138508371385 0.1141552511415525
5 0.2968036529680365 0.4611872146118721 0.2039573820395738 0.0578386605783866
5 0.4223744292237443 0.3881278538812785 0.0563165905631659 0.0882800608828006
5 0.0395738203957382 0.3721461187214612 0.0669710806697108 0.0867579908675799
5 0.0471841704718417 0.0502283105022831 0.0882800608828006 0.0821917808219178
5 0.14535768645357686 0.0273972602739726 0.0989345509893455 0.0487062404870624
6 0.4916286149162861 0.0182648401826484 0.0426179604261796 0.0334855403348554
6 0.5167427701674278 0.469558599695586 0.0289193302891933 0.0197869101978691
6 0.14079147640791476 0.6095890410958904 0.0380517503805175 0.0350076103500761
7 0.0593607305936073 0.7222222222222222 0.091324200913242 0.0532724505327245
6 0.0258751902587519 0.9375951293759512 0.0395738203957382 0.0395738203957382
7 0.136986301369863 0.9254185692541856 0.0395738203957382 0.0852359208523592
5 0.24277016742770166 0.91324200913242 0.1019786910197869 0.0821917808219178
7 0.713089802130898 0.9185692541856926 0.0350076103500761 0.0745814307458143
7 0.7465753424657534 0.9817351598173516 0.0684931506849315 0.0273972602739726
6 0.7496194824961948 0.9490106544901066 0.0289193302891933 0.0197869101978691
5 0.4025875190258752 0.9048706240487062 0.1385083713850837 0.1111111111111111
5 0.5350076103500762 0.8721461187214612 0.0563165905631659 0.091324200913242
5 0.5395738203957382 0.982496194824962 0.0532724505327245 0.0350076103500761
5 0.6103500761035008 0.9771689497716894 0.0700152207001522 0.045662100456621
5 0.2922374429223744 0.7146118721461188 0.0669710806697108 0.0410958904109589
5 0.4946727549467275 0.6445966514459666 0.0517503805175038 0.0502283105022831
5 0.3972602739726027 0.6156773211567732 0.0882800608828006 0.0715372907153729
5 0.6225266362252664 0.8280060882800608 0.0669710806697108 0.1004566210045662
5 0.3242009132420091 0.7724505327245054 0.0517503805175038 0.0624048706240487
5 0.4535768645357686 0.7990867579908676 0.0639269406392694 0.0639269406392694
5 0.5235920852359208 0.7747336377473364 0.0639269406392694 0.0882800608828006
5 0.5943683409436834 0.7450532724505328 0.0502283105022831 0.0502283105022831
5 0.4901065449010654 0.69558599695586 0.0578386605783866 0.0395738203957382
5 0.3866057838660578 0.821917808219178 0.0639269406392694 0.0395738203957382
5 0.378234398782344 0.7686453576864536 0.0380517503805175 0.0395738203957382
5 0.4315068493150685 0.7290715372907154 0.0624048706240487 0.0578386605783866
5 0.3599695585996956 0.6971080669710806 0.0654490106544901 0.0517503805175038
5 0.2990867579908676 0.654490106544901 0.0502283105022831 0.0547945205479452
5 0.22146118721461186 0.8120243531202436 0.0715372907153729 0.0928462709284627
5 0.2983257229832572 0.8401826484018264 0.0700152207001522 0.0517503805175038
5 0.2252663622526636 0.6986301369863014 0.0639269406392694 0.0547945205479452
5 0.6575342465753424 0.9124809741248098 0.0639269406392694 0.0471841704718417
5 0.669710806697108 0.971841704718417 0.0517503805175038 0.0502283105022831
5 0.5974124809741248 0.9155251141552512 0.0532724505327245 0.0502283105022831
7 0.6537290715372908 0.6864535768645358 0.0471841704718417 0.0730593607305936
6 0.8310502283105022 0.8515981735159818 0.0273972602739726 0.0289193302891933
6 0.7876712328767124 0.769406392694064 0.0380517503805175 0.0289193302891933
6 0.6666666666666666 0.4147640791476408 0.0243531202435312 0.0289193302891933
7 0.654490106544901 0.547945205479452 0.0578386605783866 0.0243531202435312
6 0.7442922374429224 0.4748858447488584 0.0273972602739726 0.0243531202435312
3 0.789193302891933 0.1095890410958904 0.0258751902587519 0.0365296803652968
6 0.7937595129375952 0.06468797564687975 0.0441400304414003 0.0350076103500761
6 0.773972602739726 0.19710806697108066 0.0410958904109589 0.0289193302891933
6 0.7267884322678844 0.2952815829528158 0.0410958904109589 0.0365296803652968
6 0.6971080669710806 0.17427701674277016 0.030441400304414 0.0350076103500761
6 0.7686453576864536 0.2404870624048706 0.0273972602739726 0.030441400304414
6 0.8158295281582952 0.0121765601217656 0.0365296803652968 0.0243531202435312
6 0.9794520547945206 0.02054794520547945 0.0380517503805175 0.0410958904109589
5 0.2968036529680365 0.1019786910197869 0.0700152207001522 0.0395738203957382
5 0.228310502283105 0.1445966514459665 0.0578386605783866 0.076103500761035
7 0.3683409436834094 0.15144596651445966 0.045662100456621 0.0350076103500761
7 0.365296803652968 0.1111111111111111 0.0517503805175038 0.0334855403348554
5 0.2313546423135464 0.0715372907153729 0.0517503805175038 0.0547945205479452
6 0.4398782343987823 0.1856925418569254 0.0395738203957382 0.0365296803652968
6 0.8409436834094368 0.0806697108066971 0.0319634703196347 0.0517503805175038
6 0.8774733637747336 0.16514459665144596 0.0197869101978691 0.0167427701674277
5 0.8295281582952816 0.517503805175038 0.1004566210045662 0.1004566210045662
5 0.8280060882800608 0.6331811263318112 0.0578386605783866 0.0547945205479452
5 0.7557077625570776 0.6582952815829528 0.0776255707762557 0.0928462709284627
5 0.9779299847792998 0.7267884322678844 0.0441400304414003 0.1415525114155251
5 0.9140030441400304 0.5905631659056316 0.0684931506849315 0.0852359208523592
5 0.9094368340943684 0.693302891933029 0.0837138508371385 0.0898021308980213
5 0.9117199391171994 0.7732115677321156 0.0730593607305936 0.0487062404870624
5 0.8356164383561644 0.7092846270928462 0.0547945205479452 0.0669710806697108
5 0.9771689497716894 0.5859969558599696 0.045662100456621 0.1248097412480974
5 0.9764079147640792 0.3150684931506849 0.0471841704718417 0.0730593607305936
5 0.9748858447488584 0.4048706240487062 0.0502283105022831 0.0821917808219178
5 0.9474885844748858 0.4901065449010654 0.1050228310502283 0.0517503805175038
5 0.9208523592085236 0.30441400304414 0.0547945205479452 0.0700152207001522
5 0.8995433789954338 0.3987823439878234 0.0882800608828006 0.0882800608828006
5 0.9497716894977168 0.22754946727549466 0.0943683409436834 0.0715372907153729
7 0.9611872146118722 0.09969558599695585 0.0776255707762557 0.0715372907153729
7 0.9627092846270928 0.1659056316590563 0.0684931506849315 0.0426179604261796
6 0.789193302891933 0.4010654490106545 0.0350076103500761 0.0350076103500761
6 0.776255707762557 0.454337899543379 0.0243531202435312 0.0167427701674277
7 0.7701674277016742 0.3462709284627093 0.0578386605783866 0.0380517503805175
6 0.776255707762557 0.3127853881278539 0.0273972602739726 0.0228310502283105
7 0.850076103500761 0.3127853881278539 0.0502283105022831 0.0197869101978691
6 0.8272450532724506 0.4147640791476408 0.0258751902587519 0.0350076103500761
4 0.6613394216133942 0.6293759512937596 0.0289193302891933 0.0167427701674277
6 0.7115677321156774 0.7214611872146118 0.0197869101978691 0.0273972602739726
6 0.7823439878234398 0.741248097412481 0.0213089802130898 0.0213089802130898
6 0.984779299847793 0.8188736681887366 0.030441400304414 0.0243531202435312
6 0.9916286149162862 0.9939117199391172 0.0167427701674277 0.0121765601217656
6 0.9931506849315068 0.9056316590563166 0.0136986301369863 0.015220700152207
7 0.8645357686453576 0.0395738203957382 0.0395738203957382 0.0365296803652968
2 0.9056316590563166 0.15296803652968036 0.0273972602739726 0.0654490106544901
7 0.09056316590563165 0.5662100456621004 0.0289193302891933 0.0578386605783866
6 0.11491628614916286 0.5547945205479452 0.0167427701674277 0.0136986301369863
7 0.1719939117199391 0.6879756468797564 0.0395738203957382 0.060882800608828
5 0.3105022831050228 0.604261796042618 0.0700152207001522 0.0365296803652968
6 0.3569254185692542 0.5441400304414004 0.0289193302891933 0.0197869101978691
6 0.3964992389649924 0.5471841704718418 0.0319634703196347 0.0319634703196347
5 0.2359208523592085 0.6248097412480974 0.0547945205479452 0.0776255707762557
2 0.302130898021309 0.563165905631659 0.0776255707762557 0.0273972602739726
7 0.16362252663622526 0.7808219178082192 0.0319634703196347 0.0578386605783866
3 0.0289193302891933 0.8599695585996956 0.0365296803652968 0.030441400304414
6 0.04337899543378995 0.830289193302892 0.0258751902587519 0.0258751902587519
6 0.0365296803652968 0.8896499238964992 0.0395738203957382 0.0167427701674277
6 0.07838660578386605 0.8637747336377474 0.0258751902587519 0.0167427701674277
7 0.1735159817351598 0.9908675799086758 0.1339421613394216 0.0182648401826484
6 0.2572298325722983 0.9855403348554034 0.0213089802130898 0.0167427701674277
6 0.11643835616438356 0.834855403348554 0.0136986301369863 0.0136986301369863
6 0.060882800608828 0.9657534246575342 0.0213089802130898 0.0136986301369863
6 0.15905631659056316 0.832572298325723 0.0197869101978691 0.0182648401826484
5 0.3493150684931507 0.9817351598173516 0.0867579908675799 0.0365296803652968
6 0.4429223744292237 0.5426179604261796 0.0426179604261796 0.0319634703196347
4 0.4581430745814307 0.5722983257229832 0.0213089802130898 0.0182648401826484
6 0.7267884322678844 0.7861491628614916 0.0441400304414003 0.0197869101978691
6 0.7336377473363774 0.8280060882800608 0.030441400304414 0.0243531202435312
6 0.8135464231354642 0.17884322678843226 0.0197869101978691 0.0197869101978691
6 0.7671232876712328 0.1354642313546423 0.0243531202435312 0.0182648401826484
6 0.7511415525114156 0.0563165905631659 0.0258751902587519 0.0243531202435312
7 0.7031963470319634 0.4406392694063927 0.0365296803652968 0.0502283105022831
4 0.3234398782343988 0.530441400304414 0.0258751902587519 0.0167427701674277
6 0.08447488584474885 0.6773211567732116 0.0441400304414003 0.0334855403348554
6 0.1704718417047184 0.9642313546423136 0.0213089802130898 0.0136986301369863
3 0.3729071537290715 0.0791476407914764 0.030441400304414 0.0182648401826484