4 0.5380517503805176 0.3866057838660578 0.0410958904109589 0.0426179604261796
2 0.1445966514459665 0.4535768645357686 0.076103500761035 0.0578386605783866
2 0.23363774733637746 0.4581430745814307 0.0806697108066971 0.0882800608828006
4 0.3538812785388128 0.4748858447488584 0.0837138508371385 0.076103500761035
0 0.1659056316590563 0.3622526636225266 0.091324200913242 0.0943683409436834
0 0.286910197869102 0.3219178082191781 0.1719939117199391 0.1111111111111111
0 0.21537290715372906 0.2343987823439878 0.0563165905631659 0.076103500761035
1 0.0791476407914764 0.2747336377473364 0.106544901065449 0.0958904109589041
1 0.11035007610350075 0.10882800608828005 0.1141552511415525 0.1171993911719939
1 0.2176560121765601 0.0745814307458143 0.0791476407914764 0.0730593607305936
1 0.3432267884322679 0.16971080669710806 0.1567732115677321 0.1445966514459665
1 0.4604261796042618 0.21841704718417046 0.0837138508371385 0.0806697108066971
1 0.5083713850837138 0.08599695585996955 0.1400304414003044 0.0715372907153729
1 0.528158295281583 0.15753424657534246 0.060882800608828 0.0654490106544901
4 0.3066971080669711 0.576103500761035 0.0258751902587519 0.0258751902587519
0 0.6484018264840182 0.7960426179604262 0.1856925418569254 0.1643835616438356
0 0.649923896499239 0.9353120243531202 0.167427701674277 0.0837138508371385
0 0.4117199391171994 0.8242009132420092 0.2541856925418569 0.2480974124809741
5 0.875951293759513 0.9200913242009132 0.2024353120243531 0.1354642313546423
5 0.8866057838660578 0.741248097412481 0.1811263318112633 0.1735159817351598
5 0.9383561643835616 0.5753424657534246 0.0715372907153729 0.1278538812785388
5 0.9482496194824962 0.4809741248097412 0.060882800608828 0.1004566210045662
5 0.8257229832572298 0.6118721461187214 0.1324200913242009 0.1735159817351598
5 0.84779299847793 0.4010654490106545 0.1278538812785388 0.2024353120243531
5 0.7168949771689498 0.4832572298325723 0.106544901065449 0.1659056316590563
6 0.20471841704718416 0.982496194824962 0.0289193302891933 0.0197869101978691
5 0.6529680365296804 0.3363774733637747 0.0882800608828006 0.0882800608828006