7 0.984779299847793 0.5189969604863222 0.030441400304414 0.12310030395136778
5 0.9573820395738204 0.2393617021276596 0.0852359208523592 0.15045592705167174
5 0.9406392694063926 0.08054711246200608 0.1187214611872146 0.16109422492401215
5 0.789193302891933 0.02811550151975684 0.1780821917808219 0.05623100303951368
4 0.8721461187214612 0.3844984802431611 0.0547945205479452 0.03951367781155015
4 0.84779299847793 0.26367781155015196 0.030441400304414 0.022796352583586626
4 0.8089802130898022 0.2439209726443769 0.0319634703196347 0.034954407294832825
5 0.693302891933029 0.2857142857142857 0.1780821917808219 0.14285714285714285
4 0.8470319634703196 0.34498480243161095 0.0289193302891933 0.0243161094224924
4 0.8774733637747336 0.33282674772036475 0.0106544901065449 0.015197568389057751
4 0.8843226788432268 0.21428571428571427 0.0426179604261796 0.030395136778115502
4 0.9383561643835616 0.3776595744680851 0.0136986301369863 0.016717325227963525
4 0.8637747336377474 0.42857142857142855 0.0197869101978691 0.02127659574468085
4 0.908675799086758 0.34574468085106386 0.0213089802130898 0.019756838905775075
4 0.875951293759513 0.3069908814589666 0.0136986301369863 0.0182370820668693
4 0.9010654490106544 0.2986322188449848 0.030441400304414 0.028875379939209727
4 0.8226788432267884 0.2925531914893617 0.0167427701674277 0.013677811550151976
6 0.8257229832572298 0.810790273556231 0.0167427701674277 0.019756838905775075
7 0.6468797564687976 0.9604863221884499 0.076103500761035 0.07598784194528875
7 0.6225266362252664 0.9004559270516718 0.0426179604261796 0.022796352583586626
2 0.69558599695586 0.5037993920972644 0.1004566210045662 0.08054711246200608
2 0.710806697108067 0.6337386018237082 0.0639269406392694 0.0729483282674772
7 0.6278538812785388 0.7613981762917933 0.0471841704718417 0.1276595744680851
7 0.5700152207001522 0.8799392097264438 0.0502283105022831 0.0851063829787234
7 0.710806697108067 0.7188449848024316 0.106544901065449 0.0911854103343465
5 0.1445966514459665 0.7104863221884499 0.1339421613394216 0.135258358662614
7 0.1856925418569254 0.6770516717325228 0.0273972602739726 0.016717325227963525
7 0.197869101978691 0.6572948328267477 0.0182648401826484 0.016717325227963525
7 0.23059360730593606 0.6724924012158054 0.0197869101978691 0.019756838905775075
7 0.2838660578386606 0.6025835866261399 0.0502283105022831 0.028875379939209727
7 0.22754946727549466 0.5493920972644377 0.0289193302891933 0.028875379939209727
7 0.243531202435312 0.8389057750759878 0.076103500761035 0.06382978723404255
5 0.0243531202435312 0.012917933130699088 0.0487062404870624 0.025835866261398176
5 0.02968036529680365 0.11474164133738601 0.0593607305936073 0.1474164133738602
5 0.3287671232876712 0.06534954407294832 0.15220700152207 0.0972644376899696
5 0.12709284627092846 0.07750759878419453 0.1171993911719939 0.15501519756838905
5 0.2267884322678843 0.10410334346504559 0.0730593607305936 0.08966565349544073
5 0.2115677321156773 0.02735562310030395 0.0578386605783866 0.0547112462006079
5 0.5547945205479452 0.07066869300911854 0.2420091324200913 0.13829787234042554
4 0.7488584474885844 0.22112462006079028 0.030441400304414 0.037993920972644375
5 0.593607305936073 0.6542553191489362 0.0974124809741248 0.06838905775075987
5 0.5441400304414004 0.5638297872340425 0.1415525114155251 0.11550151975683891
5 0.6438356164383562 0.4072948328267477 0.1735159817351598 0.11246200607902736
5 0.02663622526636225 0.25455927051671734 0.0532724505327245 0.09270516717325228
5 0.13165905631659056 0.24316109422492402 0.1263318112633181 0.13069908814589665
5 0.2222222222222222 0.22036474164133737 0.0730593607305936 0.11246200607902736
5 0.3120243531202435 0.23252279635258358 0.1035007610350076 0.11246200607902736
5 0.4322678843226788 0.20896656534954408 0.106544901065449 0.10182370820668693
5 0.5372907153729072 0.2674772036474164 0.106544901065449 0.14285714285714285
5 0.4961948249619482 0.9718844984802432 0.0821917808219178 0.05319148936170213
5 0.3995433789954338 0.41793313069908816 0.1263318112633181 0.1033434650455927
5 0.2800608828006088 0.35106382978723405 0.1278538812785388 0.12462006079027356
5 0.0487062404870624 0.3586626139817629 0.0821917808219178 0.0911854103343465
5 0.1004566210045662 0.43465045592705165 0.0943683409436834 0.06990881458966565
5 0.0273972602739726 0.479483282674772 0.0517503805175038 0.11702127659574468
5 0.1719939117199391 0.4034954407294833 0.0669710806697108 0.07142857142857142
5 0.13622526636225266 0.34574468085106386 0.1202435312024353 0.07142857142857142
5 0.4223744292237443 0.30927051671732525 0.1080669710806697 0.09574468085106383
5 0.21689497716894976 0.48024316109422494 0.1080669710806697 0.0851063829787234
5 0.13774733637747336 0.5516717325227963 0.1537290715372907 0.1276595744680851
5 0.03120243531202435 0.6504559270516718 0.0624048706240487 0.2188449848024316
5 0.08904109589041095 0.9506079027355623 0.1750380517503805 0.09878419452887538
5 0.08143074581430745 0.8328267477203647 0.1628614916286149 0.12462006079027356
5 0.2656012176560122 0.9627659574468085 0.1415525114155251 0.06838905775075987
5 0.3980213089802131 0.9696048632218845 0.1080669710806697 0.060790273556231005
5 0.4063926940639269 0.10714285714285714 0.0395738203957382 0.05623100303951368
5 0.3546423135464231 0.13145896656534956 0.060882800608828 0.034954407294832825
5 0.2876712328767123 0.14437689969604864 0.0517503805175038 0.057750759878419454
5 0.5038051750380518 0.3905775075987842 0.0852359208523592 0.1033434650455927
5 0.378234398782344 0.5805471124620061 0.0867579908675799 0.11550151975683891
5 0.4581430745814307 0.5022796352583586 0.1156773211567732 0.05927051671732523
5 0.319634703196347 0.5075987841945289 0.1187214611872146 0.1580547112462006
5 0.3295281582952816 0.6565349544072948 0.0776255707762557 0.0729483282674772
5 0.332572298325723 0.898176291793313 0.0837138508371385 0.0668693009118541
5 0.5007610350076104 0.8601823708206687 0.0578386605783866 0.057750759878419454
5 0.3378995433789954 0.8168693009118541 0.0791476407914764 0.07446808510638298
5 0.2701674277016743 0.6968085106382979 0.0441400304414003 0.08966565349544073
5 0.3302891933028919 0.7340425531914894 0.076103500761035 0.057750759878419454
5 0.4155251141552511 0.831306990881459 0.0730593607305936 0.12158054711246201
5 0.512937595129376 0.8039513677811551 0.0669710806697108 0.07598784194528875
5 0.4558599695585997 0.6808510638297872 0.1689497716894977 0.08814589665653495