2 0.22602739726027396 0.3759512937595129 0.0715372907153729 0.091324200913242
2 0.0958904109589041 0.393455098934551 0.1187214611872146 0.0867579908675799
7 0.0898021308980213 0.5540334855403348 0.091324200913242 0.1704718417047184
7 0.1811263318112633 0.5707762557077626 0.1095890410958904 0.121765601217656
7 0.2549467275494673 0.5068493150684932 0.1293759512937595 0.1035007610350076
7 0.6415525114155252 0.4003044140030441 0.0806697108066971 0.0882800608828006
6 0.7290715372907154 0.3691019786910198 0.045662100456621 0.0532724505327245
6 0.2990867579908676 0.7168949771689498 0.0197869101978691 0.0334855403348554
6 0.3835616438356164 0.6491628614916286 0.045662100456621 0.0410958904109589
6 0.7633181126331812 0.271689497716895 0.0380517503805175 0.0502283105022831
6 0.9421613394216134 0.21080669710806696 0.0487062404870624 0.0563165905631659
7 0.3120243531202435 0.2770167427701674 0.076103500761035 0.091324200913242
2 0.4079147640791476 0.2503805175038052 0.0578386605783866 0.0989345509893455
2 0.3280060882800609 0.17884322678843226 0.0563165905631659 0.0532724505327245
5 0.4322678843226788 0.1385083713850837 0.1248097412480974 0.1095890410958904
7 0.18797564687975646 0.2503805175038052 0.1415525114155251 0.1141552511415525
2 0.591324200913242 0.0928462709284627 0.0563165905631659 0.0639269406392694
7 0.6993911719939118 0.09056316590563165 0.0989345509893455 0.1141552511415525
7 0.5875190258751902 0.20471841704718416 0.1400304414003044 0.1293759512937595
7 0.4961948249619482 0.4398782343987823 0.1248097412480974 0.106544901065449
7 0.4916286149162861 0.3257229832572298 0.1187214611872146 0.106544901065449
0 0.3485540334855403 0.4048706240487062 0.0943683409436834 0.0791476407914764
7 0.5981735159817352 0.3028919330289193 0.0791476407914764 0.0578386605783866
7 0.2861491628614916 0.6057838660578386 0.0882800608828006 0.0791476407914764
7 0.3599695585996956 0.5190258751902588 0.0532724505327245 0.0882800608828006
5 0.08751902587519025 0.8082191780821918 0.0837138508371385 0.1095890410958904
7 0.1659056316590563 0.7062404870624048 0.106544901065449 0.091324200913242
5 0.15296803652968036 0.8820395738203958 0.1872146118721461 0.1598173515981735
5 0.3508371385083714 0.8949771689497716 0.1415525114155251 0.1400304414003044
7 0.4474885844748858 0.791476407914764 0.1339421613394216 0.076103500761035
5 0.4840182648401826 0.8850837138508372 0.1187214611872146 0.1019786910197869
5 0.8713850837138508 0.07686453576864535 0.1141552511415525 0.0867579908675799
5 0.8919330289193302 0.6461187214611872 0.1491628614916286 0.1445966514459665
5 0.8165905631659056 0.7442922374429224 0.1415525114155251 0.182648401826484
5 0.7450532724505328 0.882800608828006 0.1445966514459665 0.076103500761035
1 0.14231354642313546 0.1080669710806697 0.1933028919330289 0.1095890410958904
1 0.0654490106544901 0.2572298325722983 0.0639269406392694 0.1187214611872146