6 0.3761398176291793 0.11187214611872145 0.06838905775075987 0.0776255707762557
6 0.4430091185410334 0.02663622526636225 0.06534954407294832 0.0502283105022831
5 0.5053191489361702 0.89117199391172 0.16261398176291794 0.1811263318112633
5 0.4764437689969605 0.6971080669710806 0.13829787234042554 0.1552511415525114
5 0.49164133738601823 0.5517503805175038 0.13221884498480244 0.1324200913242009
4 0.45288753799392095 0.3310502283105023 0.08206686930091185 0.0928462709284627
6 0.5311550151975684 0.12252663622526636 0.06231003039513678 0.0624048706240487
4 0.5167173252279635 0.20015220700152206 0.0486322188449848 0.0380517503805175
4 0.5106382978723404 0.16666666666666666 0.02735562310030395 0.0228310502283105
3 0.7021276595744681 0.06773211567732115 0.1580547112462006 0.1354642313546423
3 0.6580547112462006 0.2815829528158295 0.1398176291793313 0.2800608828006088
3 0.9346504559270516 0.9627092846270928 0.1094224924012158 0.0684931506849315
3 0.939209726443769 0.423896499238965 0.12158054711246201 0.84779299847793
3 0.587386018237082 0.0837138508371385 0.05623100303951368 0.0395738203957382
3 0.5372340425531915 0.3645357686453577 0.05015197568389058 0.0684931506849315