0 0.22907153729071536 0.9665144596651446 0.0898021308980213 0.0669710806697108
0 0.2777777777777778 0.7656012176560122 0.1080669710806697 0.1035007610350076
0 0.17275494672754946 0.8858447488584474 0.0654490106544901 0.0517503805175038
0 0.2610350076103501 0.8767123287671232 0.0837138508371385 0.0700152207001522
2 0.04033485540334855 0.7176560121765602 0.0806697108066971 0.1141552511415525
5 0.0624048706240487 0.9421613394216134 0.1248097412480974 0.1156773211567732
2 0.0319634703196347 0.8439878234398782 0.0639269406392694 0.0745814307458143
5 0.15449010654490106 0.1400304414003044 0.3089802130898021 0.2800608828006088
5 0.0380517503805175 0.5091324200913242 0.076103500761035 0.0928462709284627
5 0.0882800608828006 0.60882800608828 0.1156773211567732 0.121765601217656
5 0.06316590563165905 0.4216133942161339 0.1080669710806697 0.1278538812785388
5 0.2070015220700152 0.4741248097412481 0.1917808219178082 0.1445966514459665
5 0.1324200913242009 0.3356164383561644 0.2648401826484018 0.1050228310502283
5 0.197869101978691 0.619482496194825 0.0974124809741248 0.1248097412480974
5 0.14840182648401826 0.7321156773211568 0.1050228310502283 0.1187214611872146
5 0.3919330289193303 0.9535768645357686 0.1689497716894977 0.0928462709284627