7 0.332572298325723 0.936834094368341 0.1232876712328767 0.1263318112633181
5 0.2968036529680365 0.6582952815829528 0.2770167427701674 0.3576864535768645
6 0.4672754946727549 0.5251141552511416 0.0639269406392694 0.076103500761035
2 0.4573820395738204 0.3942161339421613 0.1019786910197869 0.1248097412480974
3 0.8820395738203958 0.4216133942161339 0.1111111111111111 0.1126331811263318
3 0.9482496194824962 0.182648401826484 0.1035007610350076 0.365296803652968
3 0.541095890410959 0.1628614916286149 0.2237442922374429 0.3257229832572298
3 0.5996955859969558 0.4939117199391172 0.1552511415525114 0.3028919330289193
3 0.9124809741248098 0.7960426179604262 0.1750380517503805 0.213089802130898
3 0.487062404870624 0.7823439878234398 0.1004566210045662 0.1400304414003044
3 0.8028919330289194 0.9429223744292238 0.1689497716894977 0.1141552511415525