5 0.2861491628614916 0.3158295281582953 0.1248097412480974 0.0837138508371385
5 0.2663622526636225 0.213089802130898 0.106544901065449 0.106544901065449
5 0.1354642313546423 0.16210045662100456 0.1035007610350076 0.1141552511415525
5 0.07077625570776255 0.5593607305936074 0.0806697108066971 0.0989345509893455
5 0.11339421613394216 0.7853881278538812 0.1141552511415525 0.1339421613394216
5 0.136986301369863 0.65220700152207 0.106544901065449 0.0806697108066971
1 0.2328767123287671 0.5228310502283106 0.1035007610350076 0.1019786910197869
2 0.1248097412480974 0.4703196347031963 0.106544901065449 0.0730593607305936
5 0.1689497716894977 0.3812785388127854 0.1400304414003044 0.0958904109589041
5 0.13470319634703196 0.2785388127853881 0.1111111111111111 0.0943683409436834
5 0.197869101978691 0.8873668188736682 0.106544901065449 0.1339421613394216
1 0.6301369863013698 0.4170471841704718 0.1856925418569254 0.167427701674277
1 0.6963470319634704 0.80441400304414 0.1598173515981735 0.1415525114155251
2 0.3378995433789954 0.4444444444444444 0.076103500761035 0.121765601217656
1 0.2990867579908676 0.7252663622526636 0.1111111111111111 0.0958904109589041
7 0.3554033485540335 0.6057838660578386 0.0563165905631659 0.0639269406392694
2 0.4124809741248097 0.541095890410959 0.0791476407914764 0.0867579908675799
1 0.7777777777777778 0.6339421613394216 0.1187214611872146 0.1598173515981735
1 0.6643835616438356 0.604261796042618 0.0806697108066971 0.121765601217656
7 0.576103500761035 0.9178082191780822 0.1019786910197869 0.0882800608828006
7 0.5578386605783866 0.6613394216133942 0.1141552511415525 0.1141552511415525
2 0.4048706240487062 0.7595129375951294 0.0578386605783866 0.060882800608828
5 0.4360730593607306 0.6582952815829528 0.0715372907153729 0.0837138508371385
7 0.530441400304414 0.8203957382039574 0.0715372907153729 0.0943683409436834
5 0.5007610350076104 0.5121765601217656 0.076103500761035 0.0806697108066971
1 0.4680365296803653 0.1796042617960426 0.1141552511415525 0.1035007610350076
1 0.6202435312024354 0.11948249619482496 0.1141552511415525 0.0958904109589041
1 0.5007610350076104 0.3211567732115677 0.0943683409436834 0.1187214611872146
1 0.5996955859969558 0.2808219178082192 0.091324200913242 0.0837138508371385
1 0.7442922374429224 0.3188736681887367 0.1552511415525114 0.1445966514459665
1 0.9079147640791476 0.636986301369863 0.1111111111111111 0.1719939117199391
1 0.8972602739726028 0.8280060882800608 0.1293759512937595 0.1095890410958904
1 0.8249619482496194 0.7663622526636226 0.060882800608828 0.0867579908675799