4 0.2762557077625571 0.289193302891933 0.0654490106544901 0.076103500761035
4 0.2762557077625571 0.213089802130898 0.0563165905631659 0.060882800608828
4 0.2937595129375951 0.14231354642313546 0.0791476407914764 0.0563165905631659
4 0.3523592085235921 0.21385083713850836 0.0715372907153729 0.0715372907153729
4 0.3797564687975647 0.1050228310502283 0.0684931506849315 0.0730593607305936
4 0.3120243531202435 0.0365296803652968 0.045662100456621 0.0578386605783866
4 0.3843226788432268 0.04642313546423135 0.0228310502283105 0.0258751902587519
4 0.4208523592085236 0.0806697108066971 0.0197869101978691 0.0121765601217656
6 0.5 0.0730593607305936 0.0563165905631659 0.0578386605783866
6 0.5996955859969558 0.06164383561643835 0.0791476407914764 0.0563165905631659
7 0.6757990867579908 0.1506849315068493 0.1187214611872146 0.091324200913242
7 0.7625570776255708 0.2975646879756469 0.1248097412480974 0.1628614916286149
5 0.5996955859969558 0.2534246575342466 0.1643835616438356 0.1476407914764079
5 0.469558599695586 0.2610350076103501 0.0806697108066971 0.1141552511415525
6 0.3143074581430746 0.5144596651445966 0.0380517503805175 0.0578386605783866
6 0.2983257229832572 0.4512937595129376 0.0487062404870624 0.0654490106544901
7 0.3744292237442922 0.5677321156773212 0.0882800608828006 0.0791476407914764
4 0.3257229832572298 0.34779299847793 0.0334855403348554 0.0410958904109589
1 0.1582952815829528 0.3820395738203957 0.1552511415525114 0.1856925418569254
1 0.1248097412480974 0.2496194824961948 0.167427701674277 0.136986301369863
7 0.16971080669710806 0.12404870624048706 0.0867579908675799 0.0806697108066971
1 0.0852359208523592 0.7671232876712328 0.1491628614916286 0.243531202435312
5 0.15905631659056316 0.5677321156773212 0.1293759512937595 0.1095890410958904
1 0.5053272450532724 0.6415525114155252 0.136986301369863 0.1141552511415525
5 0.6050228310502284 0.502283105022831 0.1902587519025875 0.106544901065449
1 0.2374429223744292 0.8280060882800608 0.1704718417047184 0.1948249619482496
1 0.2511415525114155 0.6788432267884322 0.15220700152207 0.1035007610350076
1 0.4284627092846271 0.7838660578386606 0.1780821917808219 0.197869101978691
5 0.4771689497716895 0.3858447488584475 0.1780821917808219 0.1263318112633181
5 0.7602739726027398 0.6560121765601218 0.2207001522070015 0.2861491628614916
5 0.8683409436834094 0.9010654490106544 0.1719939117199391 0.136986301369863
5 0.9330289193302892 0.6027397260273972 0.0730593607305936 0.1248097412480974
5 0.9337899543378996 0.7595129375951294 0.0806697108066971 0.1400304414003044
5 0.8797564687975646 0.4254185692541857 0.1248097412480974 0.0989345509893455
2 0.4642313546423135 0.9444444444444444 0.106544901065449 0.0654490106544901
7 0.5989345509893456 0.8082191780821918 0.0715372907153729 0.1095890410958904