6 0.7336377473363774 0.12082066869300911 0.0547945205479452 0.044072948328267476
6 0.7754946727549468 0.06003039513677812 0.0350076103500761 0.05015197568389058
6 0.971841704718417 0.17249240121580547 0.0350076103500761 0.05015197568389058
6 0.6445966514459666 0.35106382978723405 0.0471841704718417 0.0425531914893617
6 0.6529680365296804 0.3047112462006079 0.0365296803652968 0.044072948328267476
6 0.22298325722983256 0.7872340425531915 0.0654490106544901 0.0486322188449848
6 0.3736681887366819 0.973404255319149 0.0441400304414003 0.028875379939209727
6 0.6719939117199392 0.9582066869300911 0.0441400304414003 0.044072948328267476
3 0.6590563165905632 0.7287234042553191 0.030441400304414 0.028875379939209727
6 0.6613394216133942 0.6572948328267477 0.0471841704718417 0.034954407294832825
6 0.7252663622526636 0.53419452887538 0.0471841704718417 0.09574468085106383
6 0.7579908675799086 0.6041033434650456 0.060882800608828 0.05623100303951368
6 0.7343987823439878 0.8966565349544073 0.0563165905631659 0.060790273556231005
6 0.8554033485540334 0.5919452887537994 0.0426179604261796 0.037993920972644375
6 0.7534246575342466 0.39893617021276595 0.0395738203957382 0.044072948328267476
6 0.8645357686453576 0.4217325227963526 0.0334855403348554 0.031914893617021274
6 0.9018264840182648 0.43844984802431614 0.0624048706240487 0.037993920972644375
6 0.8135464231354642 0.33966565349544076 0.0563165905631659 0.05319148936170213
6 0.8797564687975646 0.7150455927051672 0.0547945205479452 0.05015197568389058
4 0.7990867579908676 0.8882978723404256 0.0334855403348554 0.022796352583586626
4 0.8493150684931506 0.21732522796352582 0.076103500761035 0.06990881458966565
3 0.8340943683409436 0.0668693009118541 0.060882800608828 0.06382978723404255
3 0.8645357686453576 0.8366261398176292 0.106544901065449 0.07142857142857142
3 0.7815829528158296 0.9688449848024316 0.0532724505327245 0.022796352583586626
3 0.7047184170471842 0.7386018237082067 0.0365296803652968 0.0425531914893617
3 0.17427701674277016 0.18009118541033434 0.0410958904109589 0.044072948328267476
3 0.2602739726027397 0.18009118541033434 0.0517503805175038 0.034954407294832825
3 0.04337899543378995 0.10182370820668693 0.0289193302891933 0.03951367781155015