5 0.0410958904109589 0.0624048706240487 0.0821917808219178 0.0700152207001522
5 0.1126331811263318 0.0289193302891933 0.0791476407914764 0.0578386605783866
5 0.3637747336377473 0.9071537290715372 0.076103500761035 0.091324200913242
5 0.3371385083713851 0.8439878234398782 0.0928462709284627 0.0624048706240487
5 0.319634703196347 0.7366818873668188 0.1308980213089802 0.1430745814307458
5 0.2640791476407915 0.604261796042618 0.0928462709284627 0.1095890410958904
5 0.3599695585996956 0.5707762557077626 0.0715372907153729 0.167427701674277
5 0.2884322678843227 0.4984779299847793 0.0715372907153729 0.0837138508371385
5 0.5555555555555556 0.799847792998478 0.045662100456621 0.0593607305936073
5 0.6316590563165906 0.7191780821917808 0.0791476407914764 0.0989345509893455
5 0.6552511415525114 0.6286149162861492 0.1202435312024353 0.091324200913242
5 0.9421613394216134 0.7191780821917808 0.0852359208523592 0.0745814307458143
7 0.8820395738203958 0.7640791476407914 0.0654490106544901 0.0517503805175038
5 0.1689497716894977 0.8188736681887366 0.0882800608828006 0.1126331811263318
5 0.6430745814307458 0.834855403348554 0.1050228310502283 0.0928462709284627
5 0.8135464231354642 0.9018264840182648 0.1598173515981735 0.1324200913242009
5 0.9398782343987824 0.8576864535768646 0.1202435312024353 0.1232876712328767
5 0.471841704718417 0.9208523592085236 0.121765601217656 0.1339421613394216
5 0.4611872146118721 0.7678843226788432 0.1156773211567732 0.1537290715372907
5 0.7701674277016742 0.678082191780822 0.0852359208523592 0.0898021308980213
5 0.9512937595129376 0.9665144596651446 0.0791476407914764 0.0669710806697108
5 0.7229832572298326 0.4817351598173516 0.2100456621004566 0.1598173515981735
5 0.9315068493150684 0.545662100456621 0.136986301369863 0.0776255707762557
5 0.9535768645357686 0.3424657534246575 0.0928462709284627 0.0791476407914764
5 0.8554033485540334 0.4025875190258752 0.1004566210045662 0.0928462709284627
5 0.8546423135464232 0.2709284627092846 0.0958904109589041 0.0882800608828006
5 0.7656012176560122 0.3242009132420091 0.0943683409436834 0.076103500761035
5 0.6925418569254186 0.3401826484018265 0.091324200913242 0.0776255707762557
5 0.5357686453576864 0.2496194824961948 0.0943683409436834 0.1126331811263318
5 0.4824961948249619 0.1171993911719939 0.1339421613394216 0.1095890410958904
5 0.5989345509893456 0.12861491628614916 0.0776255707762557 0.1111111111111111
5 0.7199391171993912 0.2024353120243531 0.136986301369863 0.1278538812785388
5 0.860730593607306 0.16666666666666666 0.1202435312024353 0.0867579908675799
5 0.9459665144596652 0.24124809741248096 0.0532724505327245 0.0928462709284627
5 0.865296803652968 0.08599695585996955 0.1019786910197869 0.0563165905631659
5 0.4961948249619482 0.0273972602739726 0.197869101978691 0.0547945205479452
5 0.6643835616438356 0.030441400304414 0.1141552511415525 0.060882800608828
5 0.9155251141552512 0.02663622526636225 0.1598173515981735 0.0532724505327245
5 0.9596651445966514 0.1095890410958904 0.0806697108066971 0.1004566210045662
5 0.07534246575342465 0.9117199391171994 0.0898021308980213 0.1461187214611872
5 0.0380517503805175 0.7511415525114156 0.076103500761035 0.1537290715372907
5 0.12557077625570776 0.649923896499239 0.2085235920852359 0.2191780821917808
5 0.4764079147640791 0.5570776255707762 0.1643835616438356 0.1735159817351598
5 0.5616438356164384 0.4726027397260274 0.1004566210045662 0.1628614916286149
5 0.3675799086757991 0.3554033485540335 0.1293759512937595 0.1963470319634703
5 0.20471841704718416 0.3356164383561644 0.1385083713850837 0.0958904109589041
5 0.1689497716894977 0.4634703196347032 0.1339421613394216 0.1232876712328767
5 0.395738203957382 0.1917808219178082 0.1308980213089802 0.1339421613394216
5 0.2952815829528158 0.13774733637747336 0.1308980213089802 0.1263318112633181
7 0.2054794520547945 0.22298325722983256 0.0821917808219178 0.0837138508371385
7 0.0289193302891933 0.23515981735159816 0.0578386605783866 0.0928462709284627
7 0.09817351598173515 0.18949771689497716 0.1019786910197869 0.0776255707762557
6 0.03729071537290715 0.3538812785388128 0.0380517503805175 0.0410958904109589
6 0.1111111111111111 0.2846270928462709 0.0334855403348554 0.030441400304414
4 0.256468797564688 0.0243531202435312 0.0350076103500761 0.0273972602739726
4 0.34779299847793 0.05251141552511415 0.0624048706240487 0.0319634703196347