5 0.3150684931506849 0.819634703196347 0.1035007610350076 0.1080669710806697
5 0.8264840182648402 0.967275494672755 0.1156773211567732 0.0654490106544901
1 0.9642313546423136 0.941400304414003 0.0715372907153729 0.1171993911719939
5 0.1263318112633181 0.9322678843226788 0.1948249619482496 0.1354642313546423
5 0.20471841704718416 0.8554033485540334 0.1111111111111111 0.136986301369863
5 0.3074581430745814 0.9375951293759512 0.1400304414003044 0.121765601217656
5 0.4307458143074581 0.8059360730593608 0.1187214611872146 0.0958904109589041
5 0.578386605783866 0.7450532724505328 0.167427701674277 0.1324200913242009
5 0.6301369863013698 0.9231354642313546 0.1156773211567732 0.1537290715372907
5 0.4779299847792998 0.9277016742770168 0.1552511415525114 0.1445966514459665
5 0.3051750380517504 0.502283105022831 0.1141552511415525 0.0943683409436834
5 0.3515981735159817 0.5958904109589042 0.0578386605783866 0.0776255707762557
5 0.4337899543378995 0.5228310502283106 0.1339421613394216 0.1659056316590563
5 0.15220700152207 0.2328767123287671 0.136986301369863 0.1308980213089802
5 0.2770167427701674 0.09360730593607305 0.1248097412480974 0.1202435312024353
5 0.136986301369863 0.0867579908675799 0.1400304414003044 0.136986301369863
5 0.0365296803652968 0.1354642313546423 0.0730593607305936 0.2709284627092846
6 0.4474885844748858 0.1080669710806697 0.076103500761035 0.0821917808219178
7 0.0334855403348554 0.7633181126331812 0.0639269406392694 0.0532724505327245
7 0.16818873668188736 0.6986301369863014 0.0684931506849315 0.045662100456621
7 0.2191780821917808 0.726027397260274 0.0426179604261796 0.045662100456621
7 0.2176560121765601 0.7686453576864536 0.0578386605783866 0.030441400304414
7 0.1004566210045662 0.6339421613394216 0.0547945205479452 0.0502283105022831
7 0.10578386605783865 0.6879756468797564 0.0471841704718417 0.0487062404870624
7 0.02207001522070015 0.6940639269406392 0.0441400304414003 0.0639269406392694
7 0.2617960426179604 0.6232876712328768 0.0395738203957382 0.0776255707762557
7 0.17123287671232876 0.6331811263318112 0.0441400304414003 0.045662100456621
7 0.13622526636225266 0.5700152207001522 0.0319634703196347 0.0410958904109589
6 0.09665144596651445 0.58675799086758 0.0289193302891933 0.0380517503805175
7 0.21537290715372906 0.6141552511415526 0.0350076103500761 0.0624048706240487
7 0.3751902587519026 0.662861491628615 0.0350076103500761 0.0471841704718417
7 0.0197869101978691 0.5228310502283106 0.030441400304414 0.0289193302891933
7 0.20471841704718416 0.4657534246575342 0.0502283105022831 0.0426179604261796
6 0.16362252663622526 0.4200913242009132 0.0350076103500761 0.0334855403348554
7 0.20776255707762556 0.4231354642313546 0.0319634703196347 0.0273972602739726
6 0.21841704718417046 0.3858447488584475 0.0319634703196347 0.0258751902587519
5 0.2557077625570776 0.21232876712328766 0.060882800608828 0.1111111111111111
5 0.3082191780821918 0.1841704718417047 0.0380517503805175 0.0578386605783866
7 0.5228310502283106 0.06468797564687975 0.0258751902587519 0.0258751902587519
6 0.6050228310502284 0.07077625570776255 0.0258751902587519 0.0289193302891933
6 0.5654490106544902 0.0106544901065449 0.0197869101978691 0.015220700152207
7 0.6613394216133942 0.02511415525114155 0.0410958904109589 0.0350076103500761
7 0.715372907153729 0.02968036529680365 0.045662100456621 0.0350076103500761
7 0.7701674277016742 0.02511415525114155 0.0365296803652968 0.0350076103500761
7 0.8120243531202436 0.0578386605783866 0.0380517503805175 0.0517503805175038
7 0.8515981735159818 0.0898021308980213 0.0228310502283105 0.030441400304414
4 0.9025875190258752 0.0578386605783866 0.0213089802130898 0.0213089802130898
4 0.9550989345509894 0.04490106544901065 0.0136986301369863 0.0106544901065449
4 0.9771689497716894 0.04033485540334855 0.0060882800608828 0.0106544901065449
4 0.9908675799086758 0.06012176560121765 0.0121765601217656 0.0106544901065449
7 0.9817351598173516 0.1385083713850837 0.0365296803652968 0.0547945205479452
6 0.678082191780822 0.1506849315068493 0.0258751902587519 0.0243531202435312
7 0.7656012176560122 0.3105022831050228 0.0517503805175038 0.0578386605783866
7 0.7990867579908676 0.439117199391172 0.0669710806697108 0.0593607305936073
7 0.7480974124809742 0.4748858447488584 0.0197869101978691 0.0395738203957382
7 0.6073059360730594 0.4330289193302892 0.0578386605783866 0.0410958904109589
4 0.9459665144596652 0.4649923896499239 0.0197869101978691 0.0197869101978691
7 0.9809741248097412 0.4977168949771689 0.0319634703196347 0.0426179604261796
7 0.806697108066971 0.6248097412480974 0.0334855403348554 0.0319634703196347
7 0.7823439878234398 0.5768645357686454 0.0273972602739726 0.0273972602739726
7 0.7442922374429224 0.5958904109589042 0.0213089802130898 0.0258751902587519
7 0.6971080669710806 0.6605783866057838 0.0182648401826484 0.0243531202435312
7 0.5928462709284628 0.6263318112633182 0.0258751902587519 0.0258751902587519
7 0.7625570776255708 0.7838660578386606 0.0578386605783866 0.045662100456621
7 0.906392694063927 0.754185692541857 0.0410958904109589 0.0410958904109589