5 0.7625570776255708 0.9497716894977168 0.1461187214611872 0.1004566210045662
5 0.558599695585997 0.9345509893455098 0.1765601217656012 0.1126331811263318
5 0.9254185692541856 0.791476407914764 0.1400304414003044 0.1796042617960426
5 0.9299847792998478 0.9398782343987824 0.1400304414003044 0.1202435312024353
5 0.5829528158295282 0.5684931506849316 0.1643835616438356 0.1537290715372907
5 0.9398782343987824 0.4520547945205479 0.1202435312024353 0.1126331811263318
5 0.5928462709284628 0.771689497716895 0.1537290715372907 0.1491628614916286
5 0.4231354642313546 0.8127853881278538 0.1400304414003044 0.0882800608828006
5 0.7633181126331812 0.8158295281582952 0.1537290715372907 0.1004566210045662
5 0.7397260273972602 0.693302891933029 0.1126331811263318 0.0867579908675799
5 0.7770167427701674 0.5951293759512938 0.1628614916286149 0.1187214611872146
5 0.8401826484018264 0.5220700152207002 0.0791476407914764 0.0943683409436834
5 0.11491628614916286 0.8866057838660578 0.1689497716894977 0.2146118721461187
5 0.11491628614916286 0.547945205479452 0.1445966514459665 0.1461187214611872
5 0.1750380517503805 0.680365296803653 0.1035007610350076 0.1095890410958904
5 0.3340943683409437 0.6445966514459666 0.1263318112633181 0.1445966514459665
5 0.4033485540334855 0.3896499238964992 0.1704718417047184 0.1613394216133942
5 0.2100456621004566 0.3538812785388128 0.213089802130898 0.2420091324200913
5 0.03881278538812785 0.6879756468797564 0.0776255707762557 0.15220700152207
5 0.6971080669710806 0.2960426179604262 0.2313546423135464 0.2298325722983257
5 0.9269406392694064 0.16057838660578386 0.1461187214611872 0.1750380517503805
5 0.7678843226788432 0.0867579908675799 0.1476407914764079 0.1735159817351598
1 0.5814307458143074 0.0532724505327245 0.106544901065449 0.106544901065449
5 0.0852359208523592 0.21080669710806696 0.1552511415525114 0.1993911719939117
5 0.4056316590563166 0.2267884322678843 0.1111111111111111 0.1035007610350076
1 0.3455098934550989 0.12252663622526636 0.1308980213089802 0.1354642313546423
5 0.4824961948249619 0.1050228310502283 0.1095890410958904 0.121765601217656
2 0.426179604261796 0.0395738203957382 0.0639269406392694 0.0487062404870624
1 0.24277016742770166 0.030441400304414 0.0745814307458143 0.060882800608828
5 0.06012176560121765 0.060882800608828 0.1202435312024353 0.121765601217656
5 0.4246575342465753 0.5235920852359208 0.1430745814307458 0.1278538812785388
5 0.2785388127853881 0.541095890410959 0.106544901065449 0.1232876712328767
5 0.380517503805175 0.974124809741248 0.0730593607305936 0.045662100456621
5 0.95662100456621 0.6438356164383562 0.0867579908675799 0.1461187214611872
7 0.228310502283105 0.15449010654490106 0.0852359208523592 0.0898021308980213
7 0.14992389649923896 0.06468797564687975 0.0806697108066971 0.0776255707762557
7 0.19406392694063926 0.09512937595129375 0.0624048706240487 0.0593607305936073