2 0.5776255707762558 0.3888888888888889 0.0502283105022831 0.0471841704718417
4 0.619482496194825 0.4619482496194825 0.0426179604261796 0.0289193302891933
5 0.3333333333333333 0.8013698630136986 0.1400304414003044 0.2054794520547945
5 0.3850837138508371 0.4710806697108067 0.15220700152207 0.1719939117199391
7 0.3242009132420091 0.5844748858447488 0.0639269406392694 0.0700152207001522
7 0.4353120243531202 0.3333333333333333 0.0700152207001522 0.0487062404870624
5 0.3820395738203957 0.17579908675799086 0.0882800608828006 0.1202435312024353
3 0.4885844748858447 0.6537290715372908 0.1917808219178082 0.1689497716894977
3 0.4916286149162861 0.8706240487062404 0.1613394216133942 0.258751902587519
3 0.3417047184170472 0.9535768645357686 0.1354642313546423 0.0867579908675799
3 0.0776255707762557 0.878234398782344 0.1461187214611872 0.243531202435312
3 0.11035007610350075 0.5334855403348554 0.0989345509893455 0.2663622526636225
3 0.1248097412480974 0.21841704718417046 0.1126331811263318 0.3485540334855403
3 0.03576864535768645 0.20624048706240486 0.0593607305936073 0.1019786910197869
3 0.3744292237442922 0.2709284627092846 0.091324200913242 0.0700152207001522
3 0.512937595129376 0.2724505327245053 0.1613394216133942 0.0730593607305936
3 0.517503805175038 0.4398782343987823 0.1035007610350076 0.2496194824961948
3 0.4916286149162861 0.0547945205479452 0.2526636225266362 0.106544901065449
3 0.5060882800608828 0.13622526636225266 0.1293759512937595 0.0471841704718417
3 0.571537290715373 0.20471841704718416 0.0289193302891933 0.0532724505327245