2 0.9506079027355623 0.941400304414003 0.07750759878419453 0.0958904109589041
7 0.47796352583586627 0.4117199391171994 0.12006079027355623 0.1415525114155251
2 0.5319148936170213 0.3340943683409437 0.0911854103343465 0.0745814307458143
5 0.35638297872340424 0.5487062404870624 0.1534954407294833 0.1841704718417047
5 0.3009118541033435 0.8721461187214612 0.15501519756838905 0.2070015220700152
6 0.42629179331306993 0.7359208523592086 0.031914893617021274 0.0289193302891933
6 0.4209726443768997 0.9193302891933028 0.057750759878419454 0.0547945205479452
6 0.40577507598784196 0.9809741248097412 0.057750759878419454 0.0380517503805175
6 0.42629179331306993 0.7770167427701674 0.044072948328267476 0.0228310502283105
6 0.38677811550151975 0.8378995433789954 0.034954407294832825 0.0593607305936073
6 0.3351063829787234 0.9916286149162862 0.037993920972644375 0.0167427701674277
3 0.9308510638297872 0.11187214611872145 0.13829787234042554 0.1993911719939117
3 0.9194528875379939 0.4010654490106545 0.15501519756838905 0.1506849315068493
3 0.9042553191489362 0.693302891933029 0.19148936170212766 0.3576864535768645
3 0.5440729483282675 0.7450532724505328 0.1702127659574468 0.5098934550989346
3 0.5957446808510638 0.4200913242009132 0.11246200607902736 0.1278538812785388
3 0.5699088145896657 0.09817351598173515 0.0972644376899696 0.1963470319634703