6 0.05167173252279635 0.7537993920972644 0.04559270516717325 0.0668693009118541
6 0.041033434650455926 0.9696048632218845 0.0547112462006079 0.0547112462006079
6 0.05167173252279635 0.8943768996960486 0.05167173252279635 0.05623100303951368
6 0.24088145896656535 0.2613981762917933 0.044072948328267476 0.0364741641337386
6 0.3366261398176292 0.36246200607902734 0.06838905775075987 0.04711246200607903
6 0.4156534954407295 0.3411854103343465 0.041033434650455926 0.04711246200607903
6 0.26443768996960487 0.5592705167173252 0.04559270516717325 0.057750759878419454
6 0.31382978723404253 0.5630699088145896 0.05319148936170213 0.05319148936170213
6 0.3343465045592705 0.48404255319148937 0.0729483282674772 0.05015197568389058
6 0.364741641337386 0.5539513677811551 0.0729483282674772 0.04711246200607903
6 0.4209726443768997 0.5121580547112462 0.0790273556231003 0.05167173252279635
6 0.4703647416413374 0.7165653495440729 0.04711246200607903 0.05015197568389058
6 0.5 0.6382978723404256 0.0486322188449848 0.060790273556231005
6 0.5326747720364742 0.6041033434650456 0.06838905775075987 0.04711246200607903
6 0.5182370820668692 0.5509118541033434 0.0547112462006079 0.044072948328267476
6 0.5349544072948328 0.4946808510638298 0.0790273556231003 0.041033434650455926
2 0.8822188449848024 0.8001519756838906 0.11094224924012158 0.11398176291793313
6 0.7287234042553191 0.256838905775076 0.05319148936170213 0.0425531914893617
6 0.6648936170212766 0.3731003039513678 0.041033434650455926 0.05015197568389058
6 0.7165653495440729 0.3768996960486322 0.05623100303951368 0.04559270516717325
6 0.7591185410334347 0.3069908814589666 0.04711246200607903 0.0547112462006079
6 0.8199088145896657 0.27279635258358664 0.07446808510638298 0.05319148936170213
6 0.7507598784194529 0.5212765957446809 0.0729483282674772 0.0729483282674772
6 0.8351063829787234 0.4506079027355623 0.05623100303951368 0.06534954407294832
6 0.7773556231003039 0.6041033434650456 0.05015197568389058 0.041033434650455926
6 0.8396656534954408 0.5592705167173252 0.05319148936170213 0.0547112462006079
6 0.9080547112462006 0.4908814589665654 0.05319148936170213 0.04559270516717325
6 0.8700607902735562 0.425531914893617 0.044072948328267476 0.04559270516717325
6 0.9810030395136778 0.4635258358662614 0.037993920972644375 0.0547112462006079
6 0.6930091185410334 0.4734042553191489 0.057750759878419454 0.05623100303951368
6 0.560790273556231 0.4521276595744681 0.04559270516717325 0.04711246200607903
6 0.5889057750759878 0.7051671732522796 0.06534954407294832 0.060790273556231005
6 0.6618541033434651 0.7302431610942249 0.041033434650455926 0.06231003039513678
6 0.6975683890577508 0.6922492401215805 0.057750759878419454 0.05319148936170213
6 0.7621580547112462 0.6694528875379939 0.06534954407294832 0.044072948328267476
7 0.8556231003039514 0.6557750759878419 0.11246200607902736 0.07142857142857142
6 0.9369300911854104 0.7013677811550152 0.06838905775075987 0.05927051671732523
6 0.9703647416413373 0.6306990881458967 0.05927051671732523 0.0790273556231003
6 0.9118541033434651 0.8791793313069909 0.08814589665653495 0.04711246200607903
6 0.9810030395136778 0.8221884498480243 0.037993920972644375 0.0729483282674772
6 0.6238601823708206 0.9445288753799392 0.11398176291793313 0.09574468085106383
6 0.6375379939209727 0.8837386018237082 0.044072948328267476 0.05319148936170213
6 0.7355623100303952 0.8905775075987842 0.060790273556231005 0.057750759878419454
6 0.7735562310030395 0.9627659574468085 0.030395136778115502 0.041033434650455926
6 0.8351063829787234 0.9156534954407295 0.022796352583586626 0.031914893617021274
6 0.912613981762918 0.932370820668693 0.08966565349544073 0.034954407294832825
6 0.7553191489361702 0.8047112462006079 0.04559270516717325 0.06534954407294832
6 0.6033434650455927 0.8548632218844985 0.0243161094224924 0.028875379939209727
6 0.3617021276595745 0.8723404255319149 0.0425531914893617 0.05167173252279635
6 0.4034954407294833 0.9217325227963525 0.08358662613981763 0.041033434650455926
6 0.17401215805471124 0.9232522796352584 0.044072948328267476 0.041033434650455926
6 0.22036474164133737 0.9042553191489362 0.08814589665653495 0.05167173252279635
6 0.19984802431610943 0.8465045592705167 0.05015197568389058 0.0547112462006079
6 0.22264437689969604 0.9627659574468085 0.06838905775075987 0.06231003039513678
6 0.5258358662613982 0.6838905775075987 0.03951367781155015 0.02127659574468085
6 0.5098784194528876 0.723404255319149 0.022796352583586626 0.02735562310030395
6 0.46580547112462006 0.6740121580547113 0.019756838905775075 0.025835866261398176
6 0.41641337386018235 0.8799392097264438 0.03951367781155015 0.0243161094224924
6 0.5372340425531915 0.96580547112462 0.025835866261398176 0.028875379939209727
6 0.3290273556231003 0.96580547112462 0.06231003039513678 0.04711246200607903
6 0.9810030395136778 0.5691489361702128 0.031914893617021274 0.034954407294832825
6 0.41641337386018235 0.4703647416413374 0.03343465045592705 0.025835866261398176