2 0.9398782343987824 0.9558599695585996 0.0715372907153729 0.076103500761035
2 0.8546423135464232 0.7496194824961948 0.0624048706240487 0.0684931506849315
5 0.7397260273972602 0.693302891933029 0.0974124809741248 0.1050228310502283
6 0.6385083713850838 0.5981735159817352 0.0228310502283105 0.0213089802130898
6 0.6818873668188736 0.6316590563165906 0.0243531202435312 0.0243531202435312
6 0.6659056316590564 0.6735159817351598 0.0197869101978691 0.0167427701674277
6 0.7876712328767124 0.7686453576864536 0.0106544901065449 0.0121765601217656
6 0.7245053272450532 0.8028919330289194 0.0121765601217656 0.0106544901065449
6 0.6605783866057838 0.830289193302892 0.0273972602739726 0.0258751902587519
6 0.667427701674277 0.8881278538812786 0.0258751902587519 0.0289193302891933
6 0.758751902587519 0.878234398782344 0.0258751902587519 0.0182648401826484
6 0.654490106544901 0.4284627092846271 0.015220700152207 0.0136986301369863
6 0.6141552511415526 0.22450532724505326 0.0410958904109589 0.0228310502283105
6 0.6818873668188736 0.05707762557077625 0.0243531202435312 0.0197869101978691
3 0.9550989345509894 0.03576864535768645 0.0898021308980213 0.0715372907153729
3 0.9901065449010654 0.8789954337899544 0.0197869101978691 0.2420091324200913