5 0.02127659574468085 0.502283105022831 0.0425531914893617 0.1126331811263318
5 0.2135258358662614 0.7557077625570776 0.08966565349544073 0.1050228310502283
5 0.03419452887537994 0.95662100456621 0.06838905775075987 0.0837138508371385
5 0.029635258358662615 0.865296803652968 0.05927051671732523 0.1111111111111111
5 0.11778115501519756 0.8691019786910198 0.10790273556231003 0.106544901065449
5 0.21808510638297873 0.8614916286149162 0.08358662613981763 0.0943683409436834
5 0.7727963525835866 0.969558599695586 0.13221884498480244 0.060882800608828
5 0.96580547112462 0.5167427701674278 0.06838905775075987 0.0928462709284627
5 0.9612462006079028 0.3911719939117199 0.07750759878419453 0.0639269406392694
5 0.8449848024316109 0.4779299847792998 0.0668693009118541 0.0700152207001522
5 0.12537993920972645 0.3409436834094368 0.10486322188449848 0.0517503805175038
5 0.28951367781155013 0.4802130898021309 0.10790273556231003 0.0715372907153729
5 0.4551671732522796 0.07990867579908675 0.10790273556231003 0.0806697108066971
5 0.5539513677811551 0.2496194824961948 0.1413373860182371 0.1491628614916286
5 0.4247720364741641 0.1872146118721461 0.11094224924012158 0.106544901065449
5 0.34802431610942247 0.2876712328767123 0.09422492401215805 0.076103500761035
5 0.4635258358662614 0.3059360730593607 0.11550151975683891 0.106544901065449
5 0.4095744680851064 0.4193302891933029 0.11398176291793313 0.1537290715372907
5 0.7135258358662614 0.22602739726027396 0.12310030395136778 0.0776255707762557
5 0.5729483282674772 0.04794520547945205 0.1276595744680851 0.0806697108066971
5 0.6519756838905775 0.12404870624048706 0.1398176291793313 0.1202435312024353
5 0.7788753799392097 0.13774733637747336 0.09270516717325228 0.0776255707762557
5 0.8153495440729484 0.21993911719939116 0.07446808510638298 0.0776255707762557
5 0.9384498480243161 0.19863013698630136 0.12310030395136778 0.2328767123287671
5 0.7811550151975684 0.8135464231354642 0.0972644376899696 0.1506849315068493
5 0.851063829787234 0.806697108066971 0.08206686930091185 0.0639269406392694
5 0.918693009118541 0.9003044140030442 0.1534954407294833 0.1993911719939117
5 0.35714285714285715 0.01750380517503805 0.09422492401215805 0.0319634703196347
5 0.04179331306990881 0.0624048706240487 0.08054711246200608 0.1248097412480974
7 0.06914893617021277 0.7275494672754946 0.044072948328267476 0.0243531202435312
7 0.08662613981762918 0.6887366818873668 0.0425531914893617 0.0350076103500761
7 0.135258358662614 0.6940639269406392 0.04559270516717325 0.030441400304414
7 0.8077507598784195 0.3904109589041096 0.028875379939209727 0.0441400304414003
7 0.851823708206687 0.3797564687975647 0.034954407294832825 0.0380517503805175
7 0.8335866261398176 0.3363774733637747 0.025835866261398176 0.0182648401826484
7 0.898936170212766 0.3462709284627093 0.037993920972644375 0.0289193302891933
7 0.7325227963525835 0.3896499238964992 0.03343465045592705 0.030441400304414
7 0.6800911854103343 0.3645357686453577 0.016717325227963525 0.0228310502283105
7 0.6185410334346505 0.3858447488584475 0.0182370820668693 0.0167427701674277
7 0.7378419452887538 0.4208523592085236 0.016717325227963525 0.0136986301369863
7 0.7484802431610942 0.3462709284627093 0.019756838905775075 0.0167427701674277
7 0.7781155015197568 0.4140030441400304 0.0182370820668693 0.015220700152207
7 0.7978723404255319 0.3066971080669711 0.03343465045592705 0.0350076103500761
7 0.8297872340425532 0.5669710806697108 0.03951367781155015 0.0471841704718417
7 0.925531914893617 0.5578386605783866 0.02735562310030395 0.0289193302891933
7 0.8852583586626139 0.5974124809741248 0.028875379939209727 0.0319634703196347
7 0.8130699088145896 0.6179604261796042 0.02735562310030395 0.0213089802130898
7 0.8449848024316109 0.4208523592085236 0.0243161094224924 0.0289193302891933
7 0.8768996960486323 0.528158295281583 0.02127659574468085 0.0243531202435312
7 0.493161094224924 0.6316590563165906 0.019756838905775075 0.0213089802130898
7 0.42325227963525835 0.6575342465753424 0.019756838905775075 0.0213089802130898
7 0.5623100303951368 0.7077625570776256 0.02127659574468085 0.0243531202435312
7 0.5949848024316109 0.6910197869101978 0.022796352583586626 0.030441400304414
7 0.13069908814589665 0.6210045662100456 0.0182370820668693 0.0213089802130898
4 0.24240121580547114 0.654490106544901 0.010638297872340425 0.0182648401826484
4 0.17933130699088146 0.558599695585997 0.0243161094224924 0.0121765601217656
4 0.19680851063829788 0.5859969558599696 0.010638297872340425 0.0121765601217656
4 0.22340425531914893 0.5821917808219178 0.0121580547112462 0.0136986301369863
4 0.2530395136778115 0.6727549467275494 0.013677811550151976 0.015220700152207
6 0.30319148936170215 0.9726027397260274 0.016717325227963525 0.0182648401826484
2 0.39969604863221886 0.5441400304414004 0.030395136778115502 0.0502283105022831
4 0.4452887537993921 0.578386605783866 0.0182370820668693 0.0182648401826484
4 0.4749240121580547 0.619482496194825 0.013677811550151976 0.0213089802130898
4 0.6724924012158054 0.7473363774733638 0.016717325227963525 0.0182648401826484
7 0.6952887537993921 0.8789954337899544 0.034954407294832825 0.0197869101978691
2 0.8860182370820668 0.5570776255707762 0.0182370820668693 0.0213089802130898
4 0.8753799392097265 0.4140030441400304 0.02127659574468085 0.0213089802130898