5 0.9050151975683891 0.560882800608828 0.1899696048632219 0.1993911719939117
5 0.05927051671732523 0.5677321156773212 0.11854103343465046 0.258751902587519
5 0.9262917933130699 0.17579908675799086 0.1474164133738602 0.3515981735159817
2 0.837386018237082 0.363013698630137 0.0425531914893617 0.0532724505327245
2 0.7758358662613982 0.18340943683409436 0.031914893617021274 0.0410958904109589
2 0.8335866261398176 0.1856925418569254 0.041033434650455926 0.045662100456621
2 0.02127659574468085 0.2838660578386606 0.0425531914893617 0.0593607305936073
2 0.016717325227963525 0.09512937595129375 0.02735562310030395 0.0776255707762557
2 0.044832826747720364 0.18949771689497716 0.034954407294832825 0.0258751902587519
2 0.7348024316109423 0.7351598173515982 0.05015197568389058 0.045662100456621
2 0.8062310030395137 0.710806697108067 0.041033434650455926 0.0395738203957382
2 0.8434650455927052 0.6917808219178082 0.0668693009118541 0.0350076103500761
2 0.8624620060790273 0.7815829528158296 0.041033434650455926 0.0654490106544901
2 0.9179331306990881 0.8089802130898022 0.0243161094224924 0.0350076103500761
2 0.8039513677811551 0.7899543378995434 0.03951367781155015 0.0334855403348554
2 0.770516717325228 0.9429223744292238 0.04559270516717325 0.0228310502283105
2 0.776595744680851 0.9010654490106544 0.0364741641337386 0.030441400304414
2 0.912613981762918 0.9619482496194824 0.044072948328267476 0.045662100456621
2 0.8746200607902735 0.898021308980213 0.044072948328267476 0.045662100456621
2 0.8282674772036475 0.8599695585996956 0.0668693009118541 0.060882800608828
2 0.9870820668693009 0.7024353120243532 0.025835866261398176 0.0410958904109589
2 0.9696048632218845 0.8949771689497716 0.030395136778115502 0.030441400304414
2 0.9620060790273556 0.8515981735159818 0.030395136778115502 0.0350076103500761
2 0.89209726443769 0.3751902587519026 0.030395136778115502 0.0410958904109589
2 0.7530395136778115 0.2922374429223744 0.044072948328267476 0.0334855403348554
2 0.797112462006079 0.2663622526636225 0.037993920972644375 0.0426179604261796
2 0.7978723404255319 0.3310502283105023 0.03951367781155015 0.0289193302891933
2 0.7689969604863222 0.14231354642313546 0.030395136778115502 0.0410958904109589
2 0.8161094224924013 0.106544901065449 0.0243161094224924 0.030441400304414
2 0.8191489361702128 0.05707762557077625 0.03343465045592705 0.0319634703196347
2 0.9612462006079028 0.9596651445966514 0.022796352583586626 0.0350076103500761
2 0.9832826747720365 0.943683409436834 0.0243161094224924 0.0273972602739726
2 0.9202127659574468 0.7724505327245054 0.028875379939209727 0.0228310502283105
2 0.7522796352583586 0.8660578386605784 0.0243161094224924 0.0213089802130898
2 0.7378419452887538 0.9802130898021308 0.022796352583586626 0.0213089802130898
2 0.8548632218844985 0.9490106544901066 0.028875379939209727 0.0289193302891933
4 0.7180851063829787 0.8576864535768646 0.019756838905775075 0.0258751902587519
4 0.7013677811550152 0.8896499238964992 0.022796352583586626 0.0167427701674277
4 0.8054711246200608 0.9923896499238964 0.0121580547112462 0.015220700152207
4 0.9544072948328267 0.9939117199391172 0.0243161094224924 0.0121765601217656
4 0.8829787234042553 0.8417047184170472 0.0243161094224924 0.0182648401826484
4 0.5866261398176292 0.9330289193302892 0.02127659574468085 0.0182648401826484
4 0.918693009118541 0.7191780821917808 0.022796352583586626 0.0167427701674277
4 0.8556231003039514 0.7252663622526636 0.030395136778115502 0.0197869101978691
4 0.7530395136778115 0.6445966514459666 0.022796352583586626 0.0136986301369863
4 0.7515197568389058 0.573820395738204 0.022796352583586626 0.015220700152207
4 0.756838905775076 0.545662100456621 0.0364741641337386 0.0197869101978691
4 0.791033434650456 0.5 0.019756838905775075 0.0197869101978691
6 0.9369300911854104 0.4353120243531202 0.019756838905775075 0.015220700152207
6 0.9544072948328267 0.4079147640791476 0.02127659574468085 0.015220700152207
6 0.9665653495440729 0.3942161339421613 0.02127659574468085 0.0213089802130898
6 0.8275075987841946 0.4307458143074581 0.010638297872340425 0.0091324200913242
6 0.8571428571428571 0.4269406392694064 0.0182370820668693 0.0197869101978691
4 0.7667173252279635 0.3721461187214612 0.013677811550151976 0.0197869101978691
4 0.7211246200607903 0.4307458143074581 0.016717325227963525 0.0121765601217656
4 0.7218844984802432 0.3234398782343988 0.0121580547112462 0.0106544901065449
4 0.7059270516717325 0.2914764079147641 0.016717325227963525 0.0106544901065449
4 0.6831306990881459 0.24277016742770166 0.019756838905775075 0.0197869101978691
4 0.7287234042553191 0.0700152207001522 0.028875379939209727 0.0182648401826484
4 0.7173252279635258 0.136986301369863 0.0182370820668693 0.0121765601217656
4 0.7575987841945289 0.7808219178082192 0.013677811550151976 0.015220700152207
4 0.009878419452887538 0.00228310502283105 0.019756838905775075 0.0045662100456621
4 0.03951367781155015 0.15144596651445966 0.0182370820668693 0.0167427701674277
4 0.008358662613981762 0.3881278538812785 0.016717325227963525 0.0213089802130898
4 0.00911854103343465 0.350076103500761 0.015197568389057751 0.0334855403348554