2 0.8873668188736682 0.9703647416413373 0.0639269406392694 0.05927051671732523
2 0.95662100456621 0.9498480243161094 0.0867579908675799 0.10030395136778116
5 0.1308980213089802 0.9498480243161094 0.1948249619482496 0.10030395136778116
5 0.3302891933028919 0.9513677811550152 0.1643835616438356 0.0972644376899696
5 0.07382039573820395 0.1276595744680851 0.1476407914764079 0.12462006079027356
5 0.23668188736681886 0.07674772036474165 0.1263318112633181 0.1413373860182371
5 0.3789954337899543 0.07674772036474165 0.1613394216133942 0.1534954407294833
5 0.589041095890411 0.05547112462006079 0.1704718417047184 0.11094224924012158
5 0.76103500761035 0.0851063829787234 0.1552511415525114 0.1702127659574468
5 0.9010654490106544 0.1534954407294833 0.1887366818873668 0.1458966565349544
5 0.9383561643835616 0.044072948328267476 0.1232876712328767 0.0790273556231003
5 0.8668188736681888 0.270516717325228 0.2663622526636225 0.14285714285714285
5 0.8995433789954338 0.4148936170212766 0.2009132420091324 0.1398176291793313
5 0.9208523592085236 0.526595744680851 0.1430745814307458 0.10790273556231003
7 0.6971080669710806 0.18693009118541035 0.0852359208523592 0.0851063829787234
7 0.589041095890411 0.2074468085106383 0.1035007610350076 0.09270516717325228
7 0.512937595129376 0.15501519756838905 0.1126331811263318 0.1033434650455927
5 0.6841704718417048 0.3829787234042553 0.1659056316590563 0.1762917933130699
5 0.3401826484018265 0.2188449848024316 0.1780821917808219 0.1519756838905775
7 0.19406392694063926 0.17553191489361702 0.0776255707762557 0.10182370820668693
7 0.4726027397260274 0.25151975683890576 0.0715372907153729 0.10790273556231003
7 0.6552511415525114 0.7120060790273556 0.1780821917808219 0.135258358662614
7 0.6704718417047184 0.6322188449848024 0.0532724505327245 0.060790273556231005
5 0.12709284627092846 0.28799392097264437 0.1537290715372907 0.1595744680851064
5 0.030441400304414 0.3183890577507599 0.0578386605783866 0.23252279635258358
5 0.1293759512937595 0.46048632218844987 0.1308980213089802 0.18541033434650456
5 0.2884322678843227 0.4787234042553192 0.1567732115677321 0.16717325227963525
5 0.5091324200913242 0.4787234042553192 0.1050228310502283 0.11854103343465046
7 0.5441400304414004 0.35638297872340424 0.0898021308980213 0.09878419452887538
7 0.4345509893455099 0.3791793313069909 0.1019786910197869 0.13221884498480244
7 0.7633181126331812 0.5569908814589666 0.0502283105022831 0.05623100303951368
7 0.6872146118721462 0.5288753799392097 0.0928462709284627 0.09422492401215805
5 0.5989345509893456 0.5653495440729484 0.0776255707762557 0.1519756838905775
7 0.784627092846271 0.5129179331306991 0.0745814307458143 0.07142857142857142
5 0.03120243531202435 0.6048632218844985 0.0624048706240487 0.270516717325228
7 0.182648401826484 0.6314589665653495 0.1126331811263318 0.09574468085106383
7 0.2557077625570776 0.5866261398176292 0.1339421613394216 0.0729483282674772
7 0.1248097412480974 0.7051671732522796 0.106544901065449 0.0911854103343465
7 0.2572298325722983 0.7454407294832827 0.1430745814307458 0.12006079027355623
7 0.3272450532724505 0.6572948328267477 0.1156773211567732 0.08054711246200608
7 0.5007610350076104 0.6762917933130699 0.1156773211567732 0.14285714285714285
5 0.6689497716894978 0.8571428571428571 0.1598173515981735 0.15501519756838905
5 0.8774733637747336 0.7348024316109423 0.2450532724505327 0.28419452887537994
7 0.4406392694063927 0.5478723404255319 0.1171993911719939 0.10486322188449848
5 0.5966514459665144 0.96580547112462 0.3135464231354642 0.06838905775075987
7 0.395738203957382 0.8708206686930091 0.1095890410958904 0.09422492401215805
7 0.5083713850837138 0.8366261398176292 0.167427701674277 0.17477203647416414
7 0.2549467275494673 0.3130699088145897 0.0837138508371385 0.1519756838905775
7 0.3417047184170472 0.35790273556231 0.0776255707762557 0.12613981762917933
7 0.3858447488584475 0.7165653495440729 0.1141552511415525 0.21124620060790272
7 0.12100456621004566 0.7993920972644377 0.0928462709284627 0.0851063829787234
7 0.256468797564688 0.8601823708206687 0.1232876712328767 0.0729483282674772
7 0.6377473363774734 0.27887537993920974 0.1248097412480974 0.09574468085106383
7 0.0837138508371385 0.03343465045592705 0.167427701674277 0.0668693009118541