2 0.4969558599695586 0.80441400304414 0.0958904109589041 0.0776255707762557
7 0.5083713850837138 0.895738203957382 0.1156773211567732 0.0776255707762557
3 0.5464231354642314 0.5289193302891934 0.076103500761035 0.0593607305936073
7 0.5251141552511416 0.4802130898021309 0.0639269406392694 0.0654490106544901
6 0.649923896499239 0.1659056316590563 0.076103500761035 0.0821917808219178
4 0.6012176560121766 0.3318112633181126 0.0517503805175038 0.0426179604261796
3 0.6575342465753424 0.2595129375951294 0.0426179604261796 0.0563165905631659
3 0.7229832572298326 0.5692541856925418 0.1887366818873668 0.410958904109589
3 0.7671232876712328 0.13013698630136986 0.1095890410958904 0.2450532724505327
3 0.9703196347031964 0.6742770167427702 0.0593607305936073 0.6514459665144596
3 0.665144596651446 0.9322678843226788 0.1887366818873668 0.1354642313546423