1 0.5799086757990868 0.3409436834094368 0.1248097412480974 0.1400304414003044
1 0.6111111111111112 0.5426179604261796 0.1141552511415525 0.1171993911719939
1 0.7343987823439878 0.4398782343987823 0.1445966514459665 0.197869101978691
1 0.6940639269406392 0.1491628614916286 0.1552511415525114 0.1856925418569254
2 0.7968036529680366 0.2777777777777778 0.0654490106544901 0.0989345509893455
1 0.9147640791476408 0.2686453576864536 0.1095890410958904 0.1933028919330289
1 0.8287671232876712 0.10882800608828005 0.0989345509893455 0.1111111111111111
7 0.5525114155251142 0.10121765601217655 0.0791476407914764 0.1111111111111111
7 0.395738203957382 0.2990867579908676 0.060882800608828 0.0563165905631659
7 0.4665144596651446 0.2610350076103501 0.0654490106544901 0.0837138508371385
7 0.541095890410959 0.21080669710806696 0.0563165905631659 0.0715372907153729
5 0.2709284627092846 0.3759512937595129 0.1248097412480974 0.106544901065449
5 0.12709284627092846 0.5220700152207002 0.1719939117199391 0.1339421613394216
5 0.1750380517503805 0.6818873668188736 0.106544901065449 0.0943683409436834
1 0.7016742770167428 0.5958904109589042 0.0578386605783866 0.0867579908675799
5 0.7929984779299848 0.7671232876712328 0.1339421613394216 0.121765601217656
5 0.8295281582952816 0.6407914764079148 0.091324200913242 0.1095890410958904
5 0.9140030441400304 0.515220700152207 0.0715372907153729 0.1324200913242009
5 0.8584474885844748 0.8576864535768646 0.0791476407914764 0.0867579908675799
5 0.908675799086758 0.7808219178082192 0.060882800608828 0.1339421613394216
5 0.7092846270928462 0.8417047184170472 0.1400304414003044 0.1339421613394216
5 0.3569254185692542 0.8721461187214612 0.0989345509893455 0.1187214611872146
5 0.2610350076103501 0.80441400304414 0.0958904109589041 0.1324200913242009
5 0.3942161339421613 0.5837138508371386 0.182648401826484 0.2541856925418569
5 0.5799086757990868 0.713089802130898 0.1643835616438356 0.1476407914764079
5 0.4969558599695586 0.8721461187214612 0.1415525114155251 0.2161339421613394
5 0.13318112633181126 0.8462709284627092 0.1445966514459665 0.1552511415525114
5 0.05555555555555555 0.0928462709284627 0.0837138508371385 0.1339421613394216
5 0.04946727549467275 0.7146118721461188 0.0684931506849315 0.0837138508371385