5 0.1659056316590563 0.1598173515981735 0.1917808219178082 0.1643835616438356
5 0.4885844748858447 0.5882800608828006 0.1491628614916286 0.1598173515981735
5 0.756468797564688 0.730593607305936 0.167427701674277 0.1735159817351598
5 0.1111111111111111 0.5981735159817352 0.1156773211567732 0.1035007610350076
5 0.0943683409436834 0.708523592085236 0.1156773211567732 0.0989345509893455
5 0.8706240487062404 0.8242009132420092 0.106544901065449 0.1293759512937595
5 0.21537290715372906 0.9657534246575342 0.1689497716894977 0.0684931506849315
5 0.6354642313546424 0.10882800608828005 0.1385083713850837 0.1385083713850837
5 0.5273972602739726 0.9101978691019786 0.1689497716894977 0.1430745814307458
6 0.6636225266362252 0.9733637747336378 0.0943683409436834 0.0532724505327245
5 0.784627092846271 0.969558599695586 0.1324200913242009 0.060882800608828
5 0.9832572298325722 0.9710806697108066 0.0334855403348554 0.0578386605783866
5 0.0167427701674277 0.9634703196347032 0.0334855403348554 0.0730593607305936
5 0.9155251141552512 0.18340943683409436 0.1689497716894977 0.3668188736681887
0 0.7267884322678844 0.0578386605783866 0.1415525114155251 0.1095890410958904
0 0.4482496194824962 0.0228310502283105 0.1659056316590563 0.045662100456621
2 0.363013698630137 0.791476407914764 0.0289193302891933 0.0182648401826484
2 0.393455098934551 0.8249619482496194 0.0228310502283105 0.0395738203957382
2 0.5426179604261796 0.710806697108067 0.0410958904109589 0.030441400304414
2 0.58675799086758 0.758751902587519 0.0228310502283105 0.0350076103500761
2 0.4954337899543379 0.7488584474885844 0.0289193302891933 0.0243531202435312
2 0.5540334855403348 0.7450532724505328 0.0243531202435312 0.0197869101978691
2 0.6407914764079148 0.4573820395738204 0.045662100456621 0.0471841704718417
2 0.6894977168949772 0.5662100456621004 0.0243531202435312 0.0395738203957382
2 0.6735159817351598 0.6179604261796042 0.0350076103500761 0.015220700152207
2 0.3105022831050228 0.5722983257229832 0.0487062404870624 0.030441400304414
2 0.3302891933028919 0.621765601217656 0.0426179604261796 0.0380517503805175
2 0.22754946727549466 0.4771689497716895 0.0380517503805175 0.0319634703196347
2 0.1080669710806697 0.469558599695586 0.0365296803652968 0.0319634703196347
2 0.04033485540334855 0.4901065449010654 0.0197869101978691 0.0243531202435312
2 0.01598173515981735 0.5372907153729072 0.0167427701674277 0.0243531202435312
2 0.0136986301369863 0.6643835616438356 0.0182648401826484 0.0289193302891933
2 0.03424657534246575 0.4185692541856925 0.0319634703196347 0.0213089802130898
7 0.05251141552511415 0.2656012176560122 0.0441400304414003 0.0441400304414003
2 0.03424657534246575 0.15449010654490106 0.0258751902587519 0.0289193302891933
2 0.0745814307458143 0.0669710806697108 0.030441400304414 0.0273972602739726
2 0.3371385083713851 0.4893455098934551 0.0319634703196347 0.0410958904109589
2 0.5509893455098934 0.4550989345509893 0.0334855403348554 0.0365296803652968
7 0.7465753424657534 0.2191780821917808 0.0593607305936073 0.0639269406392694
7 0.6948249619482496 0.867579908675799 0.0258751902587519 0.0273972602739726
7 0.7328767123287672 0.8645357686453576 0.0136986301369863 0.015220700152207
7 0.693302891933029 0.9147640791476408 0.0258751902587519 0.0365296803652968
7 0.880517503805175 0.9269406392694064 0.0350076103500761 0.045662100456621
6 0.9033485540334856 0.9878234398782344 0.0289193302891933 0.0243531202435312
6 0.9170471841704718 0.9627092846270928 0.0197869101978691 0.0167427701674277
6 0.9687975646879756 0.8592085235920852 0.0136986301369863 0.0076103500761035
6 0.9931506849315068 0.8181126331811264 0.0136986301369863 0.0167427701674277
6 0.4056316590563166 0.9786910197869102 0.0289193302891933 0.0182648401826484
6 0.3698630136986301 0.9794520547945206 0.0182648401826484 0.0197869101978691
5 0.4307458143074581 0.9079147640791476 0.1035007610350076 0.1019786910197869
6 0.3599695585996956 0.8789954337899544 0.0167427701674277 0.0197869101978691
6 0.3455098934550989 0.8942161339421614 0.0182648401826484 0.0136986301369863
6 0.441400304414003 0.8181126331811264 0.0273972602739726 0.0228310502283105
6 0.3980213089802131 0.789193302891933 0.0136986301369863 0.0136986301369863
6 0.2496194824961948 0.8691019786910198 0.0091324200913242 0.015220700152207
6 0.1308980213089802 0.9018264840182648 0.0213089802130898 0.0197869101978691
6 0.2222222222222222 0.7328767123287672 0.0213089802130898 0.0106544901065449
2 0.2846270928462709 0.684931506849315 0.0243531202435312 0.0243531202435312
4 0.3607305936073059 0.7191780821917808 0.015220700152207 0.0136986301369863
4 0.4482496194824962 0.7016742770167428 0.0167427701674277 0.0273972602739726
4 0.4322678843226788 0.7534246575342466 0.0243531202435312 0.0182648401826484
4 0.6339421613394216 0.5334855403348554 0.0167427701674277 0.0197869101978691
4 0.6902587519025876 0.3774733637747336 0.0258751902587519 0.0121765601217656
4 0.591324200913242 0.3668188736681887 0.0258751902587519 0.0213089802130898
6 0.1080669710806697 0.3843226788432268 0.0213089802130898 0.0167427701674277
6 0.1035007610350076 0.3181126331811263 0.0182648401826484 0.015220700152207
6 0.11491628614916286 0.3287671232876712 0.0197869101978691 0.0182648401826484
6 0.1445966514459665 0.3744292237442922 0.015220700152207 0.0060882800608828
6 0.1735159817351598 0.4117199391171994 0.0273972602739726 0.0258751902587519
6 0.1902587519025875 0.4033485540334855 0.0121765601217656 0.0091324200913242
6 0.256468797564688 0.4254185692541857 0.0167427701674277 0.0228310502283105
6 0.2625570776255708 0.302130898021309 0.0197869101978691 0.0258751902587519
6 0.271689497716895 0.3439878234398782 0.0136986301369863 0.0121765601217656
6 0.334855403348554 0.3234398782343988 0.0182648401826484 0.0197869101978691