5 0.23632218844984804 0.057750759878419454 0.11398176291793313 0.11550151975683891
5 0.41413373860182373 0.11018237082066869 0.08054711246200608 0.09574468085106383
5 0.5303951367781155 0.12613981762917933 0.0851063829787234 0.08206686930091185
5 0.736322188449848 0.16185410334346503 0.07750759878419453 0.07750759878419453
5 0.8822188449848024 0.05167173252279635 0.07142857142857142 0.0729483282674772
5 0.9635258358662614 0.5167173252279635 0.0729483282674772 0.0790273556231003
5 0.9475683890577508 0.6534954407294833 0.10486322188449848 0.10638297872340426
5 0.8404255319148937 0.7370820668693009 0.08814589665653495 0.08814589665653495
1 0.8738601823708206 0.9247720364741642 0.25227963525835867 0.15045592705167174
5 0.8533434650455927 0.8708206686930091 0.11702127659574468 0.0668693009118541
5 0.02735562310030395 0.9430091185410334 0.0547112462006079 0.11398176291793313
5 0.22036474164133737 0.8472644376899696 0.09422492401215805 0.05015197568389058
5 0.38069908814589665 0.8442249240121581 0.09574468085106383 0.041033434650455926
5 0.02127659574468085 0.628419452887538 0.0425531914893617 0.08358662613981763
5 0.0797872340425532 0.6838905775075987 0.06231003039513678 0.0851063829787234
5 0.00911854103343465 0.7279635258358662 0.0182370820668693 0.0911854103343465
5 0.1945288753799392 0.6352583586626139 0.05167173252279635 0.0668693009118541
1 0.18085106382978725 0.38145896656534956 0.22492401215805471 0.1276595744680851
5 0.23404255319148937 0.2803951367781155 0.0911854103343465 0.08662613981762918
5 0.029635258358662615 0.3761398176291793 0.05927051671732523 0.12613981762917933
5 0.493161094224924 0.45592705167173253 0.06534954407294832 0.0668693009118541
7 0.331306990881459 0.12689969604863222 0.0425531914893617 0.034954407294832825
2 0.3183890577507599 0.1702127659574468 0.044072948328267476 0.03343465045592705
2 0.8039513677811551 0.11018237082066869 0.03343465045592705 0.025835866261398176
1 0.7591185410334347 0.04711246200607903 0.06534954407294832 0.060790273556231005
2 0.5326747720364742 0.3229483282674772 0.031914893617021274 0.022796352583586626
2 0.5835866261398176 0.2986322188449848 0.0182370820668693 0.016717325227963525
2 0.756838905775076 0.4065349544072948 0.02127659574468085 0.019756838905775075
2 0.7507598784194529 0.3708206686930091 0.015197568389057751 0.0121580547112462
7 0.6033434650455927 0.5942249240121581 0.0243161094224924 0.0182370820668693
7 0.5835866261398176 0.662613981762918 0.03343465045592705 0.03343465045592705
7 0.6679331306990881 0.756838905775076 0.034954407294832825 0.03951367781155015
7 0.5296352583586627 0.7697568389057751 0.04711246200607903 0.05015197568389058
7 0.6063829787234043 0.0797872340425532 0.015197568389057751 0.016717325227963525
5 0.12462006079027356 0.2743161094224924 0.05167173252279635 0.05319148936170213
7 0.015197568389057751 0.2689969604863222 0.030395136778115502 0.04559270516717325
1 0.912613981762918 0.2613981762917933 0.17477203647416414 0.3009118541033435
1 0.5281155015197568 0.9384498480243161 0.30851063829787234 0.12310030395136778
1 0.378419452887538 0.581306990881459 0.24620060790273557 0.35714285714285715