1 0.7009132420091324 0.20624048706240486 0.1567732115677321 0.1263318112633181
1 0.525875190258752 0.1126331811263318 0.0715372907153729 0.0791476407914764
1 0.6407914764079148 0.0867579908675799 0.0730593607305936 0.091324200913242
1 0.7663622526636226 0.0898021308980213 0.0806697108066971 0.091324200913242
1 0.4200913242009132 0.1430745814307458 0.1400304414003044 0.1339421613394216
5 0.1278538812785388 0.4459665144596651 0.15220700152207 0.2009132420091324
5 0.2039573820395738 0.2952815829528158 0.076103500761035 0.060882800608828
2 0.2595129375951294 0.2100456621004566 0.0715372907153729 0.0791476407914764
1 0.11796042617960426 0.12861491628614916 0.1598173515981735 0.1141552511415525
2 0.1187214611872146 0.2450532724505327 0.0882800608828006 0.0639269406392694
5 0.4490106544901065 0.3470319634703196 0.076103500761035 0.1035007610350076
7 0.5121765601217656 0.2762557077625571 0.1263318112633181 0.0715372907153729
5 0.2671232876712329 0.378234398782344 0.0715372907153729 0.1019786910197869
5 0.3508371385083714 0.3066971080669711 0.0867579908675799 0.1445966514459665
5 0.850076103500761 0.3820395738203957 0.1719939117199391 0.1643835616438356
5 0.89117199391172 0.2237442922374429 0.1171993911719939 0.106544901065449
5 0.6971080669710806 0.5730593607305936 0.0943683409436834 0.1415525114155251
5 0.8089802130898022 0.5220700152207002 0.1415525114155251 0.1035007610350076
5 0.5380517503805176 0.5121765601217656 0.1567732115677321 0.1598173515981735
5 0.5654490106544902 0.3820395738203957 0.0837138508371385 0.0882800608828006
5 0.1354642313546423 0.6910197869101978 0.0639269406392694 0.0791476407914764
5 0.15905631659056316 0.6035007610350076 0.0684931506849315 0.0806697108066971
5 0.2983257229832572 0.556316590563166 0.1796042617960426 0.1628614916286149
5 0.2777777777777778 0.7100456621004566 0.1750380517503805 0.1141552511415525
5 0.0928462709284627 0.8660578386605784 0.1187214611872146 0.1491628614916286
5 0.21537290715372906 0.8660578386605784 0.1141552511415525 0.1704718417047184
5 0.3340943683409437 0.936834094368341 0.0989345509893455 0.0715372907153729
5 0.3713850837138508 0.8432267884322678 0.1248097412480974 0.1248097412480974
5 0.558599695585997 0.9117199391171994 0.136986301369863 0.1035007610350076
5 0.693302891933029 0.8546423135464232 0.1780821917808219 0.1445966514459665
5 0.4863013698630137 0.7678843226788432 0.1598173515981735 0.1445966514459665
5 0.5197869101978692 0.6575342465753424 0.1445966514459665 0.136986301369863
5 0.4071537290715373 0.4505327245053272 0.1141552511415525 0.0943683409436834
5 0.758751902587519 0.693302891933029 0.2024353120243531 0.1628614916286149
5 0.8987823439878234 0.830289193302892 0.1324200913242009 0.1628614916286149
1 0.2747336377473364 0.0410958904109589 0.1019786910197869 0.076103500761035