7 0.4832572298325723 0.7256838905775076 0.1019786910197869 0.07750759878419453
7 0.4824961948249619 0.3844984802431611 0.091324200913242 0.0729483282674772
5 0.621765601217656 0.2689969604863222 0.1628614916286149 0.1398176291793313
5 0.8417047184170472 0.07826747720364742 0.1430745814307458 0.1474164133738602
7 0.9657534246575342 0.029635258358662615 0.0684931506849315 0.05623100303951368
7 0.3432267884322679 0.6709726443768997 0.0624048706240487 0.06231003039513678
7 0.484779299847793 0.8928571428571429 0.0684931506849315 0.07446808510638298
7 0.7070015220700152 0.8898176291793313 0.0684931506849315 0.08966565349544073
7 0.6103500761035008 0.7446808510638298 0.0669710806697108 0.0729483282674772
5 0.6050228310502284 0.8639817629179332 0.1415525114155251 0.1534954407294833
7 0.243531202435312 0.8480243161094225 0.1126331811263318 0.09422492401215805
7 0.4490106544901065 0.8305471124620061 0.1248097412480974 0.08358662613981763
7 0.3234398782343988 0.7955927051671733 0.1141552511415525 0.09270516717325228
7 0.2100456621004566 0.9437689969604863 0.121765601217656 0.08206686930091185
7 0.2496194824961948 0.6003039513677811 0.0395738203957382 0.04559270516717325
7 0.5943683409436834 0.662613981762918 0.0867579908675799 0.0729483282674772
7 0.5342465753424658 0.5775075987841946 0.1035007610350076 0.0972644376899696
7 0.54337899543379 0.4688449848024316 0.076103500761035 0.09878419452887538
7 0.697869101978691 0.15501519756838905 0.1019786910197869 0.05167173252279635
5 0.9003044140030442 0.26063829787234044 0.1993911719939117 0.1534954407294833
5 0.560882800608828 0.09574468085106383 0.1811263318112633 0.11854103343465046
7 0.634703196347032 0.02127659574468085 0.0943683409436834 0.0425531914893617
5 0.4733637747336377 0.04027355623100304 0.1856925418569254 0.08054711246200608
5 0.3721461187214612 0.11018237082066869 0.1750380517503805 0.13829787234042554
5 0.2572298325722983 0.06990881458966565 0.2191780821917808 0.1398176291793313
5 0.1628614916286149 0.08130699088145897 0.0852359208523592 0.10790273556231003
5 0.0639269406392694 0.10486322188449848 0.1278538812785388 0.20972644376899696
5 0.045662100456621 0.28343465045592703 0.091324200913242 0.12917933130699089
5 0.24429223744292236 0.2796352583586626 0.2815829528158295 0.2978723404255319
5 0.2998477929984779 0.4566869300911854 0.1339421613394216 0.135258358662614
5 0.1095890410958904 0.47796352583586627 0.2191780821917808 0.256838905775076
5 0.9299847792998478 0.918693009118541 0.1400304414003044 0.16261398176291794
5 0.9649923896499238 0.4787234042553192 0.0700152207001522 0.25227963525835867
2 0.0639269406392694 0.8275075987841946 0.1278538812785388 0.2993920972644377