5 0.1993911719939117 0.1004566210045662 0.258751902587519 0.2009132420091324
5 0.9330289193302892 0.0350076103500761 0.1339421613394216 0.0700152207001522
5 0.6879756468797564 0.02359208523592085 0.1248097412480974 0.0471841704718417
5 0.423896499238965 0.0654490106544901 0.1141552511415525 0.1126331811263318
5 0.563165905631659 0.0334855403348554 0.076103500761035 0.0669710806697108
5 0.7853881278538812 0.9535768645357686 0.1613394216133942 0.0928462709284627
5 0.19710806697108066 0.967275494672755 0.0898021308980213 0.0624048706240487
5 0.0624048706240487 0.9619482496194824 0.1248097412480974 0.076103500761035
1 0.4375951293759513 0.2853881278538813 0.1598173515981735 0.1476407914764079
1 0.3691019786910198 0.4855403348554033 0.0898021308980213 0.0943683409436834
1 0.3401826484018265 0.3911719939117199 0.0867579908675799 0.0547945205479452
1 0.4703196347031963 0.4619482496194825 0.0821917808219178 0.1050228310502283
1 0.5882800608828006 0.4231354642313546 0.0776255707762557 0.0669710806697108
1 0.6118721461187214 0.3447488584474886 0.091324200913242 0.0654490106544901
1 0.9292237442922374 0.3257229832572298 0.1293759512937595 0.1461187214611872
1 0.8158295281582952 0.2747336377473364 0.0821917808219178 0.1141552511415525
1 0.6993911719939118 0.3302891933028919 0.0593607305936073 0.0700152207001522
1 0.9490106544901066 0.8546423135464232 0.1019786910197869 0.2420091324200913
1 0.8082191780821918 0.6818873668188736 0.1187214611872146 0.1461187214611872
1 0.9383561643835616 0.604261796042618 0.1232876712328767 0.1248097412480974
1 0.6385083713850838 0.8226788432267884 0.1263318112633181 0.1628614916286149
1 0.6308980213089802 0.6757990867579908 0.0745814307458143 0.0943683409436834
1 0.5136986301369864 0.9581430745814308 0.0989345509893455 0.0837138508371385
1 0.6582952815829528 0.9687975646879756 0.0715372907153729 0.0624048706240487
1 0.4101978691019787 0.9619482496194824 0.1019786910197869 0.076103500761035
1 0.3394216133942161 0.8432267884322678 0.0700152207001522 0.1248097412480974
1 0.4307458143074581 0.8158295281582952 0.0974124809741248 0.0943683409436834
1 0.5182648401826484 0.7229832572298326 0.0684931506849315 0.1004566210045662
2 0.213089802130898 0.6255707762557078 0.0426179604261796 0.0791476407914764
2 0.07990867579908675 0.58675799086758 0.0441400304414003 0.0593607305936073
2 0.1887366818873668 0.7252663622526636 0.0487062404870624 0.0715372907153729
2 0.20319634703196346 0.5334855403348554 0.0532724505327245 0.0502283105022831
3 0.0958904109589041 0.3280060882800609 0.1765601217656012 0.1963470319634703
3 0.639269406392694 0.15753424657534246 0.1552511415525114 0.0837138508371385