3 0.4132420091324201 0.8949771689497716 0.0837138508371385 0.0943683409436834
1 0.5197869101978692 0.243531202435312 0.1628614916286149 0.182648401826484
2 0.2549467275494673 0.11948249619482496 0.0684931506849315 0.1324200913242009
2 0.2907153729071537 0.2404870624048706 0.1095890410958904 0.0639269406392694
2 0.3378995433789954 0.1476407914764079 0.091324200913242 0.121765601217656
1 0.6643835616438356 0.15296803652968036 0.1872146118721461 0.1780821917808219
5 0.8264840182648402 0.2191780821917808 0.0639269406392694 0.0730593607305936
1 0.815068493150685 0.1126331811263318 0.0806697108066971 0.0639269406392694
1 0.9231354642313546 0.2511415525114155 0.0684931506849315 0.121765601217656
1 0.6856925418569254 0.3059360730593607 0.1415525114155251 0.0730593607305936
1 0.4619482496194825 0.1004566210045662 0.1019786910197869 0.0730593607305936
5 0.5958904109589042 0.5966514459665144 0.1141552511415525 0.167427701674277
5 0.6872146118721462 0.5030441400304414 0.1141552511415525 0.1324200913242009
5 0.7465753424657534 0.4132420091324201 0.0958904109589041 0.0654490106544901
1 0.910958904109589 0.1050228310502283 0.0867579908675799 0.091324200913242
5 0.837138508371385 0.5624048706240488 0.197869101978691 0.2207001522070015
7 0.8736681887366818 0.3904109589041096 0.121765601217656 0.1111111111111111
5 0.9299847792998478 0.8089802130898022 0.0730593607305936 0.0867579908675799
5 0.8074581430745814 0.7663622526636226 0.1415525114155251 0.1628614916286149
5 0.6362252663622526 0.8112633181126332 0.0882800608828006 0.0943683409436834
5 0.5722983257229832 0.7359208523592086 0.0943683409436834 0.0715372907153729
5 0.4208523592085236 0.7496194824961948 0.1445966514459665 0.1293759512937595
5 0.2838660578386606 0.6910197869101978 0.0989345509893455 0.1339421613394216
5 0.16057838660578386 0.708523592085236 0.0958904109589041 0.0867579908675799
5 0.18188736681887366 0.5730593607305936 0.2207001522070015 0.1415525114155251
5 0.23668188736681886 0.4353120243531202 0.1628614916286149 0.1704718417047184
5 0.1232876712328767 0.4368340943683409 0.0730593607305936 0.091324200913242
5 0.4246575342465753 0.5905631659056316 0.1948249619482496 0.1796042617960426
5 0.5038051750380518 0.4208523592085236 0.1704718417047184 0.0958904109589041
5 0.3675799086757991 0.4010654490106545 0.0867579908675799 0.1872146118721461
5 0.6856925418569254 0.6796042617960426 0.1019786910197869 0.1628614916286149
2 0.0593607305936073 0.898021308980213 0.1095890410958904 0.121765601217656
2 0.1887366818873668 0.9406392694063926 0.1095890410958904 0.1095890410958904