1 0.1582952815829528 0.3820395738203957 0.121765601217656 0.1248097412480974
2 0.0426179604261796 0.3234398782343988 0.0578386605783866 0.1141552511415525
1 0.11643835616438356 0.2610350076103501 0.0806697108066971 0.0715372907153729
1 0.08599695585996955 0.15449010654490106 0.0867579908675799 0.0958904109589041
1 0.3584474885844749 0.13165905631659056 0.1628614916286149 0.1415525114155251
1 0.228310502283105 0.1111111111111111 0.091324200913242 0.1248097412480974
1 0.2990867579908676 0.5312024353120244 0.1111111111111111 0.1491628614916286
1 0.1491628614916286 0.5197869101978692 0.1187214611872146 0.1111111111111111
1 0.728310502283105 0.865296803652968 0.1019786910197869 0.1719939117199391
1 0.5578386605783866 0.7808219178082192 0.1598173515981735 0.1187214611872146
1 0.6126331811263318 0.6757990867579908 0.0837138508371385 0.0578386605783866
1 0.4589041095890411 0.6757990867579908 0.0989345509893455 0.1095890410958904
2 0.7968036529680366 0.7853881278538812 0.0410958904109589 0.0791476407914764
7 0.8599695585996956 0.7496194824961948 0.045662100456621 0.1141552511415525
2 0.8280060882800608 0.89117199391172 0.0578386605783866 0.0958904109589041
1 0.3462709284627093 0.3394216133942161 0.0837138508371385 0.0882800608828006
1 0.3835616438356164 0.4375951293759513 0.076103500761035 0.0684931506849315
1 0.45662100456621 0.530441400304414 0.106544901065449 0.1263318112633181
1 0.4687975646879756 0.4025875190258752 0.0639269406392694 0.0837138508371385
1 0.3089802130898021 0.7024353120243532 0.1400304414003044 0.1567732115677321
1 0.4140030441400304 0.7952815829528158 0.106544901065449 0.0837138508371385
1 0.17732115677321156 0.7214611872146118 0.1567732115677321 0.2252663622526636
1 0.6293759512937596 0.5197869101978692 0.1171993911719939 0.1445966514459665
1 0.647640791476408 0.1232876712328767 0.1628614916286149 0.1491628614916286
1 0.528158295281583 0.926179604261796 0.121765601217656 0.1171993911719939
5 0.9482496194824962 0.5555555555555556 0.0943683409436834 0.121765601217656
5 0.8774733637747336 0.3812785388127854 0.0837138508371385 0.0806697108066971
5 0.9444444444444444 0.3059360730593607 0.0958904109589041 0.1856925418569254
5 0.9307458143074582 0.0928462709284627 0.0989345509893455 0.1339421613394216
1 0.3546423135464231 0.936834094368341 0.1187214611872146 0.0958904109589041
1 0.0745814307458143 0.9178082191780822 0.121765601217656 0.1187214611872146
5 0.6841704718417048 0.3394216133942161 0.1141552511415525 0.0791476407914764
2 0.7853881278538812 0.3127853881278539 0.0426179604261796 0.0715372907153729
1 0.18493150684931506 0.880517503805175 0.0837138508371385 0.0806697108066971
3 0.4931506849315068 0.3006088280060883 0.091324200913242 0.0684931506849315