5 0.8996960486322189 0.15220700152207 0.19756838905775076 0.2983257229832572
5 0.8221884498480243 0.9208523592085236 0.22796352583586627 0.1582952815829528
1 0.96580547112462 0.7572298325722984 0.06838905775075987 0.1537290715372907
2 0.5189969604863222 0.7884322678843226 0.24772036474164133 0.1582952815829528
4 0.4848024316109423 0.4756468797564688 0.02127659574468085 0.0350076103500761
4 0.49772036474164133 0.4398782343987823 0.028875379939209727 0.0334855403348554
2 0.5775075987841946 0.3843226788432268 0.0972644376899696 0.0989345509893455
2 0.6291793313069909 0.9634703196347032 0.05167173252279635 0.0730593607305936
4 0.43009118541033436 0.3470319634703196 0.060790273556231005 0.045662100456621
4 0.4764437689969605 0.3843226788432268 0.04711246200607903 0.0350076103500761
4 0.8031914893617021 0.4170471841704718 0.044072948328267476 0.0578386605783866
4 0.7066869300911854 0.3767123287671233 0.02127659574468085 0.0228310502283105
4 0.7401215805471124 0.319634703196347 0.0364741641337386 0.0517503805175038
4 0.6869300911854104 0.3082191780821918 0.0425531914893617 0.0319634703196347
4 0.5509118541033434 0.2389649923896499 0.06534954407294832 0.0365296803652968
4 0.6527355623100304 0.2191780821917808 0.044072948328267476 0.0487062404870624
4 0.7416413373860182 0.14383561643835616 0.060790273556231005 0.0471841704718417
4 0.26975683890577506 0.9512937595129376 0.044072948328267476 0.0669710806697108