1 0.8776595744680851 0.5197869101978692 0.12917933130699089 0.1567732115677321
1 0.31534954407294835 0.10426179604261795 0.14437689969604864 0.1324200913242009
5 0.0797872340425532 0.2480974124809741 0.08358662613981763 0.1187214611872146
1 0.19832826747720364 0.2557077625570776 0.08054711246200608 0.0578386605783866
7 0.1838905775075988 0.4368340943683409 0.1702127659574468 0.121765601217656
1 0.22720364741641338 0.3105022831050228 0.06838905775075987 0.0639269406392694
1 0.29711246200607905 0.21841704718417046 0.07142857142857142 0.0958904109589041
5 0.13601823708206687 0.1476407914764079 0.11398176291793313 0.076103500761035
2 0.4452887537993921 0.2313546423135464 0.0790273556231003 0.076103500761035
2 0.5379939209726444 0.21841704718417046 0.09422492401215805 0.1111111111111111
1 0.7545592705167173 0.5251141552511416 0.11398176291793313 0.15220700152207
1 0.8100303951367781 0.3972602739726027 0.12462006079027356 0.0791476407914764
1 0.8693009118541033 0.2899543378995434 0.1519756838905775 0.1263318112633181
1 0.8449848024316109 0.8584474885844748 0.22492401215805471 0.2100456621004566
1 0.8472644376899696 0.7016742770167428 0.1595744680851064 0.1035007610350076
1 0.5030395136778115 0.5920852359208524 0.23100303951367782 0.2161339421613394
1 0.4878419452887538 0.3850837138508371 0.20972644376899696 0.1552511415525114
5 0.1656534954407295 0.5677321156773212 0.0729483282674772 0.0943683409436834
7 0.2530395136778115 0.5083713850837138 0.08054711246200608 0.0882800608828006
5 0.09270516717325228 0.7138508371385084 0.1033434650455927 0.1643835616438356
5 0.0668693009118541 0.6004566210045662 0.1094224924012158 0.0684931506849315
5 0.10714285714285714 0.880517503805175 0.10182370820668693 0.0958904109589041
5 0.22264437689969604 0.8447488584474886 0.12613981762917933 0.121765601217656
5 0.19908814589665655 0.7176560121765602 0.0729483282674772 0.0684931506849315
5 0.2507598784194529 0.6248097412480974 0.13677811550151975 0.0958904109589041
5 0.34802431610942247 0.7480974124809742 0.1702127659574468 0.1019786910197869
5 0.3882978723404255 0.860730593607306 0.15653495440729484 0.1263318112633181
5 0.506838905775076 0.8165905631659056 0.06534954407294832 0.0837138508371385
5 0.513677811550152 0.9421613394216134 0.11854103343465046 0.0730593607305936
7 0.45288753799392095 0.11948249619482496 0.057750759878419454 0.0806697108066971
7 0.540273556231003 0.1035007610350076 0.07142857142857142 0.0791476407914764
7 0.6565349544072948 0.11035007610350075 0.07598784194528875 0.0684931506849315
1 0.6200607902735562 0.8181126331811264 0.0729483282674772 0.0684931506849315