5 0.2519025875190259 0.3059360730593607 0.0654490106544901 0.1035007610350076
5 0.23972602739726026 0.21232876712328766 0.0684931506849315 0.0837138508371385
5 0.3272450532724505 0.20624048706240486 0.091324200913242 0.0867579908675799
5 0.2937595129375951 0.6286149162861492 0.0730593607305936 0.1035007610350076
5 0.378234398782344 0.6415525114155252 0.0867579908675799 0.1111111111111111
1 0.060882800608828 0.8394216133942162 0.091324200913242 0.1141552511415525
7 0.08904109589041095 0.5677321156773212 0.0806697108066971 0.1187214611872146
1 0.06316590563165905 0.3059360730593607 0.1019786910197869 0.1248097412480974
1 0.1308980213089802 0.20015220700152206 0.1035007610350076 0.0867579908675799
1 0.07686453576864535 0.136986301369863 0.0806697108066971 0.060882800608828
1 0.0928462709284627 0.0517503805175038 0.1095890410958904 0.091324200913242
1 0.18949771689497716 0.10426179604261795 0.0989345509893455 0.0654490106544901
1 0.2070015220700152 0.0380517503805175 0.1095890410958904 0.076103500761035
1 0.0669710806697108 0.7420091324200914 0.1035007610350076 0.0837138508371385
1 0.16057838660578386 0.7937595129375952 0.0958904109589041 0.1019786910197869
2 0.2602739726027397 0.7442922374429224 0.0882800608828006 0.106544901065449
2 0.182648401826484 0.7168949771689498 0.060882800608828 0.0639269406392694
1 0.243531202435312 0.875951293759513 0.076103500761035 0.1111111111111111
1 0.3340943683409437 0.9497716894977168 0.0989345509893455 0.0882800608828006
1 0.4132420091324201 0.9010654490106544 0.0989345509893455 0.106544901065449
1 0.5159817351598174 0.880517503805175 0.106544901065449 0.1019786910197869
1 0.5570776255707762 0.952054794520548 0.1095890410958904 0.0806697108066971
1 0.6111111111111112 0.8234398782343988 0.0806697108066971 0.1187214611872146
1 0.6940639269406392 0.806697108066971 0.0730593607305936 0.136986301369863
1 0.6940639269406392 0.941400304414003 0.1035007610350076 0.0867579908675799
5 0.3926940639269406 0.7823439878234398 0.1095890410958904 0.1035007610350076
5 0.21385083713850836 0.6103500761035008 0.1019786910197869 0.0943683409436834
5 0.14079147640791476 0.4170471841704718 0.0837138508371385 0.1035007610350076
5 0.2222222222222222 0.5060882800608828 0.1339421613394216 0.0684931506849315
5 0.2633181126331811 0.4185692541856925 0.1035007610350076 0.106544901065449
5 0.1750380517503805 0.2998477929984779 0.076103500761035 0.106544901065449
5 0.3242009132420091 0.09512937595129375 0.0943683409436834 0.0989345509893455
5 0.3751902587519026 0.3097412480974125 0.0867579908675799 0.1019786910197869
5 0.4208523592085236 0.22146118721461186 0.0867579908675799 0.0958904109589041
5 0.4923896499238965 0.1719939117199391 0.0958904109589041 0.1035007610350076
5 0.487062404870624 0.7503805175038052 0.091324200913242 0.0882800608828006
5 0.5228310502283106 0.7328767123287672 0.0806697108066971 0.0867579908675799
5 0.4421613394216134 0.6681887366818874 0.0715372907153729 0.076103500761035
5 0.5220700152207002 0.07382039573820395 0.1095890410958904 0.1019786910197869
5 0.525875190258752 0.2526636225266362 0.0806697108066971 0.0730593607305936
5 0.6331811263318112 0.2534246575342466 0.0882800608828006 0.1019786910197869
5 0.6232876712328768 0.17579908675799086 0.1141552511415525 0.0958904109589041
5 0.8127853881278538 0.845509893455099 0.0882800608828006 0.1171993911719939
5 0.9071537290715372 0.8378995433789954 0.0791476407914764 0.1111111111111111
5 0.3637747336377473 0.563165905631659 0.0882800608828006 0.091324200913242
5 0.5053272450532724 0.5692541856925418 0.106544901065449 0.0730593607305936
5 0.3668188736681887 0.4703196347031963 0.0882800608828006 0.0943683409436834
5 0.423896499238965 0.3926940639269406 0.1171993911719939 0.1187214611872146
5 0.5296803652968036 0.6468797564687976 0.0791476407914764 0.106544901065449
5 0.6377473363774734 0.6621004566210046 0.0943683409436834 0.106544901065449
5 0.5 0.4802130898021309 0.1263318112633181 0.1111111111111111
5 0.6590563165905632 0.545662100456621 0.0943683409436834 0.0958904109589041
5 0.7792998477929984 0.7138508371385084 0.091324200913242 0.1248097412480974
5 0.8789954337899544 0.7321156773211568 0.0837138508371385 0.1095890410958904
5 0.8767123287671232 0.6035007610350076 0.0791476407914764 0.0958904109589041
5 0.9459665144596652 0.589041095890411 0.0715372907153729 0.091324200913242
5 0.7343987823439878 0.5388127853881278 0.0684931506849315 0.1095890410958904
5 0.8158295281582952 0.560882800608828 0.0791476407914764 0.1111111111111111
5 0.5213089802130898 0.363013698630137 0.0684931506849315 0.0867579908675799
5 0.4817351598173516 0.3127853881278539 0.0837138508371385 0.0715372907153729
5 0.6111111111111112 0.4307458143074581 0.1171993911719939 0.0943683409436834
5 0.6210045662100456 0.3226788432267884 0.0943683409436834 0.091324200913242
5 0.7207001522070016 0.378234398782344 0.0867579908675799 0.0867579908675799
5 0.723744292237443 0.2770167427701674 0.0958904109589041 0.106544901065449
5 0.771689497716895 0.4520547945205479 0.136986301369863 0.076103500761035
5 0.7496194824961948 0.14687975646879756 0.0989345509893455 0.0837138508371385
5 0.7062404870624048 0.0974124809741248 0.106544901065449 0.076103500761035
5 0.8158295281582952 0.24885844748858446 0.0730593607305936 0.0958904109589041
5 0.8843226788432268 0.2617960426179604 0.0730593607305936 0.106544901065449
5 0.8401826484018264 0.4010654490106545 0.076103500761035 0.1111111111111111
5 0.9299847792998478 0.3637747336377473 0.0882800608828006 0.1035007610350076
5 0.9634703196347032 0.2838660578386606 0.0730593607305936 0.1141552511415525
5 0.8797564687975646 0.19254185692541856 0.0730593607305936 0.0989345509893455
5 0.954337899543379 0.1887366818873668 0.076103500761035 0.0943683409436834
5 0.8812785388127854 0.07534246575342465 0.1035007610350076 0.1141552511415525
5 0.9117199391171994 0.4474885844748858 0.0882800608828006 0.106544901065449
5 0.9687975646879756 0.5235920852359208 0.0563165905631659 0.121765601217656