2 0.9756468797564688 0.2237442922374429 0.0487062404870624 0.1461187214611872
4 0.9079147640791476 0.0502283105022831 0.0258751902587519 0.0334855403348554
5 0.7343987823439878 0.23059360730593606 0.1232876712328767 0.1293759512937595
2 0.7899543378995434 0.11187214611872145 0.0426179604261796 0.0441400304414003
2 0.8249619482496194 0.02207001522070015 0.1095890410958904 0.0441400304414003
5 0.6057838660578386 0.2161339421613394 0.1248097412480974 0.1430745814307458
5 0.3698630136986301 0.18493150684931506 0.0943683409436834 0.0958904109589041
1 0.3835616438356164 0.4223744292237443 0.1339421613394216 0.1111111111111111
1 0.3363774733637747 0.2983257229832572 0.0974124809741248 0.1156773211567732
5 0.4375951293759513 0.3112633181126332 0.1019786910197869 0.1171993911719939
5 0.1324200913242009 0.04490106544901065 0.1887366818873668 0.0898021308980213
5 0.3143074581430746 0.0441400304414003 0.1354642313546423 0.0882800608828006
5 0.4589041095890411 0.1141552511415525 0.0898021308980213 0.0882800608828006
5 0.4345509893455099 0.0334855403348554 0.0806697108066971 0.0669710806697108
5 0.576103500761035 0.09360730593607305 0.1232876712328767 0.1019786910197869
5 0.632420091324201 0.03272450532724505 0.1263318112633181 0.0654490106544901
5 0.5334855403348554 0.02207001522070015 0.0532724505327245 0.0441400304414003
5 0.18797564687975646 0.19101978691019786 0.2085235920852359 0.1171993911719939
5 0.0395738203957382 0.3401826484018265 0.0791476407914764 0.1324200913242009
5 0.05098934550989345 0.16210045662100456 0.0958904109589041 0.2024353120243531
5 0.1628614916286149 0.3333333333333333 0.167427701674277 0.1552511415525114
5 0.15449010654490106 0.4345509893455099 0.1598173515981735 0.0715372907153729
5 0.6910197869101978 0.556316590563166 0.1278538812785388 0.1263318112633181
5 0.6689497716894978 0.708523592085236 0.0928462709284627 0.1019786910197869
5 0.6613394216133942 0.819634703196347 0.0958904109589041 0.1080669710806697
5 0.7625570776255708 0.8622526636225266 0.0852359208523592 0.1598173515981735
5 0.754185692541857 0.723744292237443 0.0776255707762557 0.1019786910197869
5 0.971841704718417 0.4596651445966514 0.0563165905631659 0.15220700152207
5 0.8432267884322678 0.4672754946727549 0.167427701674277 0.1948249619482496
5 0.8881278538812786 0.7831050228310502 0.1324200913242009 0.1719939117199391
5 0.8310502283105022 0.6270928462709284 0.1765601217656012 0.1126331811263318
5 0.9649923896499238 0.5844748858447488 0.0700152207001522 0.076103500761035
5 0.9733637747336378 0.6993911719939118 0.0532724505327245 0.1263318112633181
5 0.982496194824962 0.8264840182648402 0.0350076103500761 0.1035007610350076
5 0.9444444444444444 0.943683409436834 0.1111111111111111 0.1126331811263318
5 0.8812785388127854 0.9634703196347032 0.106544901065449 0.0730593607305936
5 0.6407914764079148 0.9353120243531202 0.1613394216133942 0.1111111111111111
5 0.5076103500761036 0.9627092846270928 0.0989345509893455 0.0745814307458143
5 0.0730593607305936 0.9596651445966514 0.106544901065449 0.0806697108066971
5 0.1689497716894977 0.9786910197869102 0.121765601217656 0.0334855403348554
5 0.0700152207001522 0.5038051750380518 0.1400304414003044 0.0791476407914764
5 0.06773211567732115 0.69558599695586 0.1141552511415525 0.2465753424657534
5 0.11491628614916286 0.8660578386605784 0.1354642313546423 0.1004566210045662
5 0.16057838660578386 0.7815829528158296 0.0654490106544901 0.0745814307458143
5 0.2404870624048706 0.9322678843226788 0.091324200913242 0.0898021308980213
5 0.3531202435312024 0.8401826484018264 0.1035007610350076 0.1248097412480974
5 0.2207001522070015 0.8417047184170472 0.0882800608828006 0.0578386605783866
5 0.2237442922374429 0.7480974124809742 0.091324200913242 0.1141552511415525
5 0.22754946727549466 0.5875190258751902 0.0684931506849315 0.1126331811263318
5 0.3295281582952816 0.6773211567732116 0.1080669710806697 0.1430745814307458
5 0.3257229832572298 0.5578386605783866 0.0669710806697108 0.0867579908675799
5 0.2785388127853881 0.6727549467275494 0.0669710806697108 0.0852359208523592
5 0.3911719939117199 0.662861491628615 0.1095890410958904 0.1415525114155251
5 0.4611872146118721 0.6202435312024354 0.0943683409436834 0.1689497716894977
5 0.5471841704718418 0.6354642313546424 0.1019786910197869 0.1415525114155251
6 0.5662100456621004 0.3797564687975647 0.0426179604261796 0.0471841704718417
6 0.6506849315068494 0.3972602739726027 0.0319634703196347 0.0273972602739726
6 0.5844748858447488 0.5395738203957382 0.0365296803652968 0.0471841704718417
6 0.2656012176560122 0.4649923896499239 0.0441400304414003 0.0532724505327245
6 0.4292237442922374 0.21537290715372906 0.030441400304414 0.0319634703196347