5 0.21537290715372906 0.15296803652968036 0.0867579908675799 0.0958904109589041
5 0.01141552511415525 0.515220700152207 0.0228310502283105 0.0745814307458143
5 0.0136986301369863 0.4101978691019787 0.0273972602739726 0.0715372907153729
2 0.03424657534246575 0.3675799086757991 0.0228310502283105 0.0258751902587519
2 0.2054794520547945 0.4885844748858447 0.0334855403348554 0.0426179604261796
2 0.2252663622526636 0.4505327245053272 0.0334855403348554 0.0395738203957382
2 0.0426179604261796 0.4345509893455099 0.0121765601217656 0.0319634703196347
2 0.076103500761035 0.4505327245053272 0.030441400304414 0.0213089802130898
2 0.10121765601217655 0.5220700152207002 0.0350076103500761 0.0273972602739726
2 0.2701674277016743 0.4185692541856925 0.0228310502283105 0.0243531202435312
2 0.13318112633181126 0.6613394216133942 0.0228310502283105 0.0258751902587519
5 0.3234398782343988 0.030441400304414 0.0563165905631659 0.060882800608828
5 0.3751902587519026 0.0197869101978691 0.0654490106544901 0.0395738203957382
5 0.7899543378995434 0.16514459665144596 0.1126331811263318 0.0837138508371385
5 0.6910197869101978 0.06773211567732115 0.1613394216133942 0.1354642313546423
5 0.8378995433789954 0.06468797564687975 0.1598173515981735 0.1293759512937595
5 0.9550989345509894 0.0441400304414003 0.0898021308980213 0.0882800608828006
5 0.02511415525114155 0.6879756468797564 0.0502283105022831 0.121765601217656
5 0.0502283105022831 0.786910197869102 0.1004566210045662 0.121765601217656
5 0.136986301369863 0.786910197869102 0.0639269406392694 0.0791476407914764
5 0.1796042617960426 0.8432267884322678 0.0639269406392694 0.0791476407914764
5 0.0852359208523592 0.8584474885844748 0.1126331811263318 0.0639269406392694
5 0.07990867579908675 0.9254185692541856 0.0958904109589041 0.0791476407914764
7 0.0471841704718417 0.6263318112633182 0.0365296803652968 0.0350076103500761
2 0.0350076103500761 0.5776255707762558 0.0243531202435312 0.0228310502283105
2 0.22450532724505326 0.6263318112633182 0.0319634703196347 0.0197869101978691
2 0.15449010654490106 0.6301369863013698 0.0289193302891933 0.015220700152207
2 0.243531202435312 0.7907153729071538 0.0213089802130898 0.0258751902587519
2 0.4703196347031963 0.9162861491628614 0.0182648401826484 0.0213089802130898
2 0.4946727549467275 0.9246575342465754 0.015220700152207 0.0197869101978691
2 0.545662100456621 0.9611872146118722 0.0136986301369863 0.0167427701674277
2 0.606544901065449 0.923896499238965 0.0197869101978691 0.0243531202435312
4 0.9398782343987824 0.2686453576864536 0.0136986301369863 0.0136986301369863
2 0.9512937595129376 0.2526636225266362 0.0182648401826484 0.0213089802130898
2 0.923896499238965 0.1659056316590563 0.0243531202435312 0.0243531202435312
2 0.926179604261796 0.2222222222222222 0.0319634703196347 0.0121765601217656
2 0.4193302891933029 0.3371385083713851 0.0228310502283105 0.0228310502283105
2 0.3622526636225266 0.1278538812785388 0.030441400304414 0.0273972602739726
2 0.21537290715372906 0.7366818873668188 0.0289193302891933 0.0243531202435312
4 0.14079147640791476 0.967275494672755 0.0136986301369863 0.0167427701674277
2 0.15601217656012176 0.9459665144596652 0.0136986301369863 0.0136986301369863
2 0.3919330289193303 0.19710806697108066 0.0197869101978691 0.0197869101978691
4 0.3881278538812785 0.0700152207001522 0.015220700152207 0.0182648401826484
2 0.08599695585996955 0.3812785388127854 0.0319634703196347 0.0228310502283105
4 0.0654490106544901 0.3584474885844749 0.0273972602739726 0.0228310502283105
4 0.1613394216133942 0.4984779299847793 0.0243531202435312 0.0167427701674277
4 0.1780821917808219 0.528158295281583 0.0121765601217656 0.0121765601217656
4 0.06621004566210045 0.58675799086758 0.0136986301369863 0.0106544901065449
4 0.1126331811263318 0.58675799086758 0.0121765601217656 0.0136986301369863
4 0.1643835616438356 0.6582952815829528 0.0182648401826484 0.0167427701674277
4 0.2191780821917808 0.9010654490106544 0.015220700152207 0.015220700152207
4 0.3105022831050228 0.9961948249619482 0.0091324200913242 0.0076103500761035
4 0.9155251141552512 0.9254185692541856 0.0136986301369863 0.015220700152207
4 0.9482496194824962 0.2831050228310502 0.0121765601217656 0.0121765601217656
4 0.8919330289193302 0.2572298325722983 0.015220700152207 0.0121765601217656
4 0.8295281582952816 0.2701674277016743 0.015220700152207 0.0136986301369863
4 0.9649923896499238 0.106544901065449 0.015220700152207 0.015220700152207
4 0.0426179604261796 0.5372907153729072 0.0213089802130898 0.0182648401826484
4 0.2115677321156773 0.426179604261796 0.0243531202435312 0.015220700152207
4 0.16362252663622526 0.9961948249619482 0.0136986301369863 0.0076103500761035