6 0.7359208523592086 0.2960426179604262 0.0502283105022831 0.0684931506849315
5 0.5989345509893456 0.02511415525114155 0.1324200913242009 0.0502283105022831
5 0.6582952815829528 0.0806697108066971 0.0867579908675799 0.0547945205479452
7 0.6864535768645358 0.0289193302891933 0.0547945205479452 0.045662100456621
5 0.5494672754946728 0.0898021308980213 0.1004566210045662 0.0669710806697108
5 0.4223744292237443 0.1035007610350076 0.0928462709284627 0.0791476407914764
5 0.4170471841704718 0.02815829528158295 0.0700152207001522 0.0563165905631659
5 0.4923896499238965 0.03729071537290715 0.0776255707762557 0.0745814307458143
5 0.5471841704718418 0.18493150684931506 0.0898021308980213 0.0745814307458143
3 0.3972602739726027 0.2572298325722983 0.0395738203957382 0.045662100456621
5 0.4786910197869102 0.2572298325722983 0.0806697108066971 0.0882800608828006
5 0.4665144596651446 0.18493150684931506 0.0563165905631659 0.0563165905631659
5 0.5958904109589042 0.2732115677321157 0.1141552511415525 0.0806697108066971
5 0.5464231354642314 0.4375951293759513 0.0974124809741248 0.0867579908675799
5 0.5852359208523592 0.3614916286149163 0.0502283105022831 0.0532724505327245
5 0.4406392694063927 0.3888888888888889 0.0989345509893455 0.1050228310502283
5 0.5235920852359208 0.34779299847793 0.0669710806697108 0.0776255707762557
5 0.6575342465753424 0.3554033485540335 0.1095890410958904 0.0867579908675799
5 0.6735159817351598 0.4436834094368341 0.1385083713850837 0.0684931506849315
5 0.4634703196347032 0.4946727549467275 0.0867579908675799 0.0974124809741248
5 0.5898021308980214 0.5791476407914764 0.0806697108066971 0.0715372907153729
5 0.5350076103500762 0.6293759512937596 0.0837138508371385 0.0806697108066971
5 0.5235920852359208 0.5669710806697108 0.091324200913242 0.0563165905631659
5 0.556316590563166 0.5182648401826484 0.0928462709284627 0.0593607305936073
5 0.6864535768645358 0.5380517503805176 0.167427701674277 0.1111111111111111
5 0.678082191780822 0.636986301369863 0.1933028919330289 0.0715372907153729
5 0.6894977168949772 0.7808219178082192 0.1156773211567732 0.060882800608828
5 0.6636225266362252 0.7123287671232876 0.2222222222222222 0.0730593607305936
5 0.6925418569254186 0.9094368340943684 0.1887366818873668 0.1659056316590563
2 0.6430745814307458 0.2009132420091324 0.0715372907153729 0.0700152207001522
2 0.5989345509893456 0.1400304414003044 0.0593607305936073 0.0487062404870624
3 0.21537290715372906 0.4117199391171994 0.1750380517503805 0.2146118721461187
3 0.4665144596651446 0.952054794520548 0.1111111111111111 0.0958904109589041
3 0.2792998477929985 0.5821917808219178 0.1202435312024353 0.1019786910197869
3 0.3896499238964992 0.756468797564688 0.1735159817351598 0.213089802130898
3 0.2694063926940639 0.1613394216133942 0.0943683409436834 0.0852359208523592
3 0.2480974124809741 0.045662100456621 0.1704718417047184 0.0882800608828006