1 0.08751902587519025 0.060882800608828 0.1750380517503805 0.121765601217656
1 0.2085235920852359 0.2876712328767123 0.167427701674277 0.136986301369863
2 0.4254185692541857 0.060882800608828 0.1171993911719939 0.1126331811263318
5 0.06316590563165905 0.5144596651445966 0.1263318112633181 0.3409436834094368
5 0.3546423135464231 0.8896499238964992 0.1796042617960426 0.1628614916286149
5 0.22146118721461186 0.7245053272450532 0.2267884322678843 0.3074581430745814
5 0.05251141552511415 0.7945205479452054 0.1050228310502283 0.1613394216133942
5 0.4041095890410959 0.21993911719939116 0.1354642313546423 0.1780821917808219
5 0.5372907153729072 0.228310502283105 0.1126331811263318 0.0974124809741248
5 0.6057838660578386 0.05251141552511415 0.1248097412480974 0.1050228310502283
5 0.8858447488584474 0.0943683409436834 0.1643835616438356 0.1735159817351598
5 0.7252663622526636 0.12861491628614916 0.2359208523592085 0.2389649923896499
5 0.9482496194824962 0.1948249619482496 0.1035007610350076 0.0882800608828006
5 0.9642313546423136 0.2983257229832572 0.0715372907153729 0.1095890410958904
5 0.8904109589041096 0.3135464231354642 0.0700152207001522 0.1126331811263318
5 0.9421613394216134 0.4733637747336377 0.1156773211567732 0.2039573820395738
5 0.7831050228310502 0.3150684931506849 0.1232876712328767 0.1278538812785388
5 0.5159817351598174 0.3942161339421613 0.2252663622526636 0.2374429223744292
5 0.4200913242009132 0.5251141552511416 0.1613394216133942 0.1948249619482496
5 0.684931506849315 0.4094368340943683 0.1278538812785388 0.213089802130898
5 0.8158295281582952 0.4550989345509893 0.121765601217656 0.1765601217656012
5 0.6057838660578386 0.6149162861491628 0.1339421613394216 0.1704718417047184
5 0.7351598173515982 0.6118721461187214 0.1004566210045662 0.1126331811263318
5 0.9155251141552512 0.6012176560121766 0.1689497716894977 0.0974124809741248
5 0.9223744292237442 0.7442922374429224 0.1552511415525114 0.1582952815829528
2 0.4604261796042618 0.80441400304414 0.1141552511415525 0.0806697108066971
2 0.2846270928462709 0.517503805175038 0.076103500761035 0.0700152207001522
1 0.0502283105022831 0.2648401826484018 0.0882800608828006 0.1004566210045662
1 0.2054794520547945 0.4208523592085236 0.121765601217656 0.1111111111111111
2 0.3059360730593607 0.0639269406392694 0.0974124809741248 0.0974124809741248
2 0.4794520547945205 0.669710806697108 0.076103500761035 0.060882800608828
0 0.7732115677321156 0.7625570776255708 0.1765601217656012 0.2161339421613394
0 0.893455098934551 0.9474885844748858 0.2009132420091324 0.1050228310502283
0 0.726027397260274 0.9505327245053272 0.106544901065449 0.0989345509893455
0 0.6453576864535768 0.8386605783866058 0.167427701674277 0.1765601217656012
0 0.5418569254185692 0.926179604261796 0.1552511415525114 0.1476407914764079
0 0.15449010654490106 0.9634703196347032 0.0776255707762557 0.060882800608828
2 0.04794520547945205 0.9383561643835616 0.0806697108066971 0.0776255707762557
1 0.2039573820395738 0.12252663622526636 0.1430745814307458 0.1811263318112633