7 0.8919330289193302 0.893455098934551 0.0882800608828006 0.0730593607305936
7 0.7937595129375952 0.863013698630137 0.1171993911719939 0.1278538812785388
5 0.4307458143074581 0.1780821917808219 0.2922374429223744 0.319634703196347
5 0.471841704718417 0.6552511415525114 0.2709284627092846 0.3698630136986301
4 0.5540334855403348 0.952054794520548 0.1095890410958904 0.0958904109589041
5 0.0852359208523592 0.9178082191780822 0.1704718417047184 0.1643835616438356
5 0.2511415525114155 0.9581430745814308 0.1430745814307458 0.0837138508371385
5 0.0547945205479452 0.6210045662100456 0.1095890410958904 0.4170471841704718
5 0.08143074581430745 0.14840182648401826 0.1628614916286149 0.2968036529680365
3 0.799847792998478 0.3485540334855403 0.0806697108066971 0.471841704718417
3 0.4018264840182648 0.9863013698630136 0.0213089802130898 0.0273972602739726
3 0.9398782343987824 0.2207001522070015 0.0654490106544901 0.0974124809741248
3 0.9162861491628614 0.03272450532724505 0.1035007610350076 0.0654490106544901