3 0.6712328767123288 0.3066971080669711 0.0730593607305936 0.0654490106544901
7 0.0989345509893455 0.834855403348554 0.106544901065449 0.0958904109589041
7 0.15220700152207 0.7465753424657534 0.121765601217656 0.1019786910197869
7 0.0974124809741248 0.6445966514459666 0.1491628614916286 0.1263318112633181
7 0.18797564687975646 0.9079147640791476 0.1324200913242009 0.0806697108066971
2 0.502283105022831 0.3508371385083714 0.106544901065449 0.1324200913242009
2 0.4665144596651446 0.2678843226788432 0.0958904109589041 0.0943683409436834
1 0.8226788432267884 0.4665144596651446 0.1476407914764079 0.2389649923896499
5 0.2404870624048706 0.3051750380517504 0.2009132420091324 0.1628614916286149
5 0.24429223744292236 0.4604261796042618 0.2937595129375951 0.1445966514459665
5 0.4512937595129376 0.578386605783866 0.1476407914764079 0.121765601217656
5 0.3188736681887367 0.634703196347032 0.1141552511415525 0.106544901065449
5 0.3401826484018265 0.7343987823439878 0.1567732115677321 0.1293759512937595
5 0.5068493150684932 0.723744292237443 0.1400304414003044 0.1476407914764079
5 0.7397260273972602 0.14535768645357686 0.0943683409436834 0.0806697108066971
0 0.8333333333333334 0.16514459665144596 0.0532724505327245 0.0654490106544901
0 0.6689497716894978 0.2267884322678843 0.0532724505327245 0.0639269406392694
5 0.5159817351598174 0.10882800608828005 0.1796042617960426 0.1324200913242009
5 0.2762557077625571 0.11796042617960426 0.1324200913242009 0.0989345509893455
1 0.8599695585996956 0.9254185692541856 0.167427701674277 0.1035007610350076
1 0.9337899543378996 0.6925418569254186 0.0867579908675799 0.106544901065449
5 0.8584474885844748 0.2792998477929985 0.076103500761035 0.0563165905631659
3 0.9254185692541856 0.3219178082191781 0.0426179604261796 0.0563165905631659
5 0.6643835616438356 0.9345509893455098 0.1141552511415525 0.091324200913242
5 0.8165905631659056 0.0821917808219178 0.1111111111111111 0.0730593607305936
7 0.5030441400304414 0.8896499238964992 0.0958904109589041 0.0684931506849315
5 0.09208523592085235 0.15753424657534246 0.0806697108066971 0.0958904109589041