5 0.07534246575342465 0.045662100456621 0.1506849315068493 0.091324200913242
5 0.16514459665144596 0.256468797564688 0.1111111111111111 0.1476407914764079
5 0.2503805175038052 0.943683409436834 0.1567732115677321 0.1126331811263318
5 0.1202435312024353 0.9619482496194824 0.106544901065449 0.076103500761035
7 0.0319634703196347 0.9596651445966514 0.0639269406392694 0.0806697108066971
7 0.04185692541856925 0.4269406392694064 0.0776255707762557 0.1263318112633181
7 0.03424657534246575 0.5593607305936074 0.0684931506849315 0.1506849315068493
2 0.4345509893455099 0.1887366818873668 0.1445966514459665 0.136986301369863
2 0.2831050228310502 0.2701674277016743 0.1035007610350076 0.1263318112633181
2 0.3987823439878234 0.3203957382039574 0.1095890410958904 0.1445966514459665
2 0.4368340943683409 0.4771689497716895 0.1187214611872146 0.1506849315068493
4 0.3013698630136986 0.0213089802130898 0.0943683409436834 0.0426179604261796
7 0.6286149162861492 0.1004566210045662 0.045662100456621 0.0578386605783866
6 0.6407914764079148 0.20319634703196346 0.0243531202435312 0.0289193302891933
5 0.786910197869102 0.3401826484018265 0.1491628614916286 0.1354642313546423
7 0.7427701674277016 0.24885844748858446 0.076103500761035 0.0654490106544901
7 0.8340943683409436 0.228310502283105 0.015220700152207 0.0365296803652968
5 0.89117199391172 0.4421613394216134 0.2176560121765601 0.2024353120243531
7 0.9611872146118722 0.317351598173516 0.0410958904109589 0.0471841704718417
7 0.662861491628615 0.03424657534246575 0.0532724505327245 0.0441400304414003
1 0.3926940639269406 0.8394216133942162 0.106544901065449 0.2389649923896499
7 0.3858447488584475 0.669710806697108 0.0563165905631659 0.0487062404870624
7 0.4292237442922374 0.6286149162861492 0.0700152207001522 0.045662100456621
2 0.23820395738203956 0.654490106544901 0.0593607305936073 0.0487062404870624
2 0.2374429223744292 0.5776255707762558 0.0730593607305936 0.0624048706240487
5 0.7800608828006088 0.0928462709284627 0.1537290715372907 0.1856925418569254
5 0.03272450532724505 0.80441400304414 0.0654490106544901 0.1780821917808219
5 0.08751902587519025 0.7199391171993912 0.1385083713850837 0.15220700152207
1 0.9353120243531202 0.11948249619482496 0.1293759512937595 0.2389649923896499
1 0.24885844748858446 0.834855403348554 0.1293759512937595 0.0898021308980213
5 0.556316590563166 0.563165905631659 0.1659056316590563 0.1582952815829528
5 0.715372907153729 0.5616438356164384 0.1430745814307458 0.1582952815829528
1 0.7100456621004566 0.6902587519025876 0.0928462709284627 0.0745814307458143
5 0.5639269406392694 0.7298325722983258 0.2176560121765601 0.1598173515981735
1 0.5114155251141552 0.8721461187214612 0.1430745814307458 0.121765601217656
5 0.6788432267884322 0.880517503805175 0.1613394216133942 0.1263318112633181
1 0.852359208523592 0.9657534246575342 0.1339421613394216 0.0593607305936073
5 0.9010654490106544 0.6210045662100456 0.1613394216133942 0.1339421613394216
5 0.8599695585996956 0.7861491628614916 0.1704718417047184 0.1780821917808219
5 0.91324200913242 0.867579908675799 0.1735159817351598 0.1461187214611872
7 0.5342465753424658 0.4558599695585997 0.0395738203957382 0.0258751902587519
7 0.573820395738204 0.4353120243531202 0.030441400304414 0.0395738203957382
2 0.6293759512937596 0.4459665144596651 0.0471841704718417 0.0426179604261796
7 0.5273972602739726 0.408675799086758 0.0441400304414003 0.0380517503805175
7 0.2792998477929985 0.3789954337899543 0.1111111111111111 0.0882800608828006