5 0.9178082191780822 0.07686453576864535 0.1643835616438356 0.1537290715372907
5 0.7328767123287672 0.10882800608828005 0.2085235920852359 0.1506849315068493
5 0.5547945205479452 0.0852359208523592 0.1628614916286149 0.1704718417047184
5 0.23972602739726026 0.08447488584474885 0.1567732115677321 0.1689497716894977
5 0.4208523592085236 0.7488584474885844 0.2207001522070015 0.1948249619482496
5 0.7625570776255708 0.3546423135464231 0.2070015220700152 0.1430745814307458
5 0.9254185692541856 0.4672754946727549 0.1278538812785388 0.1613394216133942
5 0.23211567732115676 0.9315068493150684 0.1567732115677321 0.136986301369863
5 0.3036529680365297 0.3470319634703196 0.2054794520547945 0.167427701674277
5 0.0791476407914764 0.0882800608828006 0.1582952815829528 0.1765601217656012
5 0.0441400304414003 0.4284627092846271 0.0882800608828006 0.1354642313546423
5 0.0882800608828006 0.6590563165905632 0.1765601217656012 0.2952815829528158
5 0.0471841704718417 0.8789954337899544 0.0943683409436834 0.1415525114155251
5 0.9200913242009132 0.9330289193302892 0.1598173515981735 0.1339421613394216
5 0.6491628614916286 0.9467275494672754 0.1750380517503805 0.106544901065449
5 0.286910197869102 0.7207001522070016 0.1080669710806697 0.1111111111111111
5 0.4611872146118721 0.60882800608828 0.1156773211567732 0.106544901065449
5 0.2328767123287671 0.5958904109589042 0.1004566210045662 0.0928462709284627
5 0.9337899543378996 0.2945205479452055 0.1324200913242009 0.1780821917808219
5 0.530441400304414 0.9140030441400304 0.1476407914764079 0.1232876712328767
5 0.9482496194824962 0.5974124809741248 0.1035007610350076 0.1111111111111111
5 0.10273972602739725 0.197869101978691 0.2054794520547945 0.2039573820395738
5 0.3904109589041096 0.060882800608828 0.1354642313546423 0.1004566210045662
5 0.4528158295281583 0.21993911719939116 0.1354642313546423 0.1141552511415525
5 0.3835616438356164 0.18188736681887366 0.15220700152207 0.1659056316590563
5 0.2549467275494673 0.21385083713850836 0.0989345509893455 0.0837138508371385
5 0.09208523592085235 0.3401826484018265 0.1841704718417047 0.0837138508371385
5 0.319634703196347 0.5083713850837138 0.1430745814307458 0.1156773211567732
5 0.4307458143074581 0.4467275494672755 0.1400304414003044 0.2085235920852359
5 0.11948249619482496 0.9337899543378996 0.0745814307458143 0.1324200913242009
5 0.0410958904109589 0.9687975646879756 0.0821917808219178 0.0624048706240487
5 0.2359208523592085 0.8242009132420092 0.1126331811263318 0.0928462709284627
5 0.3660578386605784 0.9474885844748858 0.1111111111111111 0.1050228310502283
5 0.754185692541857 0.0228310502283105 0.1689497716894977 0.0426179604261796
7 0.6818873668188736 0.228310502283105 0.0730593607305936 0.0852359208523592
5 0.8538812785388128 0.21537290715372906 0.1339421613394216 0.0989345509893455
5 0.8295281582952816 0.4961948249619482 0.1095890410958904 0.121765601217656
2 0.7678843226788432 0.5624048706240488 0.0806697108066971 0.1080669710806697
2 0.7009132420091324 0.5121765601217656 0.0837138508371385 0.1171993911719939
5 0.1430745814307458 0.4528158295281583 0.1461187214611872 0.1811263318112633