1 0.6681887366818874 0.515220700152207 0.1643835616438356 0.1324200913242009
5 0.6050228310502284 0.4041095890410959 0.0684931506849315 0.0715372907153729
5 0.6940639269406392 0.3767123287671233 0.106544901065449 0.1232876712328767
5 0.8234398782343988 0.541095890410959 0.121765601217656 0.1080669710806697
5 0.8295281582952816 0.3881278538812785 0.15220700152207 0.1735159817351598
7 0.6423135464231354 0.6126331811263318 0.0365296803652968 0.0289193302891933
7 0.6445966514459666 0.6818873668188736 0.0228310502283105 0.030441400304414
2 0.5494672754946728 0.6179604261796042 0.0273972602739726 0.030441400304414
2 0.5441400304414004 0.662861491628615 0.0441400304414003 0.0319634703196347
4 0.4961948249619482 0.6331811263318112 0.0213089802130898 0.0182648401826484
4 0.541095890410959 0.7968036529680366 0.0136986301369863 0.0136986301369863
2 0.5593607305936074 0.528158295281583 0.0380517503805175 0.0334855403348554
7 0.258751902587519 0.4840182648401826 0.0334855403348554 0.0334855403348554
7 0.11187214611872145 0.045662100456621 0.0350076103500761 0.0334855403348554
2 0.1933028919330289 0.0441400304414003 0.0213089802130898 0.0213089802130898
2 0.2024353120243531 0.0167427701674277 0.0243531202435312 0.0243531202435312
2 0.11948249619482496 0.1263318112633181 0.0228310502283105 0.0334855403348554
2 0.03576864535768645 0.17427701674277016 0.0136986301369863 0.0258751902587519
2 0.00684931506849315 0.14992389649923896 0.0136986301369863 0.0258751902587519
2 0.02511415525114155 0.286910197869102 0.0228310502283105 0.0228310502283105
7 0.8272450532724506 0.0182648401826484 0.0319634703196347 0.030441400304414