5 0.28799392097264437 0.9550989345509894 0.2933130699088146 0.0898021308980213
2 0.3168693009118541 0.8310502283105022 0.10182370820668693 0.1004566210045662
5 0.3844984802431611 0.5517503805175038 0.22796352583586627 0.2420091324200913
5 0.4513677811550152 0.24124809741248096 0.12462006079027356 0.1659056316590563
5 0.2765957446808511 0.14231354642313546 0.2066869300911854 0.2237442922374429
5 0.4627659574468085 0.06773211567732115 0.1595744680851064 0.1354642313546423
5 0.6580547112462006 0.06012176560121765 0.24012158054711247 0.1202435312024353
5 0.60790273556231 0.2207001522070015 0.15501519756838905 0.167427701674277
3 0.16793313069908813 0.3622526636225266 0.21732522796352582 0.197869101978691
3 0.1337386018237082 0.0395738203957382 0.06382978723404255 0.0791476407914764
3 0.0668693009118541 0.545662100456621 0.0911854103343465 0.0593607305936073
3 0.1458966565349544 0.802130898021309 0.2006079027355623 0.2039573820395738
3 0.22796352583586627 0.532724505327245 0.04559270516717325 0.0669710806697108