5 0.7656012176560122 0.8858447488584474 0.1643835616438356 0.1248097412480974
5 0.5525114155251142 0.8637747336377474 0.2404870624048706 0.1659056316590563
5 0.2884322678843227 0.4550989345509893 0.0745814307458143 0.060882800608828
5 0.17427701674277016 0.3447488584474886 0.1537290715372907 0.1659056316590563
5 0.2808219178082192 0.532724505327245 0.0715372907153729 0.0943683409436834
5 0.3318112633181126 0.6141552511415526 0.0852359208523592 0.1111111111111111
5 0.3059360730593607 0.69558599695586 0.0821917808219178 0.0730593607305936
5 0.2237442922374429 0.6757990867579908 0.0700152207001522 0.0639269406392694
5 0.0821917808219178 0.6788432267884322 0.1643835616438356 0.1582952815829528
5 0.121765601217656 0.5289193302891934 0.2374429223744292 0.1354642313546423
5 0.0776255707762557 0.426179604261796 0.1430745814307458 0.1004566210045662
5 0.0532724505327245 0.3089802130898021 0.106544901065449 0.1582952815829528
5 0.09360730593607305 0.1750380517503805 0.1872146118721461 0.1095890410958904
5 0.1476407914764079 0.22146118721461186 0.0882800608828006 0.0806697108066971
5 0.2404870624048706 0.6141552511415526 0.0730593607305936 0.0715372907153729
5 0.0867579908675799 0.06012176560121765 0.1735159817351598 0.1202435312024353
5 0.2968036529680365 0.03881278538812785 0.1156773211567732 0.0776255707762557
5 0.2389649923896499 0.09360730593607305 0.1187214611872146 0.1232876712328767
5 0.24124809741248096 0.1780821917808219 0.1141552511415525 0.0882800608828006
5 0.2313546423135464 0.2526636225266362 0.0639269406392694 0.0487062404870624
5 0.3599695585996956 0.2983257229832572 0.1445966514459665 0.1035007610350076
5 0.3158295281582953 0.2519025875190259 0.1111111111111111 0.0989345509893455
5 0.2838660578386606 0.3721461187214612 0.0684931506849315 0.0928462709284627
5 0.541095890410959 0.0837138508371385 0.2237442922374429 0.167427701674277
5 0.395738203957382 0.03272450532724505 0.15220700152207 0.0654490106544901
5 0.3554033485540335 0.1278538812785388 0.1171993911719939 0.1187214611872146
5 0.4497716894977169 0.20319634703196346 0.1445966514459665 0.1111111111111111
5 0.5251141552511416 0.2914764079147641 0.1552511415525114 0.0867579908675799
5 0.4459665144596651 0.3820395738203957 0.2191780821917808 0.106544901065449
5 0.4322678843226788 0.5 0.2009132420091324 0.1263318112633181
5 0.632420091324201 0.4939117199391172 0.1963470319634703 0.1841704718417047
5 0.4687975646879756 0.6567732115677322 0.1765601217656012 0.1750380517503805
5 0.3523592085235921 0.7831050228310502 0.1293759512937595 0.1324200913242009
5 0.20471841704718416 0.7945205479452054 0.1811263318112633 0.1582952815829528
5 0.08599695585996955 0.880517503805175 0.1415525114155251 0.0928462709284627
5 0.03120243531202435 0.9406392694063926 0.0624048706240487 0.1156773211567732
5 0.1917808219178082 0.9550989345509894 0.2617960426179604 0.0867579908675799
5 0.3607305936073059 0.9315068493150684 0.1095890410958904 0.136986301369863
5 0.4961948249619482 0.9474885844748858 0.1461187214611872 0.1050228310502283
5 0.684931506849315 0.9627092846270928 0.167427701674277 0.0745814307458143
5 0.5441400304414004 0.7328767123287672 0.2146118721461187 0.1567732115677321
5 0.7199391171993912 0.7070015220700152 0.1461187214611872 0.2054794520547945
5 0.6270928462709284 0.3234398782343988 0.1187214611872146 0.1445966514459665
7 0.7343987823439878 0.3386605783866058 0.0684931506849315 0.0928462709284627
5 0.8866057838660578 0.22602739726027396 0.1232876712328767 0.1598173515981735
5 0.9505327245053272 0.1476407914764079 0.0989345509893455 0.121765601217656
5 0.8203957382039574 0.4071537290715373 0.1248097412480974 0.1415525114155251
5 0.9528158295281582 0.4170471841704718 0.0943683409436834 0.1126331811263318
5 0.9231354642313546 0.350076103500761 0.1537290715372907 0.091324200913242
5 0.9764079147640792 0.2595129375951294 0.0471841704718417 0.0928462709284627
5 0.9254185692541856 0.5829528158295282 0.1491628614916286 0.2161339421613394
5 0.8683409436834094 0.7557077625570776 0.2633181126331811 0.1354642313546423
5 0.8881278538812786 0.910958904109589 0.2237442922374429 0.1750380517503805