5 0.8867781155015197 0.7168949771689498 0.15653495440729484 0.1613394216133942
5 0.7416413373860182 0.8592085235920852 0.2066869300911854 0.2024353120243531
5 0.6648936170212766 0.669710806697108 0.135258358662614 0.1765601217656012
7 0.3951367781155015 0.8226788432267884 0.08814589665653495 0.0867579908675799
7 0.35638297872340424 0.9444444444444444 0.07446808510638298 0.0715372907153729
5 0.18009118541033434 0.8432267884322678 0.23252279635258358 0.1491628614916286
5 0.5015197568389058 0.617199391171994 0.11854103343465046 0.1324200913242009
5 0.19680851063829788 0.6948249619482496 0.17477203647416414 0.1445966514459665
5 0.34802431610942247 0.5159817351598174 0.15501519756838905 0.2343987823439878
5 0.7462006079027356 0.4802130898021309 0.1884498480243161 0.1567732115677321
5 0.48556231003039513 0.4337899543378995 0.14437689969604864 0.2039573820395738
5 0.18541033434650456 0.3926940639269406 0.11246200607902736 0.1004566210045662
5 0.11170212765957446 0.3028919330289193 0.12917933130699089 0.1339421613394216
5 0.189209726443769 0.04946727549467275 0.18085106382978725 0.0989345509893455
5 0.8282674772036475 0.9452054794520548 0.12462006079027356 0.1095890410958904
5 0.9574468085106383 0.830289193302892 0.0851063829787234 0.1050228310502283
5 0.7758358662613982 0.6278538812785388 0.11702127659574468 0.1598173515981735
5 0.8731003039513677 0.3082191780821918 0.25379939209726443 0.1719939117199391
5 0.9338905775075987 0.4512937595129376 0.13221884498480244 0.1719939117199391
5 0.9156534954407295 0.167427701674277 0.16869300911854104 0.1613394216133942
5 0.2553191489361702 0.197869101978691 0.17325227963525835 0.1643835616438356
5 0.648176291793313 0.2343987823439878 0.12613981762917933 0.1248097412480974
5 0.4703647416413374 0.2595129375951294 0.13221884498480244 0.1263318112633181
5 0.20972644376899696 0.5350076103500762 0.15501519756838905 0.1780821917808219
5 0.08738601823708207 0.5296803652968036 0.11094224924012158 0.1430745814307458
5 0.3533434650455927 0.3592085235920852 0.07446808510638298 0.0852359208523592
5 0.03571428571428571 0.06316590563165905 0.07142857142857142 0.1263318112633181
5 0.08966565349544073 0.9558599695585996 0.1094224924012158 0.0882800608828006
5 0.6580547112462006 0.365296803652968 0.1580547112462006 0.1339421613394216
5 0.5820668693009119 0.9170471841704718 0.20972644376899696 0.1659056316590563
5 0.05167173252279635 0.7336377473363774 0.1033434650455927 0.1035007610350076
5 0.04027355623100304 0.5958904109589042 0.08054711246200608 0.1354642313546423
5 0.7310030395136778 0.08599695585996955 0.2948328267477204 0.1719939117199391
7 0.5980243161094225 0.7831050228310502 0.05015197568389058 0.0654490106544901
7 0.4376899696048632 0.971841704718417 0.0790273556231003 0.0563165905631659
7 0.9072948328267477 0.573820395738204 0.08206686930091185 0.076103500761035
7 0.5980243161094225 0.5121765601217656 0.11398176291793313 0.1841704718417047
5 0.4217325227963526 0.0334855403348554 0.1838905775075988 0.0669710806697108
7 0.4886018237082067 0.1141552511415525 0.11398176291793313 0.1187214611872146
0 0.33814589665653494 0.091324200913242 0.08966565349544073 0.091324200913242
5 0.03343465045592705 0.2899543378995434 0.060790273556231005 0.0745814307458143
5 0.02127659574468085 0.3828006088280061 0.0425531914893617 0.1202435312024353
5 0.03115501519756839 0.4680365296803653 0.06231003039513678 0.0806697108066971
5 0.0911854103343465 0.4124809741248097 0.06990881458966565 0.0821917808219178
5 0.45972644376899696 0.7382039573820396 0.09574468085106383 0.121765601217656
5 0.541033434650456 0.7382039573820396 0.07598784194528875 0.1156773211567732
7 0.39209726443769 0.7062404870624048 0.04559270516717325 0.0639269406392694
5 0.4126139817629179 0.6537290715372908 0.07750759878419453 0.0776255707762557
5 0.24088145896656535 0.9353120243531202 0.09574468085106383 0.0989345509893455