1 0.8074581430745814 0.13622526636225266 0.1719939117199391 0.1445966514459665
1 0.3873668188736682 0.10882800608828005 0.1598173515981735 0.1567732115677321
1 0.5296803652968036 0.16818873668188736 0.1400304414003044 0.1628614916286149
1 0.6575342465753424 0.1232876712328767 0.091324200913242 0.1248097412480974
1 0.2656012176560122 0.20624048706240486 0.1750380517503805 0.1933028919330289
1 0.06316590563165905 0.2161339421613394 0.0715372907153729 0.121765601217656
1 0.1004566210045662 0.1004566210045662 0.0943683409436834 0.0791476407914764
5 0.654490106544901 0.5076103500761036 0.121765601217656 0.1019786910197869
7 0.6445966514459666 0.4132420091324201 0.0715372907153729 0.0502283105022831
5 0.547945205479452 0.3447488584474886 0.060882800608828 0.0837138508371385
7 0.6560121765601218 0.3378995433789954 0.0882800608828006 0.060882800608828
7 0.7473363774733638 0.4208523592085236 0.0791476407914764 0.0806697108066971
7 0.8333333333333334 0.4155251141552511 0.0684931506849315 0.0943683409436834
7 0.7770167427701674 0.319634703196347 0.0806697108066971 0.060882800608828
5 0.9307458143074582 0.4094368340943683 0.0958904109589041 0.1400304414003044
5 0.5920852359208524 0.6354642313546424 0.1339421613394216 0.1141552511415525
5 0.7823439878234398 0.6910197869101978 0.2404870624048706 0.15220700152207
5 0.4353120243531202 0.84779299847793 0.1035007610350076 0.121765601217656
5 0.454337899543379 0.7199391171993912 0.1476407914764079 0.1187214611872146
5 0.2686453576864536 0.6636225266362252 0.1171993911719939 0.1248097412480974
5 0.1354642313546423 0.6445966514459666 0.0943683409436834 0.1171993911719939
5 0.13013698630136986 0.7770167427701674 0.1111111111111111 0.1171993911719939
5 0.16210045662100456 0.9193302891933028 0.1111111111111111 0.0730593607305936
5 0.332572298325723 0.943683409436834 0.1263318112633181 0.076103500761035
5 0.5068493150684932 0.928462709284627 0.1248097412480974 0.091324200913242
5 0.2724505327245053 0.8203957382039574 0.182648401826484 0.136986301369863
5 0.5821917808219178 0.8538812785388128 0.1141552511415525 0.1704718417047184
5 0.852359208523592 0.875951293759513 0.136986301369863 0.1111111111111111
5 0.713089802130898 0.8538812785388128 0.1171993911719939 0.1400304414003044
5 0.4124809741248097 0.4193302891933029 0.1643835616438356 0.1719939117199391
7 0.4117199391171994 0.2640791476407915 0.0502283105022831 0.0563165905631659
5 0.4619482496194825 0.5540334855403348 0.1780821917808219 0.1400304414003044
5 0.13013698630136986 0.4094368340943683 0.1111111111111111 0.1248097412480974
5 0.2267884322678843 0.4824961948249619 0.167427701674277 0.15220700152207
1 0.2617960426179604 0.3439878234398782 0.076103500761035 0.0578386605783866
5 0.8287671232876712 0.5570776255707762 0.1598173515981735 0.1095890410958904
5 0.05403348554033485 0.576103500761035 0.0806697108066971 0.1628614916286149
1 0.971841704718417 0.1278538812785388 0.0502283105022831 0.1187214611872146