5 0.182648401826484 0.3219178082191781 0.258751902587519 0.2480974124809741
5 0.4003044140030441 0.2146118721461187 0.2617960426179604 0.2252663622526636
5 0.9345509893455098 0.0791476407914764 0.1308980213089802 0.1582952815829528
5 0.0669710806697108 0.0852359208523592 0.1339421613394216 0.1704718417047184
5 0.19710806697108066 0.1293759512937595 0.1080669710806697 0.136986301369863
5 0.8736681887366818 0.9018264840182648 0.2526636225266362 0.1963470319634703
5 0.5578386605783866 0.9322678843226788 0.1689497716894977 0.1354642313546423
5 0.697869101978691 0.8592085235920852 0.0958904109589041 0.1019786910197869
5 0.24581430745814306 0.7503805175038052 0.1293759512937595 0.1339421613394216
5 0.3721461187214612 0.7465753424657534 0.1171993911719939 0.1324200913242009
5 0.11339421613394216 0.7800608828006088 0.1415525114155251 0.1263318112633181
5 0.06468797564687975 0.9056316590563166 0.0867579908675799 0.0882800608828006
5 0.0441400304414003 0.647640791476408 0.0882800608828006 0.1324200913242009
5 0.3828006088280061 0.9345509893455098 0.1385083713850837 0.1308980213089802
0 0.4786910197869102 0.7473363774733638 0.0715372907153729 0.1035007610350076
0 0.6111111111111112 0.7077625570776256 0.0806697108066971 0.0791476407914764
0 0.6681887366818874 0.182648401826484 0.136986301369863 0.0791476407914764
0 0.6872146118721462 0.2671232876712329 0.0837138508371385 0.0745814307458143
0 0.898021308980213 0.3006088280060883 0.1004566210045662 0.1537290715372907
5 0.7656012176560122 0.0776255707762557 0.2039573820395738 0.1552511415525114
5 0.4893455098934551 0.0593607305936073 0.2480974124809741 0.1126331811263318
5 0.2686453576864536 0.04337899543378995 0.1506849315068493 0.0867579908675799
5 0.8089802130898022 0.73896499238965 0.1293759512937595 0.1324200913242009
5 0.17123287671232876 0.5677321156773212 0.2176560121765601 0.1948249619482496
5 0.928462709284627 0.5943683409436834 0.1430745814307458 0.1598173515981735
5 0.0426179604261796 0.5213089802130898 0.076103500761035 0.1080669710806697
5 0.4033485540334855 0.5251141552511416 0.2252663622526636 0.2009132420091324
5 0.563165905631659 0.3675799086757991 0.1856925418569254 0.2146118721461187
5 0.799847792998478 0.5509893455098934 0.2146118721461187 0.182648401826484
5 0.6971080669710806 0.6278538812785388 0.091324200913242 0.0745814307458143
5 0.7473363774733638 0.3919330289193303 0.1491628614916286 0.1628614916286149
5 0.558599695585997 0.5844748858447488 0.197869101978691 0.197869101978691
7 0.8089802130898022 0.2328767123287671 0.1506849315068493 0.1156773211567732
5 0.06012176560121765 0.20167427701674276 0.1202435312024353 0.1263318112633181