5 0.2831050228310502 0.3066971080669711 0.1552511415525114 0.1141552511415525
5 0.4939117199391172 0.12557077625570776 0.1445966514459665 0.1902587519025875
5 0.2884322678843227 0.1780821917808219 0.1750380517503805 0.121765601217656
5 0.11491628614916286 0.3904109589041096 0.1476407914764079 0.1567732115677321
7 0.1430745814307458 0.24885844748858446 0.076103500761035 0.0958904109589041
5 0.14231354642313546 0.1354642313546423 0.0867579908675799 0.091324200913242
5 0.3150684931506849 0.8721461187214612 0.15220700152207 0.1095890410958904
7 0.34779299847793 0.7465753424657534 0.0563165905631659 0.0867579908675799
7 0.3485540334855403 0.6773211567732116 0.0882800608828006 0.060882800608828
5 0.4627092846270928 0.8424657534246576 0.0578386605783866 0.0715372907153729
5 0.5502283105022832 0.9010654490106544 0.1415525114155251 0.136986301369863
7 0.5844748858447488 0.771689497716895 0.091324200913242 0.060882800608828
5 0.22146118721461186 0.7595129375951294 0.1263318112633181 0.182648401826484
5 0.2686453576864536 0.619482496194825 0.1415525114155251 0.106544901065449
5 0.0958904109589041 0.5692541856925418 0.1339421613394216 0.1187214611872146
5 0.13165905631659056 0.8515981735159818 0.0989345509893455 0.0989345509893455
7 0.2191780821917808 0.9231354642313546 0.045662100456621 0.0654490106544901
5 0.7123287671232876 0.806697108066971 0.1035007610350076 0.136986301369863
5 0.837138508371385 0.8234398782343988 0.136986301369863 0.1400304414003044
5 0.7450532724505328 0.0776255707762557 0.1750380517503805 0.0882800608828006
5 0.6765601217656012 0.18493150684931506 0.1598173515981735 0.1324200913242009
5 0.832572298325723 0.2861491628614916 0.136986301369863 0.1095890410958904
5 0.80441400304414 0.1887366818873668 0.1415525114155251 0.121765601217656
5 0.8736681887366818 0.5388127853881278 0.1095890410958904 0.121765601217656
5 0.8546423135464232 0.4208523592085236 0.0958904109589041 0.0837138508371385
5 0.9155251141552512 0.3455098934550989 0.0958904109589041 0.076103500761035
5 0.4025875190258752 0.3828006088280061 0.1293759512937595 0.1324200913242009
5 0.4771689497716895 0.2914764079147641 0.1263318112633181 0.1141552511415525
5 0.24277016742770166 0.4756468797564688 0.1293759512937595 0.1293759512937595
5 0.3866057838660578 0.5426179604261796 0.1035007610350076 0.1415525114155251
5 0.4528158295281583 0.7229832572298326 0.1293759512937595 0.136986301369863
7 0.4992389649923896 0.6095890410958904 0.0578386605783866 0.0806697108066971
5 0.6111111111111112 0.6133942161339422 0.1324200913242009 0.2252663622526636
5 0.563165905631659 0.4254185692541857 0.15220700152207 0.1598173515981735
5 0.654490106544901 0.3127853881278539 0.121765601217656 0.1019786910197869
5 0.73896499238965 0.4056316590563166 0.1263318112633181 0.1476407914764079
5 0.7503805175038052 0.5654490106544902 0.0882800608828006 0.0989345509893455
5 0.9383561643835616 0.6894977168949772 0.0715372907153729 0.1400304414003044
5 0.8226788432267884 0.6719939117199392 0.1324200913242009 0.1171993911719939
5 0.1993911719939117 0.04337899543378995 0.1704718417047184 0.0654490106544901