5 0.1582952815829528 0.0563165905631659 0.1704718417047184 0.1126331811263318
5 0.03729071537290715 0.13318112633181126 0.0745814307458143 0.0928462709284627
5 0.910958904109589 0.09512937595129375 0.1780821917808219 0.1902587519025875
5 0.9003044140030442 0.9406392694063926 0.1628614916286149 0.1187214611872146
5 0.939117199391172 0.8211567732115678 0.1187214611872146 0.1232876712328767
5 0.745814307458143 0.09817351598173515 0.167427701674277 0.1719939117199391
5 0.18036529680365296 0.5372907153729072 0.0989345509893455 0.121765601217656
5 0.23515981735159816 0.3736681887366819 0.0989345509893455 0.1232876712328767
5 0.365296803652968 0.3462709284627093 0.106544901065449 0.0958904109589041
5 0.3082191780821918 0.21080669710806696 0.1750380517503805 0.1750380517503805
5 0.1263318112633181 0.256468797564688 0.1552511415525114 0.1415525114155251
5 0.11948249619482496 0.4033485540334855 0.1050228310502283 0.1156773211567732
5 0.05403348554033485 0.4589041095890411 0.1080669710806697 0.2267884322678843
7 0.0273972602739726 0.6430745814307458 0.0547945205479452 0.0654490106544901
5 0.0852359208523592 0.8318112633181126 0.1704718417047184 0.2237442922374429
5 0.9657534246575342 0.5776255707762558 0.0684931506849315 0.1354642313546423
5 0.9596651445966514 0.3318112633181126 0.0806697108066971 0.228310502283105
5 0.8318112633181126 0.2724505327245053 0.1324200913242009 0.106544901065449
5 0.8531202435312024 0.4162861491628615 0.1080669710806697 0.1476407914764079
5 0.5989345509893456 0.2572298325722983 0.2267884322678843 0.1796042617960426
5 0.730593607305936 0.378234398782344 0.1248097412480974 0.1445966514459665
5 0.5251141552511416 0.6560121765601218 0.1704718417047184 0.1491628614916286
5 0.319634703196347 0.6582952815829528 0.1765601217656012 0.1811263318112633
5 0.2998477929984779 0.4817351598173516 0.1248097412480974 0.1232876712328767
5 0.4398782343987823 0.4916286149162861 0.1308980213089802 0.167427701674277
5 0.8394216133942162 0.6910197869101978 0.1963470319634703 0.2557077625570776
5 0.6971080669710806 0.7990867579908676 0.1735159817351598 0.2222222222222222
5 0.4482496194824962 0.9269406392694064 0.1324200913242009 0.1339421613394216
5 0.2960426179604262 0.865296803652968 0.1445966514459665 0.1719939117199391
5 0.4817351598173516 0.7952815829528158 0.1415525114155251 0.1050228310502283
5 0.530441400304414 0.4094368340943683 0.1659056316590563 0.1491628614916286
5 0.6179604261796042 0.9459665144596652 0.1765601217656012 0.1080669710806697
5 0.6773211567732116 0.5654490106544902 0.1430745814307458 0.2237442922374429
5 0.1308980213089802 0.6308980213089802 0.1400304414003044 0.0837138508371385
3 0.4497716894977169 0.0684931506849315 0.3759512937595129 0.1156773211567732