5 0.3508371385083714 0.8972602739726028 0.4642313546423135 0.2054794520547945
7 0.0578386605783866 0.9056316590563166 0.1126331811263318 0.1887366818873668
7 0.5502283105022832 0.545662100456621 0.0958904109589041 0.0898021308980213
7 0.3287671232876712 0.649923896499239 0.136986301369863 0.1308980213089802
7 0.02968036529680365 0.517503805175038 0.0532724505327245 0.1278538812785388
7 0.13622526636225266 0.4710806697108067 0.1202435312024353 0.1080669710806697
7 0.3097412480974125 0.5 0.1263318112633181 0.1202435312024353
7 0.4322678843226788 0.5007610350076104 0.1126331811263318 0.1095890410958904
0 0.1126331811263318 0.5753424657534246 0.0943683409436834 0.0821917808219178
0 0.2009132420091324 0.6050228310502284 0.0700152207001522 0.0806697108066971
0 0.18949771689497716 0.684931506849315 0.0776255707762557 0.0700152207001522
7 0.7838660578386606 0.8318112633181126 0.1400304414003044 0.1841704718417047
5 0.9292237442922374 0.893455098934551 0.1415525114155251 0.213089802130898
5 0.9140030441400304 0.0898021308980213 0.1506849315068493 0.1004566210045662
5 0.776255707762557 0.07686453576864535 0.1004566210045662 0.0958904109589041
5 0.8888888888888888 0.0182648401826484 0.167427701674277 0.0365296803652968
5 0.7115677321156774 0.01750380517503805 0.1506849315068493 0.0350076103500761
5 0.5768645357686454 0.10426179604261795 0.0821917808219178 0.0684931506849315
5 0.6796042617960426 0.0867579908675799 0.0928462709284627 0.0852359208523592
7 0.5624048706240488 0.0319634703196347 0.1263318112633181 0.0639269406392694
5 0.3371385083713851 0.18645357686453576 0.1050228310502283 0.1019786910197869
5 0.4665144596651446 0.15449010654490106 0.0989345509893455 0.1050228310502283
5 0.9482496194824962 0.20776255707762556 0.1035007610350076 0.1354642313546423
5 0.8249619482496194 0.2252663622526636 0.1339421613394216 0.1643835616438356
7 0.821917808219178 0.6073059360730594 0.2374429223744292 0.1948249619482496
5 0.6164383561643836 0.21385083713850836 0.243531202435312 0.1780821917808219
5 0.2313546423135464 0.16971080669710806 0.1035007610350076 0.1780821917808219
5 0.3340943683409437 0.0487062404870624 0.1171993911719939 0.0974124809741248
5 0.4535768645357686 0.0517503805175038 0.1035007610350076 0.0974124809741248
5 0.2678843226788432 0.3386605783866058 0.197869101978691 0.1659056316590563
5 0.4231354642313546 0.2914764079147641 0.1187214611872146 0.1598173515981735
5 0.060882800608828 0.10730593607305935 0.1156773211567732 0.1780821917808219
5 0.0821917808219178 0.302130898021309 0.15220700152207 0.1902587519025875