1 0.7656012176560122 0.2747336377473364 0.2465753424657534 0.2237442922374429
1 0.5958904109589042 0.3561643835616438 0.1750380517503805 0.1856925418569254
1 0.6971080669710806 0.4885844748858447 0.0791476407914764 0.0882800608828006
6 0.791476407914764 0.6750380517503806 0.121765601217656 0.1324200913242009
5 0.8432267884322678 0.8089802130898022 0.1491628614916286 0.1415525114155251
1 0.4634703196347032 0.6910197869101978 0.1750380517503805 0.197869101978691
1 0.471841704718417 0.8843226788432268 0.136986301369863 0.0882800608828006
1 0.5882800608828006 0.8576864535768646 0.1111111111111111 0.1415525114155251
1 0.2519025875190259 0.8264840182648402 0.1780821917808219 0.1187214611872146
1 0.1506849315068493 0.723744292237443 0.2009132420091324 0.1019786910197869
2 0.2595129375951294 0.5852359208523592 0.0867579908675799 0.0989345509893455
1 0.11491628614916286 0.9208523592085236 0.1111111111111111 0.121765601217656
1 0.1232876712328767 0.8378995433789954 0.0639269406392694 0.0806697108066971
1 0.5639269406392694 0.5083713850837138 0.1263318112633181 0.0943683409436834
7 0.3637747336377473 0.3904109589041096 0.091324200913242 0.0684931506849315
5 0.1050228310502283 0.3942161339421613 0.091324200913242 0.0882800608828006
5 0.2191780821917808 0.3964992389649924 0.1187214611872146 0.0715372907153729
5 0.182648401826484 0.0958904109589041 0.213089802130898 0.1095890410958904
5 0.3447488584474886 0.0852359208523592 0.0867579908675799 0.1187214611872146
5 0.4353120243531202 0.1750380517503805 0.0791476407914764 0.136986301369863
5 0.15449010654490106 0.2100456621004566 0.1719939117199391 0.1248097412480974
5 0.3211567732115677 0.2648401826484018 0.1187214611872146 0.1491628614916286
5 0.1887366818873668 0.3059360730593607 0.1095890410958904 0.1035007610350076
5 0.5418569254185692 0.1735159817351598 0.0730593607305936 0.0943683409436834
5 0.6210045662100456 0.08599695585996955 0.0882800608828006 0.1019786910197869
5 0.7290715372907154 0.0898021308980213 0.076103500761035 0.0882800608828006
1 0.8188736681887366 0.469558599695586 0.0730593607305936 0.0715372907153729
5 0.9178082191780822 0.0669710806697108 0.1491628614916286 0.1187214611872146
1 0.2785388127853881 0.95662100456621 0.1643835616438356 0.0867579908675799