5 0.26367781155015196 0.8318112633181126 0.16261398176291794 0.1628614916286149
5 0.10106382978723404 0.926179604261796 0.13829787234042554 0.1476407914764079
5 0.3556231003039514 0.9505327245053272 0.10638297872340426 0.0989345509893455
5 0.08358662613981763 0.6940639269406392 0.16717325227963525 0.1552511415525114
5 0.24240121580547114 0.6248097412480974 0.196048632218845 0.2267884322678843
5 0.1595744680851064 0.2983257229832572 0.12462006079027356 0.1491628614916286
5 0.24088145896656535 0.4657534246575342 0.08358662613981763 0.0974124809741248
5 0.08662613981762918 0.5669710806697108 0.1276595744680851 0.1232876712328767
5 0.9452887537993921 0.0547945205479452 0.1094224924012158 0.1095890410958904
5 0.9262917933130699 0.4322678843226788 0.1474164133738602 0.1917808219178082
5 0.9475683890577508 0.2511415525114155 0.10486322188449848 0.1735159817351598
5 0.7484802431610942 0.0593607305936073 0.10182370820668693 0.1187214611872146
5 0.790273556231003 0.1491628614916286 0.0972644376899696 0.0852359208523592
5 0.07066869300911854 0.2024353120243531 0.1413373860182371 0.1126331811263318
5 0.28191489361702127 0.2990867579908676 0.15653495440729484 0.1171993911719939
5 0.8115501519756839 0.8097412480974124 0.23100303951367782 0.2009132420091324
5 0.5904255319148937 0.7465753424657534 0.21124620060790272 0.1232876712328767
5 0.6519756838905775 0.4056316590563166 0.2188449848024316 0.1872146118721461
5 0.3427051671732523 0.15601217656012176 0.23556231003039513 0.1750380517503805
5 0.10258358662613981 0.0730593607305936 0.20516717325227962 0.1461187214611872
5 0.47112462006079026 0.09512937595129375 0.1762917933130699 0.1902587519025875
5 0.5144376899696048 0.3066971080669711 0.12613981762917933 0.1598173515981735
5 0.9696048632218845 0.5898021308980214 0.060790273556231005 0.1445966514459665
5 0.7424012158054711 0.2823439878234399 0.15045592705167174 0.1537290715372907
5 0.5129179331306991 0.5030441400304414 0.12917933130699089 0.1780821917808219
5 0.43541033434650456 0.7983257229832572 0.11702127659574468 0.1567732115677321
5 0.6238601823708206 0.9490106544901066 0.12310030395136778 0.1019786910197869
5 0.43465045592705165 0.639269406392694 0.1458966565349544 0.1400304414003044
5 0.385258358662614 0.4931506849315068 0.09270516717325228 0.1126331811263318
5 0.9308510638297872 0.936834094368341 0.13829787234042554 0.1263318112633181
5 0.4756838905775076 0.9178082191780822 0.08814589665653495 0.091324200913242
5 0.6003039513677811 0.837138508371385 0.17933130699088146 0.1126331811263318
5 0.7659574468085106 0.9505327245053272 0.16717325227963525 0.0989345509893455
5 0.6747720364741642 0.6590563165905632 0.2765957446808511 0.1552511415525114
5 0.939209726443769 0.7100456621004566 0.12158054711246201 0.1111111111111111
5 0.7021276595744681 0.5380517503805176 0.19756838905775076 0.1232876712328767
5 0.8085106382978723 0.4824961948249619 0.12158054711246201 0.1095890410958904
5 0.8389057750759878 0.2534246575342466 0.11246200607902736 0.1385083713850837
5 0.8898176291793313 0.13926940639269406 0.09878419452887538 0.0989345509893455
5 0.6117021276595744 0.2222222222222222 0.15045592705167174 0.1613394216133942
7 0.5759878419452887 0.0441400304414003 0.11246200607902736 0.0882800608828006
5 0.26595744680851063 0.3942161339421613 0.12462006079027356 0.0882800608828006
5 0.050911854103343465 0.3280060882800609 0.10182370820668693 0.1385083713850837
5 0.1702127659574468 0.4535768645357686 0.0911854103343465 0.1339421613394216
5 0.08434650455927052 0.4307458143074581 0.11094224924012158 0.136986301369863
5 0.025835866261398176 0.5 0.0486322188449848 0.1232876712328767
5 0.010638297872340425 0.6004566210045662 0.0182370820668693 0.0654490106544901
5 0.2857142857142857 0.9756468797564688 0.12462006079027356 0.0487062404870624
5 0.23252279635258358 0.9383561643835616 0.08814589665653495 0.0776255707762557
5 0.03571428571428571 0.8310502283105022 0.07142857142857142 0.1613394216133942
5 0.135258358662614 0.8036529680365296 0.11854103343465046 0.1126331811263318
5 0.29027355623100304 0.0350076103500761 0.182370820668693 0.0700152207001522
7 0.4126139817629179 0.3455098934550989 0.08358662613981763 0.1035007610350076
5 0.3768996960486322 0.6742770167427702 0.0668693009118541 0.0700152207001522