5 0.908675799086758 0.3926940639269406 0.15220700152207 0.1248097412480974
5 0.9353120243531202 0.5334855403348554 0.1202435312024353 0.1628614916286149
5 0.9041095890410958 0.8089802130898022 0.1917808219178082 0.2024353120243531
5 0.7724505327245054 0.952054794520548 0.1385083713850837 0.0958904109589041
5 0.9254185692541856 0.95662100456621 0.1491628614916286 0.0867579908675799
5 0.8812785388127854 0.12252663622526636 0.2374429223744292 0.2450532724505327
5 0.5753424657534246 0.1461187214611872 0.243531202435312 0.213089802130898
5 0.5502283105022832 0.3401826484018265 0.1780821917808219 0.1659056316590563
5 0.7465753424657534 0.334855403348554 0.1476407914764079 0.1156773211567732
5 0.7161339421613394 0.5418569254185692 0.3089802130898021 0.30441400304414
5 0.6818873668188736 0.791476407914764 0.243531202435312 0.1765601217656012
0 0.6286149162861492 0.9025875190258752 0.1400304414003044 0.1278538812785388
1 0.2983257229832572 0.1735159817351598 0.197869101978691 0.15220700152207
5 0.3751902587519026 0.09056316590563165 0.1476407914764079 0.1445966514459665
5 0.1476407914764079 0.06012176560121765 0.1613394216133942 0.1202435312024353
5 0.0578386605783866 0.2557077625570776 0.1156773211567732 0.1308980213089802
5 0.05555555555555555 0.09056316590563165 0.1111111111111111 0.1811263318112633
1 0.3683409436834094 0.3158295281582953 0.1643835616438356 0.1141552511415525
5 0.1765601217656012 0.3576864535768645 0.1948249619482496 0.182648401826484
5 0.15753424657534246 0.515220700152207 0.2267884322678843 0.1750380517503805
5 0.4299847792998478 0.5570776255707762 0.2450532724505327 0.2648401826484018
5 0.0730593607305936 0.730593607305936 0.1430745814307458 0.1339421613394216
5 0.05859969558599695 0.8592085235920852 0.0958904109589041 0.0837138508371385
5 0.03424657534246575 0.9642313546423136 0.0684931506849315 0.0715372907153729
5 0.1278538812785388 0.9649923896499238 0.1004566210045662 0.0700152207001522
0 0.3607305936073059 0.791476407914764 0.1400304414003044 0.1035007610350076
0 0.4809741248097412 0.8820395738203958 0.1278538812785388 0.1385083713850837
0 0.2831050228310502 0.9101978691019786 0.2009132420091324 0.1796042617960426