6 0.13774733637747336 0.1856925418569254 0.0502283105022831 0.045662100456621
6 0.13926940639269406 0.1202435312024353 0.0563165905631659 0.0487062404870624
6 0.05098934550989345 0.10121765601217655 0.0806697108066971 0.1019786910197869
6 0.16971080669710806 0.3660578386605784 0.0502283105022831 0.0593607305936073
6 0.01902587519025875 0.8538812785388128 0.0167427701674277 0.015220700152207
6 0.0228310502283105 0.830289193302892 0.0182648401826484 0.0258751902587519
6 0.02511415525114155 0.802130898021309 0.0319634703196347 0.0243531202435312
6 0.0182648401826484 0.7534246575342466 0.0243531202435312 0.045662100456621
6 0.01445966514459665 0.7031963470319634 0.0167427701674277 0.0243531202435312
6 0.1339421613394216 0.8386605783866058 0.030441400304414 0.0365296803652968
6 0.1628614916286149 0.84779299847793 0.0243531202435312 0.0426179604261796
6 0.05707762557077625 0.7754946727549468 0.0289193302891933 0.0258751902587519
6 0.0593607305936073 0.7503805175038052 0.0213089802130898 0.0213089802130898
6 0.05403348554033485 0.3097412480974125 0.0197869101978691 0.0197869101978691
7 0.4786910197869102 0.1476407914764079 0.1263318112633181 0.1004566210045662
7 0.365296803652968 0.08599695585996955 0.136986301369863 0.1050228310502283
7 0.3089802130898021 0.16818873668188736 0.1095890410958904 0.1232876712328767
7 0.3866057838660578 0.2968036529680365 0.1552511415525114 0.1095890410958904
7 0.21841704718417046 0.2724505327245053 0.1080669710806697 0.0974124809741248
7 0.1841704718417047 0.5068493150684932 0.0578386605783866 0.0791476407914764
6 0.23515981735159816 0.4322678843226788 0.0502283105022831 0.060882800608828
7 0.2990867579908676 0.4101978691019787 0.0624048706240487 0.1354642313546423
7 0.1415525114155251 0.6156773211567732 0.0730593607305936 0.0624048706240487
7 0.1567732115677321 0.6902587519025876 0.0730593607305936 0.0898021308980213
7 0.2024353120243531 0.726027397260274 0.0974124809741248 0.106544901065449
7 0.2884322678843227 0.7656012176560122 0.0745814307458143 0.106544901065449
7 0.5136986301369864 0.936834094368341 0.0624048706240487 0.0745814307458143
7 0.3531202435312024 0.8181126331811264 0.060882800608828 0.0776255707762557
5 0.4406392694063927 0.8432267884322678 0.0928462709284627 0.0943683409436834
5 0.258751902587519 0.9200913242009132 0.1430745814307458 0.0989345509893455
0 0.3812785388127854 0.665144596651446 0.1232876712328767 0.1126331811263318
0 0.4885844748858447 0.5121765601217656 0.1156773211567732 0.1111111111111111
0 0.3767123287671233 0.5547945205479452 0.0989345509893455 0.1141552511415525
5 0.558599695585997 0.3150684931506849 0.1156773211567732 0.1917808219178082
5 0.5471841704718418 0.6590563165905632 0.0958904109589041 0.1643835616438356
5 0.639269406392694 0.9140030441400304 0.121765601217656 0.1476407914764079
5 0.806697108066971 0.9337899543378996 0.106544901065449 0.0867579908675799
5 0.754185692541857 0.850076103500761 0.1019786910197869 0.1019786910197869
5 0.8919330289193302 0.8584474885844748 0.1187214611872146 0.091324200913242
5 0.926179604261796 0.617199391171994 0.1111111111111111 0.1111111111111111
5 0.8188736681887366 0.7549467275494672 0.1035007610350076 0.1095890410958904
5 0.9269406392694064 0.7656012176560122 0.0882800608828006 0.0943683409436834
5 0.926179604261796 0.2709284627092846 0.1019786910197869 0.1248097412480974
5 0.9193302891933028 0.1111111111111111 0.1248097412480974 0.1704718417047184
5 0.8203957382039574 0.04794520547945205 0.1035007610350076 0.0532724505327245
5 0.7328767123287672 0.22907153729071536 0.1598173515981735 0.1415525114155251
5 0.7442922374429224 0.1080669710806697 0.182648401826484 0.1400304414003044
5 0.860730593607306 0.2191780821917808 0.0654490106544901 0.045662100456621
5 0.8622526636225266 0.4307458143074581 0.1263318112633181 0.1643835616438356
5 0.8660578386605784 0.558599695585997 0.091324200913242 0.060882800608828
5 0.6468797564687976 0.726027397260274 0.106544901065449 0.136986301369863
5 0.7404870624048706 0.4094368340943683 0.1628614916286149 0.2252663622526636
5 0.6156773211567732 0.4756468797564688 0.0837138508371385 0.1141552511415525
5 0.7595129375951294 0.6331811263318112 0.1552511415525114 0.2100456621004566