5 0.1111111111111111 0.08599695585996955 0.2222222222222222 0.1659056316590563
5 0.09360730593607305 0.2526636225266362 0.1841704718417047 0.1735159817351598
5 0.3363774733637747 0.0837138508371385 0.1796042617960426 0.167427701674277
5 0.4284627092846271 0.2861491628614916 0.3515981735159817 0.258751902587519
5 0.5898021308980214 0.0974124809741248 0.3181126331811263 0.1917808219178082
7 0.4817351598173516 0.7724505327245054 0.1111111111111111 0.1080669710806697
7 0.2389649923896499 0.7861491628614916 0.1278538812785388 0.1445966514459665
7 0.9322678843226788 0.9444444444444444 0.1354642313546423 0.1111111111111111
7 0.776255707762557 0.9124809741248098 0.1704718417047184 0.1567732115677321
7 0.8888888888888888 0.7990867579908676 0.2222222222222222 0.182648401826484
7 0.6027397260273972 0.7747336377473364 0.0730593607305936 0.1095890410958904
7 0.6910197869101978 0.8006088280060882 0.0882800608828006 0.1613394216133942
7 0.5692541856925418 0.8698630136986302 0.1187214611872146 0.1659056316590563
7 0.6621004566210046 0.954337899543379 0.1461187214611872 0.0791476407914764
7 0.3843226788432268 0.8432267884322678 0.1506849315068493 0.1095890410958904
7 0.4863013698630137 0.9550989345509894 0.1354642313546423 0.0898021308980213
7 0.3051750380517504 0.936834094368341 0.1993911719939117 0.1263318112633181
7 0.1324200913242009 0.9596651445966514 0.1156773211567732 0.0806697108066971
7 0.02359208523592085 0.8919330289193302 0.0471841704718417 0.2161339421613394
7 0.1339421613394216 0.8698630136986302 0.1095890410958904 0.0745814307458143
7 0.3112633181126332 0.7039573820395738 0.0715372907153729 0.0958904109589041
7 0.1324200913242009 0.7336377473363774 0.0943683409436834 0.197869101978691
7 0.2222222222222222 0.4292237442922374 0.0791476407914764 0.1095890410958904
7 0.880517503805175 0.13926940639269406 0.2024353120243531 0.2298325722983257
7 0.076103500761035 0.4269406392694064 0.1461187214611872 0.1111111111111111
7 0.7359208523592086 0.3203957382039574 0.1993911719939117 0.1933028919330289
7 0.4322678843226788 0.4741248097412481 0.258751902587519 0.1171993911719939
5 0.5616438356164384 0.6400304414003044 0.2252663622526636 0.1506849315068493