5 0.2161339421613394 0.867579908675799 0.3683409436834094 0.2648401826484018
5 0.0441400304414003 0.8089802130898022 0.0882800608828006 0.2328767123287671
5 0.3028919330289193 0.728310502283105 0.2465753424657534 0.1659056316590563
5 0.07990867579908675 0.5776255707762558 0.1537290715372907 0.2298325722983257
5 0.16057838660578386 0.3987823439878234 0.1324200913242009 0.1308980213089802
5 0.2671232876712329 0.3135464231354642 0.1811263318112633 0.1552511415525114
5 0.1278538812785388 0.2701674277016743 0.1035007610350076 0.1324200913242009
5 0.0365296803652968 0.3919330289193303 0.0700152207001522 0.1476407914764079
5 0.3409436834094368 0.510654490106545 0.2922374429223744 0.2389649923896499
2 0.4824961948249619 0.697869101978691 0.0852359208523592 0.1080669710806697
5 0.941400304414003 0.2503805175038052 0.1171993911719939 0.1111111111111111
5 0.7777777777777778 0.1445966514459665 0.1796042617960426 0.136986301369863
5 0.8614916286149162 0.05098934550989345 0.1004566210045662 0.1019786910197869
5 0.9627092846270928 0.06468797564687975 0.0745814307458143 0.0928462709284627
5 0.939117199391172 0.15449010654490106 0.121765601217656 0.0806697108066971
5 0.7617960426179604 0.0365296803652968 0.0776255707762557 0.0700152207001522
5 0.639269406392694 0.05707762557077625 0.1552511415525114 0.0654490106544901
5 0.4855403348554033 0.0487062404870624 0.1126331811263318 0.0974124809741248
5 0.4193302891933029 0.0243531202435312 0.0593607305936073 0.045662100456621
5 0.2800608828006088 0.0395738203957382 0.2100456621004566 0.0730593607305936
5 0.3257229832572298 0.1811263318112633 0.2404870624048706 0.1917808219178082
5 0.09969558599695585 0.09665144596651445 0.1689497716894977 0.1933028919330289
5 0.9550989345509894 0.8135464231354642 0.0898021308980213 0.1811263318112633
5 0.5494672754946728 0.8820395738203958 0.2374429223744292 0.2359208523592085
5 0.606544901065449 0.5555555555555556 0.2115677321156773 0.1765601217656012
5 0.910958904109589 0.4231354642313546 0.1780821917808219 0.2222222222222222
5 0.5806697108066972 0.2389649923896499 0.2450532724505327 0.2557077625570776
5 0.6704718417047184 0.3896499238964992 0.2937595129375951 0.1613394216133942
5 0.8736681887366818 0.6126331811263318 0.2526636225266362 0.2328767123287671
5 0.6910197869101978 0.7724505327245054 0.289193302891933 0.2572298325722983