7 0.6423135464231354 0.9620060790273556 0.2191780821917808 0.07598784194528875
0 0.8850837138508372 0.9270516717325228 0.2298325722983257 0.1458966565349544
7 0.4771689497716895 0.22948328267477203 0.1415525114155251 0.14893617021276595
7 0.5920852359208524 0.41033434650455924 0.1917808219178082 0.1641337386018237
5 0.0928462709284627 0.8411854103343465 0.1856925418569254 0.31762917933130697
7 0.5121765601217656 0.7667173252279635 0.2298325722983257 0.1899696048632219
7 0.05098934550989345 0.047872340425531915 0.1019786910197869 0.09574468085106383
5 0.09512937595129375 0.4992401215805471 0.1841704718417047 0.30851063829787234
5 0.3302891933028919 0.6185410334346505 0.2404870624048706 0.3951367781155015
5 0.1841704718417047 0.2735562310030395 0.3592085235920852 0.26443768996960487
5 0.9185692541856926 0.7408814589665653 0.1628614916286149 0.20820668693009117
5 0.6453576864535768 0.1276595744680851 0.182648401826484 0.24316109422492402
5 0.9657534246575342 0.1458966565349544 0.0684931506849315 0.1702127659574468
0 0.6354642313546424 0.30243161094224924 0.1993911719939117 0.1276595744680851
5 0.9147640791476408 0.30167173252279633 0.106544901065449 0.09574468085106383
5 0.9307458143074582 0.41641337386018235 0.1354642313546423 0.08814589665653495
5 0.8143074581430746 0.19756838905775076 0.1035007610350076 0.10638297872340426
5 0.8363774733637748 0.06534954407294832 0.1780821917808219 0.12158054711246201
5 0.7952815829528158 0.3548632218844985 0.0867579908675799 0.15045592705167174
0 0.2420091324200913 0.9247720364741642 0.1004566210045662 0.12613981762917933
3 0.5243531202435312 0.5417933130699089 0.1385083713850837 0.1838905775075988
3 0.3858447488584475 0.02735562310030395 0.0958904109589041 0.0547112462006079
5 0.926179604261796 0.5547112462006079 0.1476407914764079 0.19148936170212766
5 0.7671232876712328 0.6261398176291794 0.1856925418569254 0.3677811550151976