5 0.943683409436834 0.3858447488584475 0.1095890410958904 0.1537290715372907
5 0.7100456621004566 0.15220700152207 0.2480974124809741 0.197869101978691
5 0.6605783866057838 0.03576864535768645 0.1765601217656012 0.0715372907153729
5 0.591324200913242 0.2777777777777778 0.1689497716894977 0.1354642313546423
5 0.5045662100456622 0.13318112633181126 0.1354642313546423 0.1019786910197869
5 0.1872146118721461 0.0517503805175038 0.1278538812785388 0.1035007610350076
5 0.332572298325723 0.04490106544901065 0.1293759512937595 0.0898021308980213
5 0.2770167427701674 0.10882800608828005 0.1035007610350076 0.1202435312024353
5 0.4908675799086758 0.0410958904109589 0.1354642313546423 0.0730593607305936
5 0.9079147640791476 0.8972602739726028 0.1506849315068493 0.2054794520547945
5 0.958904109589041 0.7420091324200914 0.0821917808219178 0.1385083713850837
5 0.6293759512937596 0.9490106544901066 0.1324200913242009 0.1019786910197869
5 0.4535768645357686 0.91324200913242 0.197869101978691 0.167427701674277
5 0.5060882800608828 0.819634703196347 0.1171993911719939 0.1141552511415525
5 0.7115677321156774 0.6636225266362252 0.2663622526636225 0.2648401826484018
5 0.6141552511415526 0.7937595129375952 0.1537290715372907 0.1445966514459665
5 0.4657534246575342 0.6757990867579908 0.1765601217656012 0.1613394216133942
5 0.9687975646879756 0.589041095890411 0.0624048706240487 0.1552511415525114
5 0.8089802130898022 0.4733637747336377 0.1202435312024353 0.0943683409436834
5 0.7275494672754946 0.3554033485540335 0.1613394216133942 0.1719939117199391
5 0.6796042617960426 0.4908675799086758 0.1111111111111111 0.0715372907153729
5 0.5662100456621004 0.4467275494672755 0.136986301369863 0.1872146118721461
5 0.4216133942161339 0.365296803652968 0.1887366818873668 0.1582952815829528
5 0.4162861491628615 0.5197869101978692 0.1476407914764079 0.1354642313546423
5 0.3097412480974125 0.6362252663622526 0.1324200913242009 0.197869101978691
5 0.2876712328767123 0.4657534246575342 0.1156773211567732 0.121765601217656
5 0.18188736681887366 0.593607305936073 0.1202435312024353 0.1765601217656012
5 0.23363774733637746 0.7473363774733638 0.2176560121765601 0.121765601217656
5 0.17275494672754946 0.17884322678843226 0.1567732115677321 0.0958904109589041
5 0.0821917808219178 0.12861491628614916 0.1339421613394216 0.1050228310502283
5 0.2610350076103501 0.2975646879756469 0.1567732115677321 0.1750380517503805
5 0.14383561643835616 0.3599695585996956 0.1993911719939117 0.2146118721461187
5 0.0806697108066971 0.4893455098934551 0.1339421613394216 0.2115677321156773
5 0.4223744292237443 0.2176560121765601 0.1567732115677321 0.1187214611872146