1 0.14231354642313546 0.3919330289193303 0.1476407914764079 0.2359208523592085
6 0.4748858447488584 0.2640791476407915 0.060882800608828 0.0654490106544901
6 0.647640791476408 0.286910197869102 0.0502283105022831 0.0715372907153729
7 0.8013698630136986 0.2838660578386606 0.0958904109589041 0.1263318112633181
7 0.8835616438356164 0.2610350076103501 0.1019786910197869 0.1324200913242009
5 0.302130898021309 0.5502283105022832 0.1019786910197869 0.1324200913242009
5 0.11948249619482496 0.6742770167427702 0.1171993911719939 0.1035007610350076
5 0.17275494672754946 0.8318112633181126 0.1171993911719939 0.1141552511415525
5 0.273972602739726 0.7031963470319634 0.106544901065449 0.091324200913242
5 0.3447488584474886 0.8462709284627092 0.1719939117199391 0.1400304414003044
5 0.5334855403348554 0.8127853881278538 0.1324200913242009 0.1491628614916286
5 0.4208523592085236 0.6666666666666666 0.1263318112633181 0.1248097412480974
5 0.5464231354642314 0.5296803652968036 0.1643835616438356 0.1095890410958904
5 0.8660578386605784 0.8736681887366818 0.0943683409436834 0.121765601217656
5 0.726027397260274 0.7709284627092846 0.182648401826484 0.1567732115677321
5 0.682648401826484 0.6286149162861492 0.2237442922374429 0.1552511415525114
5 0.8691019786910198 0.662861491628615 0.1187214611872146 0.1476407914764079
5 0.852359208523592 0.4155251141552511 0.106544901065449 0.1095890410958904
5 0.8850837138508372 0.5540334855403348 0.1263318112633181 0.121765601217656
5 0.5966514459665144 0.8995433789954338 0.060882800608828 0.0730593607305936
5 0.9383561643835616 0.7777777777777778 0.0806697108066971 0.0882800608828006
5 0.7290715372907154 0.16666666666666666 0.0639269406392694 0.0684931506849315
5 0.865296803652968 0.106544901065449 0.1719939117199391 0.106544901065449