5 0.08143074581430745 0.7861491628614916 0.1628614916286149 0.2176560121765601
5 0.09817351598173515 0.9573820395738204 0.1902587519025875 0.0852359208523592
5 0.4512937595129376 0.7617960426179604 0.1659056316590563 0.2207001522070015
5 0.8340943683409436 0.5365296803652968 0.2313546423135464 0.1659056316590563
5 0.8850837138508372 0.8561643835616438 0.2176560121765601 0.1202435312024353
5 0.7047184170471842 0.9185692541856926 0.2070015220700152 0.1628614916286149
7 0.8310502283105022 0.6864535768645358 0.1613394216133942 0.0700152207001522
5 0.9748858447488584 0.5707762557077626 0.0502283105022831 0.2343987823439878
5 0.910958904109589 0.7397260273972602 0.1780821917808219 0.076103500761035
5 0.6400304414003044 0.7374429223744292 0.2115677321156773 0.1933028919330289
7 0.4436834094368341 0.6118721461187214 0.1050228310502283 0.0517503805175038
6 0.5624048706240488 0.606544901065449 0.0563165905631659 0.0380517503805175
6 0.16971080669710806 0.5350076103500762 0.0258751902587519 0.0289193302891933
6 0.15449010654490106 0.4961948249619482 0.0197869101978691 0.0213089802130898
6 0.13774733637747336 0.7024353120243532 0.0197869101978691 0.0228310502283105
6 0.502283105022831 0.9908675799086758 0.0426179604261796 0.0182648401826484
6 0.4406392694063927 0.974124809741248 0.0258751902587519 0.030441400304414
6 0.15296803652968036 0.6445966514459666 0.0319634703196347 0.0289193302891933
0 0.5464231354642314 0.3363774733637747 0.091324200913242 0.1278538812785388
0 0.3820395738203957 0.2770167427701674 0.1004566210045662 0.0791476407914764
0 0.4581430745814307 0.334855403348554 0.0943683409436834 0.136986301369863
0 0.4786910197869102 0.23820395738203956 0.0684931506849315 0.0563165905631659
5 0.0821917808219178 0.0517503805175038 0.1643835616438356 0.1035007610350076
5 0.8888888888888888 0.06012176560121765 0.2222222222222222 0.1141552511415525
5 0.708523592085236 0.4147640791476408 0.1567732115677321 0.1719939117199391
5 0.8234398782343988 0.2298325722983257 0.3378995433789954 0.1887366818873668
5 0.8843226788432268 0.3713850837138508 0.1187214611872146 0.091324200913242
5 0.4071537290715373 0.0852359208523592 0.2298325722983257 0.1643835616438356
5 0.639269406392694 0.09360730593607305 0.2070015220700152 0.1872146118721461
5 0.060882800608828 0.2115677321156773 0.121765601217656 0.197869101978691
5 0.18645357686453576 0.1582952815829528 0.1628614916286149 0.1917808219178082
5 0.05859969558599695 0.4923896499238965 0.1171993911719939 0.2998477929984779