5 0.9733637747336378 0.13677811550151975 0.0532724505327245 0.1033434650455927
5 0.9710806697108066 0.03875379939209726 0.0578386605783866 0.06838905775075987
5 0.941400304414003 0.22036474164133737 0.0806697108066971 0.08206686930091185
5 0.84779299847793 0.04939209726443769 0.1796042617960426 0.08662613981762918
5 0.469558599695586 0.25379939209726443 0.1111111111111111 0.13069908814589665
5 0.7686453576864536 0.22796352583586627 0.1095890410958904 0.11854103343465046
5 0.821917808219178 0.14969604863221886 0.15220700152207 0.11702127659574468
5 0.332572298325723 0.5835866261398176 0.0928462709284627 0.08206686930091185
5 0.8485540334855404 0.6565349544072948 0.0806697108066971 0.0851063829787234
5 0.9071537290715372 0.4756838905775076 0.0943683409436834 0.1337386018237082
5 0.9231354642313546 0.331306990881459 0.1202435312024353 0.11246200607902736
5 0.786910197869102 0.3791793313069909 0.136986301369863 0.15045592705167174
5 0.6605783866057838 0.33966565349544076 0.1187214611872146 0.1778115501519757
5 0.6537290715372908 0.0547112462006079 0.1659056316590563 0.10638297872340426
5 0.5791476407914764 0.21808510638297873 0.0867579908675799 0.1778115501519757
5 0.4627092846270928 0.03875379939209726 0.1643835616438356 0.07446808510638298
5 0.4482496194824962 0.12689969604863222 0.1506849315068493 0.09574468085106383
5 0.8287671232876712 0.5486322188449848 0.0837138508371385 0.0851063829787234
5 0.9786910197869102 0.44376899696048633 0.0426179604261796 0.1702127659574468
5 0.9292237442922374 0.6048632218844985 0.0867579908675799 0.0851063829787234
5 0.9550989345509894 0.7036474164133738 0.0898021308980213 0.08814589665653495
5 0.8964992389649924 0.958966565349544 0.0821917808219178 0.08206686930091185
5 0.8082191780821918 0.959726443768997 0.091324200913242 0.08054711246200608
5 0.8439878234398782 0.8852583586626139 0.1019786910197869 0.05623100303951368
5 0.8074581430745814 0.8016717325227963 0.1080669710806697 0.08054711246200608
5 0.860730593607306 0.7340425531914894 0.0776255707762557 0.0486322188449848
5 0.9421613394216134 0.8358662613981763 0.1156773211567732 0.14893617021276595
5 0.6887366818873668 0.1656534954407295 0.0654490106544901 0.0790273556231003
5 0.7351598173515982 0.4734042553191489 0.1308980213089802 0.07750759878419453
5 0.6149162861491628 0.446048632218845 0.0821917808219178 0.06534954407294832
5 0.6917808219178082 0.540273556231003 0.1263318112633181 0.08662613981762918
5 0.6925418569254186 0.6132218844984803 0.1278538812785388 0.08054711246200608
5 0.5920852359208524 0.6094224924012158 0.060882800608828 0.0486322188449848
5 0.6643835616438356 0.6914893617021277 0.0715372907153729 0.06990881458966565
5 0.7617960426179604 0.708966565349544 0.0928462709284627 0.10182370820668693
5 0.5418569254185692 0.9399696048632219 0.0791476407914764 0.09574468085106383
5 0.6788432267884322 0.9414893617021277 0.0487062404870624 0.10486322188449848
5 0.6232876712328768 0.9407294832826748 0.0563165905631659 0.06382978723404255
5 0.5920852359208524 0.8768996960486323 0.0791476407914764 0.0547112462006079
5 0.5068493150684932 0.8252279635258358 0.060882800608828 0.09422492401215805
5 0.6818873668188736 0.8396656534954408 0.0821917808219178 0.09574468085106383
5 0.7199391171993912 0.7735562310030395 0.076103500761035 0.05167173252279635
5 0.7511415525114156 0.8738601823708206 0.0593607305936073 0.06382978723404255
5 0.2998477929984779 0.05851063829787234 0.1248097412480974 0.11094224924012158
5 0.19558599695585996 0.053951367781155016 0.0745814307458143 0.09878419452887538
5 0.06621004566210045 0.044832826747720364 0.1232876712328767 0.08966565349544073
5 0.0136986301369863 0.15045592705167174 0.0273972602739726 0.1033434650455927
5 0.06773211567732115 0.1519756838905775 0.0684931506849315 0.09422492401215805
5 0.1400304414003044 0.128419452887538 0.0821917808219178 0.07750759878419453
5 0.23515981735159816 0.1717325227963526 0.1080669710806697 0.11246200607902736
5 0.378234398782344 0.2066869300911854 0.1111111111111111 0.0972644376899696
5 0.0350076103500761 0.3495440729483283 0.0700152207001522 0.2006079027355623
5 0.09512937595129375 0.26063829787234044 0.0989345509893455 0.08358662613981763
5 0.3028919330289193 0.331306990881459 0.1278538812785388 0.1641337386018237
5 0.5342465753424658 0.3837386018237082 0.0882800608828006 0.09878419452887538
5 0.5403348554033486 0.520516717325228 0.121765601217656 0.1474164133738602
5 0.4132420091324201 0.5326747720364742 0.1111111111111111 0.1534954407294833
5 0.2534246575342466 0.48328267477203646 0.1415525114155251 0.11550151975683891
5 0.1308980213089802 0.48632218844984804 0.0821917808219178 0.11550151975683891
5 0.1811263318112633 0.3411854103343465 0.1126331811263318 0.1534954407294833
5 0.0502283105022831 0.5288753799392097 0.0974124809741248 0.13069908814589665
5 0.1476407914764079 0.7325227963525835 0.136986301369863 0.14285714285714285
5 0.0593607305936073 0.9316109422492401 0.1095890410958904 0.13677811550151975
5 0.2998477929984779 0.9544072948328267 0.0791476407914764 0.0911854103343465
5 0.197869101978691 0.9551671732522796 0.1035007610350076 0.08662613981762918
5 0.2024353120243531 0.8533434650455927 0.0791476407914764 0.09574468085106383
5 0.2960426179604262 0.8343465045592705 0.0684931506849315 0.0911854103343465
5 0.4170471841704718 0.8282674772036475 0.1126331811263318 0.1580547112462006
5 0.3158295281582953 0.6914893617021277 0.1506849315068493 0.1276595744680851
5 0.5045662100456622 0.6831306990881459 0.0867579908675799 0.13221884498480244
5 0.5905631659056316 0.7165653495440729 0.0730593607305936 0.13221884498480244
7 0.5859969558599696 0.8123100303951368 0.0578386605783866 0.041033434650455926
5 0.03120243531202435 0.7522796352583586 0.0624048706240487 0.12158054711246201
5 0.426179604261796 0.6793313069908815 0.060882800608828 0.0729483282674772
5 0.20624048706240486 0.5858662613981763 0.1050228310502283 0.07750759878419453
5 0.423896499238965 0.9802431610942249 0.1293759512937595 0.03951367781155015
5 0.03881278538812785 0.6443768996960486 0.0684931506849315 0.07598784194528875
7 0.4703196347031963 0.446048632218845 0.0547945205479452 0.06231003039513678
5 0.4269406392694064 0.3465045592705167 0.1080669710806697 0.11246200607902736
7 0.091324200913242 0.8366261398176292 0.045662100456621 0.041033434650455926
7 0.1293759512937595 0.8867781155015197 0.0395738203957382 0.041033434650455926