5 0.5189969604863222 0.13774733637747336 0.25987841945288753 0.2754946727549467
5 0.2439209726443769 0.4824961948249619 0.1413373860182371 0.15220700152207
5 0.2948328267477204 0.3371385083713851 0.07598784194528875 0.0989345509893455
1 0.30623100303951367 0.228310502283105 0.20820668693009117 0.1187214611872146
5 0.8533434650455927 0.3188736681887367 0.11398176291793313 0.1141552511415525
5 0.53419452887538 0.4604261796042618 0.08662613981762918 0.1293759512937595
5 0.6033434650455927 0.3409436834094368 0.1033434650455927 0.0730593607305936
5 0.7416413373860182 0.1430745814307458 0.2826747720364742 0.2313546423135464
5 0.6899696048632219 0.4497716894977169 0.12158054711246201 0.1263318112633181
5 0.15653495440729484 0.3371385083713851 0.15501519756838905 0.0837138508371385
5 0.4247720364741641 0.4916286149162861 0.12917933130699089 0.1552511415525114
5 0.4278115501519757 0.3759512937595129 0.1413373860182371 0.106544901065449
5 0.13069908814589665 0.5996955859969558 0.12462006079027356 0.1796042617960426
5 0.28191489361702127 0.6560121765601218 0.12613981762917933 0.1035007610350076
5 0.8396656534954408 0.4802130898021309 0.12917933130699089 0.1263318112633181
5 0.05547112462006079 0.8774733637747336 0.08358662613981763 0.1445966514459665
5 0.1466565349544073 0.830289193302892 0.09574468085106383 0.1171993911719939
5 0.30243161094224924 0.8006088280060882 0.1641337386018237 0.1400304414003044
5 0.5379939209726444 0.6187214611872146 0.1702127659574468 0.1476407914764079
5 0.47416413373860183 0.7922374429223744 0.10638297872340426 0.1933028919330289
5 0.601063829787234 0.771689497716895 0.09574468085106383 0.15220700152207
5 0.7279635258358662 0.784627092846271 0.10638297872340426 0.1780821917808219
5 0.8875379939209727 0.8249619482496194 0.1398176291793313 0.106544901065449
5 0.8738601823708206 0.7328767123287672 0.13677811550151975 0.1141552511415525
5 0.7720364741641338 0.6095890410958904 0.1702127659574468 0.1324200913242009
5 0.5516717325227963 0.9375951293759512 0.20972644376899696 0.1035007610350076
5 0.29407294832826747 0.9535768645357686 0.12613981762917933 0.0806697108066971
5 0.8457446808510638 0.9444444444444444 0.15653495440729484 0.0867579908675799
5 0.06838905775075987 0.1811263318112633 0.10638297872340426 0.15220700152207
5 0.6519756838905775 0.2480974124809741 0.20972644376899696 0.1156773211567732