5 0.13145896656534956 0.08599695585996955 0.13221884498480244 0.0958904109589041
5 0.385258358662614 0.08447488584474885 0.1413373860182371 0.1019786910197869
5 0.24088145896656535 0.1445966514459665 0.1413373860182371 0.136986301369863
5 0.10866261398176291 0.3812785388127854 0.11094224924012158 0.1263318112633181
5 0.17325227963525835 0.2831050228310502 0.11854103343465046 0.1095890410958904
5 0.32142857142857145 0.3340943683409437 0.18693009118541035 0.1598173515981735
5 0.3905775075987842 0.2191780821917808 0.12158054711246201 0.1187214611872146
5 0.26367781155015196 0.4954337899543379 0.15653495440729484 0.1324200913242009
5 0.14513677811550152 0.6210045662100456 0.08662613981762918 0.0943683409436834
5 0.1595744680851064 0.525875190258752 0.0911854103343465 0.0806697108066971
5 0.0919452887537994 0.7199391171993912 0.12613981762917933 0.1248097412480974
5 0.3047112462006079 0.6902587519025876 0.1717325227963526 0.1933028919330289
5 0.23024316109422494 0.9277016742770168 0.11094224924012158 0.0837138508371385
7 0.2857142857142857 0.8569254185692542 0.0729483282674772 0.0578386605783866
5 0.2188449848024316 0.8226788432267884 0.0729483282674772 0.0654490106544901
5 0.33966565349544076 0.9421613394216134 0.11094224924012158 0.0791476407914764
5 0.446048632218845 0.9337899543378996 0.05623100303951368 0.0806697108066971
5 0.40425531914893614 0.8394216133942162 0.1398176291793313 0.1293759512937595
5 0.5683890577507599 0.8987823439878234 0.13677811550151975 0.1324200913242009
5 0.7424012158054711 0.8614916286149162 0.16261398176291794 0.1400304414003044
5 0.45592705167173253 0.6841704718417048 0.0911854103343465 0.1445966514459665
5 0.6071428571428571 0.7480974124809742 0.14437689969604864 0.1293759512937595
5 0.39285714285714285 0.5083713850837138 0.08662613981762918 0.1643835616438356
5 0.6155015197568389 0.6248097412480974 0.10638297872340426 0.1019786910197869
5 0.5227963525835866 0.4764079147640791 0.12462006079027356 0.1856925418569254
5 0.7272036474164134 0.601978691019787 0.10182370820668693 0.1872146118721461
5 0.8860182370820668 0.7366818873668188 0.17933130699088146 0.136986301369863
5 0.8723404255319149 0.5958904109589042 0.1398176291793313 0.1171993911719939
5 0.8563829787234043 0.454337899543379 0.1717325227963526 0.1415525114155251
5 0.6937689969604863 0.4292237442922374 0.12613981762917933 0.106544901065449
5 0.8951367781155015 0.24124809741248096 0.12462006079027356 0.1567732115677321
5 0.7211246200607903 0.3371385083713851 0.09878419452887538 0.0958904109589041
5 0.7302431610942249 0.2359208523592085 0.1474164133738602 0.106544901065449
7 0.46200607902735563 0.3082191780821918 0.0486322188449848 0.0532724505327245
5 0.5835866261398176 0.3165905631659056 0.12462006079027356 0.1187214611872146
5 0.5600303951367781 0.2009132420091324 0.13221884498480244 0.091324200913242
5 0.5516717325227963 0.1019786910197869 0.11854103343465046 0.091324200913242
5 0.6618541033434651 0.1415525114155251 0.08662613981762918 0.1035007610350076
5 0.8844984802431611 0.0821917808219178 0.1519756838905775 0.121765601217656
5 0.7317629179331308 0.07534246575342465 0.11702127659574468 0.1293759512937595
5 0.06914893617021277 0.8774733637747336 0.11702127659574468 0.1628614916286149
5 0.8609422492401215 0.9535768645357686 0.08662613981762918 0.0715372907153729
5 0.9475683890577508 0.9041095890410958 0.08662613981762918 0.15220700152207