5 0.9048706240487062 0.8576864535768646 0.1841704718417047 0.1659056316590563
5 0.7534246575342466 0.7983257229832572 0.0943683409436834 0.2024353120243531
5 0.8272450532724506 0.95662100456621 0.1933028919330289 0.0867579908675799
5 0.9680365296803652 0.9748858447488584 0.0639269406392694 0.0502283105022831
5 0.8561643835616438 0.6263318112633182 0.1811263318112633 0.1111111111111111
5 0.9246575342465754 0.6963470319634704 0.1354642313546423 0.0867579908675799
5 0.8797564687975646 0.5007610350076104 0.182648401826484 0.1308980213089802
5 0.9208523592085236 0.3683409436834094 0.1308980213089802 0.1613394216133942
5 0.984779299847793 0.517503805175038 0.0213089802130898 0.15220700152207
5 0.9505327245053272 0.2503805175038052 0.0989345509893455 0.0958904109589041
5 0.837138508371385 0.17579908675799086 0.1552511415525114 0.1385083713850837
5 0.9360730593607306 0.0821917808219178 0.1278538812785388 0.1126331811263318
5 0.754185692541857 0.3356164383561644 0.1872146118721461 0.1628614916286149
7 0.6719939117199392 0.502283105022831 0.0958904109589041 0.0791476407914764
5 0.6811263318112634 0.6362252663622526 0.1263318112633181 0.167427701674277
5 0.5091324200913242 0.6095890410958904 0.1993911719939117 0.1598173515981735
5 0.6308980213089802 0.8409436834094368 0.1171993911719939 0.0989345509893455
5 0.5928462709284628 0.9467275494672754 0.2146118721461187 0.106544901065449
5 0.4665144596651446 0.8203957382039574 0.1689497716894977 0.1156773211567732
7 0.3226788432267884 0.7808219178082192 0.0791476407914764 0.0669710806697108
7 0.3074581430745814 0.852359208523592 0.076103500761035 0.0578386605783866
5 0.2579908675799087 0.943683409436834 0.1963470319634703 0.1126331811263318
5 0.0745814307458143 0.91324200913242 0.1491628614916286 0.1735159817351598
5 0.1187214611872146 0.7595129375951294 0.2313546423135464 0.136986301369863
5 0.5030441400304414 0.3706240487062405 0.1750380517503805 0.0958904109589041
5 0.5182648401826484 0.4748858447488584 0.1841704718417047 0.0943683409436834
5 0.393455098934551 0.1111111111111111 0.2024353120243531 0.2222222222222222
5 0.6278538812785388 0.09817351598173515 0.2511415525114155 0.1963470319634703
7 0.4977168949771689 0.2831050228310502 0.1156773211567732 0.0517503805175038
1 0.09969558599695585 0.14840182648401826 0.1963470319634703 0.1719939117199391
1 0.09360730593607305 0.3462709284627093 0.1780821917808219 0.1232876712328767
1 0.07838660578386605 0.528158295281583 0.1506849315068493 0.1643835616438356
5 0.2526636225266362 0.5852359208523592 0.1308980213089802 0.1324200913242009
1 0.2678843226788432 0.3569254185692542 0.1461187214611872 0.2359208523592085