5 0.121765601217656 0.08751902587519025 0.2070015220700152 0.1719939117199391
5 0.3515981735159817 0.1750380517503805 0.2100456621004566 0.1856925418569254
5 0.18493150684931506 0.2633181126331811 0.1445966514459665 0.1704718417047184
5 0.2853881278538813 0.2831050228310502 0.1263318112633181 0.1035007610350076
5 0.2937595129375951 0.0426179604261796 0.121765601217656 0.0821917808219178
5 0.4124809741248097 0.08143074581430745 0.1126331811263318 0.1598173515981735
5 0.5372907153729072 0.03729071537290715 0.106544901065449 0.0684931506849315
5 0.5197869101978692 0.1141552511415525 0.1050228310502283 0.1156773211567732
5 0.4916286149162861 0.19710806697108066 0.0882800608828006 0.0928462709284627
5 0.6179604261796042 0.1095890410958904 0.0974124809741248 0.1582952815829528
5 0.8082191780821918 0.030441400304414 0.1248097412480974 0.0578386605783866
5 0.9277016742770168 0.0669710806697108 0.1263318112633181 0.1339421613394216
5 0.8432267884322678 0.16666666666666666 0.1796042617960426 0.1232876712328767
7 0.5045662100456622 0.4003044140030441 0.0624048706240487 0.0487062404870624
7 0.5989345509893456 0.4840182648401826 0.1050228310502283 0.1095890410958904
7 0.6407914764079148 0.3622526636225266 0.1095890410958904 0.0882800608828006
7 0.5958904109589042 0.4041095890410959 0.0410958904109589 0.0380517503805175
7 0.7473363774733638 0.4185692541856925 0.0517503805175038 0.045662100456621
7 0.4665144596651446 0.5981735159817352 0.1080669710806697 0.1035007610350076
7 0.6111111111111112 0.6902587519025876 0.0715372907153729 0.1019786910197869
7 0.5213089802130898 0.6872146118721462 0.0532724505327245 0.0410958904109589
7 0.8554033485540334 0.8295281582952816 0.1004566210045662 0.0974124809741248
6 0.9292237442922374 0.860730593607306 0.0258751902587519 0.0441400304414003
6 0.3546423135464231 0.6468797564687976 0.0334855403348554 0.030441400304414
5 0.6225266362252664 0.8660578386605784 0.1400304414003044 0.182648401826484
5 0.4642313546423135 0.898021308980213 0.1126331811263318 0.1491628614916286
7 0.5266362252663622 0.8287671232876712 0.0395738203957382 0.0593607305936073
5 0.11491628614916286 0.7191780821917808 0.2237442922374429 0.2450532724505327
5 0.21993911719939116 0.9223744292237442 0.2176560121765601 0.15220700152207
5 0.0547945205479452 0.921613394216134 0.1035007610350076 0.1567732115677321
7 0.700152207001522 0.743531202435312 0.0852359208523592 0.0745814307458143
6 0.662861491628615 0.5966514459665144 0.0715372907153729 0.0547945205479452
6 0.3645357686453577 0.5981735159817352 0.0471841704718417 0.0365296803652968
7 0.8249619482496194 0.4558599695585997 0.0730593607305936 0.0441400304414003
7 0.817351598173516 0.4025875190258752 0.060882800608828 0.0471841704718417