5 0.6270928462709284 0.9429223744292238 0.1491628614916286 0.1141552511415525
5 0.512937595129376 0.9178082191780822 0.167427701674277 0.1248097412480974
0 0.8789954337899544 0.3257229832572298 0.2146118721461187 0.1887366818873668
0 0.9604261796042618 0.24277016742770166 0.0791476407914764 0.1111111111111111
0 0.6567732115677322 0.106544901065449 0.1476407914764079 0.2009132420091324
0 0.8333333333333334 0.13318112633181126 0.1841704718417047 0.1750380517503805
0 0.9033485540334856 0.4634703196347032 0.1689497716894977 0.1293759512937595
0 0.7199391171993912 0.243531202435312 0.1278538812785388 0.1582952815829528
0 0.7442922374429224 0.5228310502283106 0.1856925418569254 0.1445966514459665
0 0.9497716894977168 0.7092846270928462 0.1004566210045662 0.182648401826484
0 0.832572298325723 0.6818873668188736 0.1430745814307458 0.1187214611872146
0 0.860730593607306 0.7815829528158296 0.1050228310502283 0.0654490106544901
0 0.9505327245053272 0.8242009132420092 0.0867579908675799 0.0715372907153729
0 0.6917808219178082 0.4033485540334855 0.1506849315068493 0.1095890410958904
0 0.6514459665144596 0.3333333333333333 0.1248097412480974 0.1156773211567732
0 0.5372907153729072 0.05098934550989345 0.0882800608828006 0.0989345509893455
5 0.6012176560121766 0.684931506849315 0.1552511415525114 0.1400304414003044
0 0.6133942161339422 0.8074581430745814 0.1004566210045662 0.1050228310502283
0 0.4977168949771689 0.7952815829528158 0.1308980213089802 0.1232876712328767
0 0.8432267884322678 0.9360730593607306 0.1156773211567732 0.1156773211567732
0 0.9512937595129376 0.9619482496194824 0.0974124809741248 0.076103500761035
0 0.7770167427701674 0.9528158295281582 0.1445966514459665 0.0943683409436834
0 0.2625570776255708 0.7123287671232876 0.1354642313546423 0.106544901065449
0 0.14535768645357686 0.7656012176560122 0.0958904109589041 0.0943683409436834
0 0.0319634703196347 0.9429223744292238 0.0639269406392694 0.0715372907153729
0 0.2861491628614916 0.817351598173516 0.1156773211567732 0.0974124809741248
0 0.2541856925418569 0.9048706240487062 0.106544901065449 0.1050228310502283
0 0.18493150684931506 0.6118721461187214 0.1476407914764079 0.1796042617960426
0 0.03120243531202435 0.7640791476407914 0.0624048706240487 0.060882800608828
5 0.4254185692541857 0.6757990867579908 0.1202435312024353 0.106544901065449
5 0.5045662100456622 0.487062404870624 0.1141552511415525 0.1004566210045662
7 0.6156773211567732 0.4824961948249619 0.0837138508371385 0.0852359208523592
7 0.6263318112633182 0.5722983257229832 0.0837138508371385 0.0730593607305936
0 0.0715372907153729 0.4056316590563166 0.1278538812785388 0.1141552511415525
0 0.23363774733637746 0.258751902587519 0.0837138508371385 0.1095890410958904
0 0.4094368340943683 0.1095890410958904 0.1308980213089802 0.0821917808219178
0 0.13165905631659056 0.045662100456621 0.1019786910197869 0.091324200913242
0 0.13470319634703196 0.22298325722983256 0.0806697108066971 0.1293759512937595
0 0.07534246575342465 0.2914764079147641 0.1019786910197869 0.1141552511415525
0 0.2054794520547945 0.10121765601217655 0.0821917808219178 0.0898021308980213
0 0.2161339421613394 0.18949771689497716 0.0791476407914764 0.0837138508371385
0 0.05707762557077625 0.1948249619482496 0.1080669710806697 0.0852359208523592
7 0.7191780821917808 0.8135464231354642 0.1415525114155251 0.1050228310502283
7 0.8546423135464232 0.8531202435312024 0.1019786910197869 0.0898021308980213
0 0.2519025875190259 0.3767123287671233 0.0837138508371385 0.0715372907153729
0 0.2914764079147641 0.3105022831050228 0.0624048706240487 0.0852359208523592
0 0.2663622526636225 0.02511415525114155 0.1278538812785388 0.0502283105022831
0 0.4589041095890411 0.03576864535768645 0.0624048706240487 0.0715372907153729
0 0.7945205479452054 0.0243531202435312 0.106544901065449 0.0487062404870624
0 0.3234398782343988 0.5266362252663622 0.1293759512937595 0.091324200913242
5 0.4003044140030441 0.319634703196347 0.0852359208523592 0.0974124809741248
0 0.4322678843226788 0.4292237442922374 0.0821917808219178 0.0821917808219178
0 0.3226788432267884 0.4528158295281583 0.106544901065449 0.0410958904109589