5 0.510654490106545 0.4969558599695586 0.1324200913242009 0.1750380517503805
5 0.4901065449010654 0.6773211567732116 0.2191780821917808 0.1796042617960426
5 0.7899543378995434 0.21993911719939116 0.136986301369863 0.1445966514459665
5 0.9094368340943684 0.3515981735159817 0.1537290715372907 0.0974124809741248
5 0.9467275494672754 0.2070015220700152 0.1004566210045662 0.1004566210045662
5 0.875951293759513 0.09512937595129375 0.1141552511415525 0.0989345509893455
5 0.7214611872146118 0.0578386605783866 0.1552511415525114 0.1004566210045662
5 0.4467275494672755 0.2161339421613394 0.1202435312024353 0.1156773211567732
5 0.6095890410958904 0.1887366818873668 0.1385083713850837 0.121765601217656
5 0.2191780821917808 0.1324200913242009 0.1491628614916286 0.1156773211567732
5 0.21993911719939116 0.2678843226788432 0.1232876712328767 0.1278538812785388
5 0.0639269406392694 0.4322678843226788 0.1278538812785388 0.15220700152207
5 0.2420091324200913 0.4467275494672755 0.1491628614916286 0.1232876712328767
5 0.3774733637747336 0.4634703196347032 0.091324200913242 0.0898021308980213
5 0.19254185692541856 0.710806697108067 0.1141552511415525 0.167427701674277
5 0.3340943683409437 0.9512937595129376 0.1445966514459665 0.0974124809741248
5 0.7275494672754946 0.3873668188736682 0.136986301369863 0.1141552511415525
5 0.5745814307458144 0.3614916286149163 0.1080669710806697 0.0776255707762557
5 0.6210045662100456 0.4710806697108067 0.0669710806697108 0.0776255707762557
5 0.726027397260274 0.510654490106545 0.1035007610350076 0.0898021308980213
5 0.8417047184170472 0.4946727549467275 0.1004566210045662 0.091324200913242
5 0.708523592085236 0.6704718417047184 0.1506849315068493 0.1719939117199391
5 0.8637747336377474 0.654490106544901 0.0958904109589041 0.1461187214611872
5 0.9573820395738204 0.5578386605783866 0.0852359208523592 0.1719939117199391
5 0.3226788432267884 0.03424657534246575 0.1308980213089802 0.0654490106544901
5 0.0578386605783866 0.07838660578386605 0.1156773211567732 0.1415525114155251