5 0.9232522796352584 0.9474885844748858 0.1534954407294833 0.1050228310502283
5 0.9696048632218845 0.7427701674277016 0.057750759878419454 0.1948249619482496
5 0.9278115501519757 0.530441400304414 0.14437689969604864 0.2146118721461187
5 0.7537993920972644 0.6468797564687976 0.1398176291793313 0.136986301369863
7 0.7241641337386018 0.5494672754946728 0.06534954407294832 0.0669710806697108
5 0.8031914893617021 0.5098934550989346 0.08054711246200608 0.1248097412480974
5 0.07446808510638298 0.9162861491628614 0.14285714285714285 0.1582952815829528
5 0.7416413373860182 0.8508371385083714 0.1945288753799392 0.243531202435312
5 0.5159574468085106 0.9003044140030442 0.15045592705167174 0.1750380517503805
5 0.3290273556231003 0.830289193302892 0.18085106382978725 0.1567732115677321
5 0.17249240121580547 0.969558599695586 0.07142857142857142 0.060882800608828
5 0.3351063829787234 0.9596651445966514 0.10182370820668693 0.0806697108066971
5 0.11322188449848024 0.7298325722983258 0.18693009118541035 0.1963470319634703
5 0.3161094224924012 0.6910197869101978 0.1641337386018237 0.0974124809741248
5 0.5053191489361702 0.7374429223744292 0.16869300911854104 0.1537290715372907
5 0.6595744680851063 0.682648401826484 0.11854103343465046 0.1111111111111111
5 0.10258358662613981 0.5 0.18085106382978725 0.2754946727549467
5 0.28799392097264437 0.4893455098934551 0.14437689969604864 0.2602739726027397
5 0.44452887537993924 0.4908675799086758 0.13829787234042554 0.2359208523592085
5 0.6132218844984803 0.5167427701674278 0.1534954407294833 0.1506849315068493
5 0.7302431610942249 0.3584474885844749 0.15045592705167174 0.1902587519025875
5 0.5554711246200608 0.3493150684931507 0.1838905775075988 0.1537290715372907
5 0.04711246200607903 0.3051750380517504 0.0851063829787234 0.1354642313546423
5 0.0547112462006079 0.18340943683409436 0.0911854103343465 0.0958904109589041
5 0.0858662613981763 0.07534246575342465 0.1717325227963526 0.1506849315068493
5 0.41033434650455924 0.0700152207001522 0.13069908814589665 0.1400304414003044
5 0.4886018237082067 0.2100456621004566 0.22036474164133737 0.1339421613394216
5 0.9399696048632219 0.0563165905631659 0.12006079027355623 0.1126331811263318
5 0.6899696048632219 0.08295281582952815 0.3586626139817629 0.1659056316590563
5 0.6800911854103343 0.20015220700152206 0.1534954407294833 0.1019786910197869
5 0.303951367781155 0.2526636225266362 0.24924012158054712 0.1856925418569254
5 0.26443768996960487 0.07534246575342465 0.1519756838905775 0.1445966514459665
7 0.9612462006079028 0.24885844748858446 0.07750759878419453 0.1628614916286149