1 0.5487062404870624 0.547945205479452 0.1111111111111111 0.0852359208523592
5 0.3668188736681887 0.4824961948249619 0.106544901065449 0.1126331811263318
1 0.2450532724505327 0.5403348554033486 0.0943683409436834 0.0943683409436834
1 0.6331811263318112 0.45662100456621 0.0943683409436834 0.076103500761035
5 0.923896499238965 0.23363774733637746 0.15220700152207 0.2633181126331811
5 0.6925418569254186 0.13470319634703196 0.2557077625570776 0.2694063926940639
1 0.3675799086757991 0.9185692541856926 0.2146118721461187 0.1628614916286149
3 0.2389649923896499 0.2557077625570776 0.1856925418569254 0.2070015220700152
3 0.167427701674277 0.9657534246575342 0.121765601217656 0.0684931506849315
3 0.791476407914764 0.4003044140030441 0.182648401826484 0.1126331811263318
3 0.6727549467275494 0.9512937595129376 0.1917808219178082 0.0974124809741248
0 0.5289193302891934 0.8691019786910198 0.0928462709284627 0.0852359208523592
0 0.02663622526636225 0.2922374429223744 0.0532724505327245 0.091324200913242