5 0.7887537993920972 0.4786910197869102 0.19756838905775076 0.2450532724505327
5 0.6162613981762918 0.5388127853881278 0.18693009118541035 0.197869101978691
5 0.9095744680851063 0.8531202435312024 0.14437689969604864 0.1628614916286149
5 0.5037993920972644 0.8995433789954338 0.21428571428571427 0.1796042617960426
5 0.3525835866261398 0.4756468797564688 0.3282674772036474 0.2237442922374429
5 0.0972644376899696 0.76103500761035 0.18541033434650456 0.2313546423135464
5 0.16793313069908813 0.1689497716894977 0.31762917933130697 0.2952815829528158
5 0.8601823708206687 0.6742770167427702 0.1398176291793313 0.2070015220700152
5 0.6732522796352584 0.0487062404870624 0.1337386018237082 0.0974124809741248
5 0.7986322188449848 0.13622526636225266 0.15653495440729484 0.1689497716894977
5 0.7241641337386018 0.6765601217656012 0.11094224924012158 0.1293759512937595
5 0.6907294832826748 0.7929984779299848 0.11398176291793313 0.121765601217656
5 0.6732522796352584 0.8660578386605784 0.1641337386018237 0.121765601217656
5 0.7006079027355623 0.9642313546423136 0.15501519756838905 0.0715372907153729
5 0.23708206686930092 0.8721461187214612 0.14893617021276595 0.182648401826484
5 0.23328267477203649 0.3105022831050228 0.16261398176291794 0.1278538812785388
5 0.49848024316109424 0.7077625570776256 0.11550151975683891 0.1704718417047184
5 0.18085106382978725 0.6141552511415526 0.12158054711246201 0.1445966514459665
5 0.9536474164133738 0.2572298325722983 0.09270516717325228 0.1035007610350076
5 0.4126139817629179 0.3401826484018265 0.12917933130699089 0.1354642313546423
7 0.932370820668693 0.1476407914764079 0.07750759878419453 0.0791476407914764
7 0.5927051671732523 0.13622526636225266 0.06382978723404255 0.0593607305936073
7 0.7796352583586627 0.7724505327245054 0.06382978723404255 0.0624048706240487
7 0.7917933130699089 0.8569254185692542 0.0547112462006079 0.0578386605783866
5 0.37537993920972645 0.7024353120243532 0.1398176291793313 0.1354642313546423
5 0.34422492401215804 0.806697108066971 0.11398176291793313 0.106544901065449
5 0.6466565349544073 0.2404870624048706 0.09270516717325228 0.106544901065449
5 0.45972644376899696 0.11491628614916286 0.1474164133738602 0.1080669710806697
5 0.5045592705167173 0.24124809741248096 0.15501519756838905 0.1476407914764079
5 0.8533434650455927 0.3082191780821918 0.11094224924012158 0.1171993911719939
5 0.7644376899696048 0.2899543378995434 0.11854103343465046 0.1141552511415525
5 0.0668693009118541 0.4710806697108067 0.1337386018237082 0.2298325722983257
5 0.5425531914893617 0.3622526636225266 0.1276595744680851 0.1339421613394216
5 0.5949848024316109 0.6757990867579908 0.12917933130699089 0.1187214611872146
5 0.35638297872340424 0.9299847792998478 0.12006079027355623 0.1339421613394216
5 0.29027355623100304 0.6187214611872146 0.11550151975683891 0.0989345509893455
5 0.25835866261398177 0.7267884322678844 0.1094224924012158 0.1141552511415525