5 0.7861491628614916 0.053951367781155016 0.4277016742770167 0.10486322188449848
5 0.4977168949771689 0.08054711246200608 0.1582952815829528 0.16109422492401215
5 0.0669710806697108 0.06838905775075987 0.1339421613394216 0.13677811550151975
5 0.2222222222222222 0.0911854103343465 0.243531202435312 0.182370820668693
5 0.3470319634703196 0.05623100303951368 0.1461187214611872 0.11246200607902736
7 0.3706240487062405 0.22416413373860183 0.1933028919330289 0.1838905775075988
5 0.9101978691019786 0.939209726443769 0.1796042617960426 0.12158054711246201
5 0.9048706240487062 0.8275075987841946 0.1841704718417047 0.12310030395136778
5 0.7336377473363774 0.871580547112462 0.1765601217656012 0.1838905775075988
5 0.6354642313546424 0.9680851063829787 0.1963470319634703 0.06382978723404255
5 0.2831050228310502 0.5212765957446809 0.2648401826484018 0.2066869300911854
5 0.12861491628614916 0.8214285714285714 0.1780821917808219 0.12613981762917933
5 0.1050228310502283 0.9376899696048632 0.1552511415525114 0.12158054711246201
5 0.3835616438356164 0.9164133738601824 0.2496194824961948 0.16717325227963525
5 0.4246575342465753 0.7226443768996961 0.197869101978691 0.20212765957446807
5 0.2595129375951294 0.7325227963525835 0.1537290715372907 0.20972644376899696
5 0.07686453576864535 0.6101823708206687 0.1537290715372907 0.2872340425531915
5 0.16210045662100456 0.7249240121580547 0.1263318112633181 0.11246200607902736
0 0.84779299847793 0.16641337386018237 0.30441400304414 0.1656534954407295
0 0.9269406392694064 0.4338905775075988 0.1461187214611872 0.1899696048632219
0 0.5121765601217656 0.3373860182370821 0.1750380517503805 0.19148936170212766
0 0.6400304414003044 0.49544072948328266 0.2572298325722983 0.14893617021276595
0 0.0715372907153729 0.3708206686930091 0.1430745814307458 0.1762917933130699
0 0.3082191780821918 0.3655015197568389 0.1232876712328767 0.09878419452887538
0 0.1933028919330289 0.3404255319148936 0.0852359208523592 0.1337386018237082
0 0.6407914764079148 0.3495440729483283 0.1461187214611872 0.12158054711246201
0 0.708523592085236 0.4338905775075988 0.1385083713850837 0.09574468085106383
0 0.0502283105022831 0.22796352583586627 0.1004566210045662 0.10638297872340426
0 0.16666666666666666 0.22948328267477203 0.1293759512937595 0.1094224924012158