5 0.9246575342465754 0.581306990881459 0.0471841704718417 0.07142857142857142
5 0.936834094368341 0.4156534954407295 0.0928462709284627 0.08054711246200608
5 0.8691019786910198 0.3366261398176292 0.1004566210045662 0.12917933130699089
5 0.9764079147640792 0.5273556231003039 0.0471841704718417 0.1094224924012158
5 0.939117199391172 0.48632218844984804 0.0669710806697108 0.057750759878419454
5 0.8485540334855404 0.46048632218844987 0.0928462709284627 0.10030395136778116
5 0.8888888888888888 0.5440729483282675 0.0943683409436834 0.10030395136778116
5 0.8120243531202436 0.5805471124620061 0.0928462709284627 0.11246200607902736
5 0.9490106544901066 0.6861702127659575 0.1019786910197869 0.15045592705167174
5 0.8736681887366818 0.7264437689969605 0.136986301369863 0.1519756838905775
5 0.9444444444444444 0.8928571428571429 0.1111111111111111 0.21428571428571427
5 0.8668188736681888 0.9779635258358662 0.1385083713850837 0.044072948328267476
5 0.8234398782343988 0.9171732522796353 0.1156773211567732 0.12006079027355623
5 0.6430745814307458 0.6572948328267477 0.1506849315068493 0.1534954407294833
5 0.7229832572298326 0.7340425531914894 0.1704718417047184 0.2006079027355623
5 0.6971080669710806 0.9133738601823708 0.1643835616438356 0.17325227963525835
5 0.5989345509893456 0.790273556231003 0.1080669710806697 0.1094224924012158
5 0.4961948249619482 0.7325227963525835 0.1461187214611872 0.19148936170212766
5 0.5159817351598174 0.9057750759878419 0.1552511415525114 0.16109422492401215
5 0.2640791476407915 0.8974164133738601 0.1902587519025875 0.20516717325227962
5 0.0806697108066971 0.8259878419452887 0.1613394216133942 0.17477203647416414
5 0.076103500761035 0.958966565349544 0.15220700152207 0.08206686930091185
5 0.6872146118721462 0.4817629179331307 0.1933028919330289 0.20972644376899696
5 0.4482496194824962 0.5433130699088146 0.2572298325722983 0.2811550151975684
5 0.3150684931506849 0.6382978723404256 0.197869101978691 0.24924012158054712
5 0.0745814307458143 0.43541033434650456 0.1491628614916286 0.2811550151975684
5 0.04642313546423135 0.15577507598784193 0.0867579908675799 0.196048632218845
5 0.9680365296803652 0.31155015197568386 0.0639269406392694 0.09422492401215805
5 0.982496194824962 0.20364741641337386 0.0350076103500761 0.12158054711246201
5 0.89117199391172 0.20592705167173253 0.1141552511415525 0.10790273556231003
5 0.9649923896499238 0.06914893617021277 0.0700152207001522 0.12917933130699089
5 0.8713850837138508 0.07522796352583587 0.1111111111111111 0.14437689969604864
5 0.7115677321156774 0.2256838905775076 0.2633181126331811 0.2993920972644377
5 0.4535768645357686 0.16109422492401215 0.1430745814307458 0.1276595744680851
5 0.4901065449010654 0.30927051671732525 0.167427701674277 0.13829787234042554
5 0.5213089802130898 0.04559270516717325 0.1385083713850837 0.0911854103343465
7 0.1339421613394216 0.06610942249240122 0.1461187214611872 0.12006079027355623
7 0.18188736681887366 0.2826747720364742 0.1171993911719939 0.1702127659574468
0 0.2656012176560122 0.0851063829787234 0.1263318112633181 0.1702127659574468
0 0.3926940639269406 0.03115501519756839 0.0943683409436834 0.06231003039513678
0 0.3249619482496195 0.29407294832826747 0.1263318112633181 0.14437689969604864
0 0.17884322678843226 0.4870820668693009 0.0776255707762557 0.07446808510638298