7 0.289193302891933 0.09969558599695585 0.1461187214611872 0.1537290715372907
7 0.2899543378995434 0.2595129375951294 0.0837138508371385 0.0958904109589041
7 0.16057838660578386 0.18797564687975646 0.0898021308980213 0.0745814307458143
5 0.6986301369863014 0.09969558599695585 0.213089802130898 0.1993911719939117
5 0.9353120243531202 0.1643835616438356 0.1293759512937595 0.1278538812785388
5 0.9406392694063926 0.30441400304414 0.1187214611872146 0.1491628614916286
5 0.8645357686453576 0.6202435312024354 0.2709284627092846 0.2328767123287671
5 0.9657534246575342 0.4512937595129376 0.0684931506849315 0.1324200913242009
5 0.8531202435312024 0.4467275494672755 0.1811263318112633 0.1506849315068493
5 0.819634703196347 0.2937595129375951 0.1385083713850837 0.1339421613394216
5 0.6704718417047184 0.2640791476407915 0.1750380517503805 0.1080669710806697
5 0.5646879756468798 0.363013698630137 0.0974124809741248 0.1141552511415525
5 0.6453576864535768 0.5829528158295282 0.1643835616438356 0.1613394216133942
5 0.6636225266362252 0.4033485540334855 0.2039573820395738 0.2039573820395738
0 0.9581430745814308 0.8698630136986302 0.0837138508371385 0.1933028919330289
0 0.5509893455098934 0.9330289193302892 0.1704718417047184 0.1339421613394216
0 0.4003044140030441 0.967275494672755 0.1095890410958904 0.0654490106544901
0 0.0745814307458143 0.5662100456621004 0.1491628614916286 0.1308980213089802
0 0.0791476407914764 0.9490106544901066 0.1582952815829528 0.1019786910197869
0 0.3105022831050228 0.7397260273972602 0.136986301369863 0.121765601217656
0 0.1445966514459665 0.678082191780822 0.1552511415525114 0.1202435312024353
0 0.06012176560121765 0.7686453576864536 0.1202435312024353 0.1095890410958904
0 0.0410958904109589 0.6750380517503806 0.0821917808219178 0.0776255707762557
0 0.0943683409436834 0.8242009132420092 0.106544901065449 0.1354642313546423
6 0.22602739726027396 0.9748858447488584 0.0502283105022831 0.0502283105022831
7 0.2237442922374429 0.8264840182648402 0.1948249619482496 0.1582952815829528