0 0.4786910197869102 0.21428571428571427 0.1537290715372907 0.0911854103343465
0 0.5487062404870624 0.2826747720364742 0.0806697108066971 0.0911854103343465
0 0.5015220700152208 0.32066869300911854 0.0684931506849315 0.11246200607902736
0 0.4231354642313546 0.2986322188449848 0.0943683409436834 0.08054711246200608
7 0.3409436834094368 0.30319148936170215 0.0517503805175038 0.05927051671732523
0 0.07382039573820395 0.2530395136778115 0.0806697108066971 0.07750759878419453
7 0.943683409436834 0.39893617021276595 0.0821917808219178 0.08966565349544073
7 0.8751902587519026 0.3882978723404255 0.0487062404870624 0.06534954407294832
7 0.9360730593607306 0.07826747720364742 0.1004566210045662 0.1413373860182371
5 0.8135464231354642 0.0729483282674772 0.1476407914764079 0.12462006079027356
5 0.0806697108066971 0.33358662613981765 0.1126331811263318 0.09574468085106383
5 0.04490106544901065 0.4065349544072948 0.0898021308980213 0.11094224924012158
5 0.16818873668188736 0.4209726443768997 0.1659056316590563 0.1276595744680851
5 0.2861491628614916 0.4764437689969605 0.1156773211567732 0.10790273556231003
5 0.1917808219178082 0.5653495440729484 0.1796042617960426 0.1458966565349544
5 0.05859969558599695 0.5714285714285714 0.1171993911719939 0.21580547112462006
5 0.0380517503805175 0.8996960486322189 0.0730593607305936 0.19756838905775076
5 0.3744292237442922 0.7249240121580547 0.3378995433789954 0.3373860182370821
5 0.5228310502283106 0.851063829787234 0.2267884322678843 0.2978723404255319
5 0.7420091324200914 0.9650455927051672 0.2024353120243531 0.06990881458966565
7 0.8569254185692542 0.5911854103343465 0.1248097412480974 0.08814589665653495
7 0.9748858447488584 0.5448328267477204 0.0502283105022831 0.1474164133738602
7 0.789193302891933 0.4376899696048632 0.0745814307458143 0.03951367781155015
7 0.6468797564687976 0.6496960486322189 0.0943683409436834 0.08054711246200608
7 0.6590563165905632 0.5805471124620061 0.091324200913242 0.0790273556231003
7 0.7534246575342466 0.5919452887537994 0.076103500761035 0.10182370820668693
7 0.6308980213089802 0.4338905775075988 0.0837138508371385 0.09270516717325228
7 0.4634703196347032 0.47188449848024316 0.1050228310502283 0.08358662613981763
7 0.7602739726027398 0.20212765957446807 0.1719939117199391 0.11854103343465046
7 0.8614916286149162 0.23328267477203649 0.0517503805175038 0.05319148936170213
7 0.7838660578386606 0.3518237082066869 0.1400304414003044 0.11094224924012158
7 0.819634703196347 0.2682370820668693 0.0745814307458143 0.11094224924012158
7 0.624048706240487 0.1952887537993921 0.091324200913242 0.08662613981762918
7 0.8120243531202436 0.5106382978723404 0.0654490106544901 0.0668693009118541
7 0.3919330289193303 0.3966565349544073 0.0745814307458143 0.057750759878419454
7 0.7039573820395738 0.29103343465045595 0.1171993911719939 0.09270516717325228
7 0.6552511415525114 0.34422492401215804 0.0715372907153729 0.08966565349544073
5 0.1750380517503805 0.03419452887537994 0.3378995433789954 0.06534954407294832
0 0.20015220700152206 0.10486322188449848 0.1111111111111111 0.0972644376899696
5 0.4071537290715373 0.0486322188449848 0.1202435312024353 0.09422492401215805