0 0.621580547112462 0.34574468085106386 0.13069908814589665 0.135258358662614
0 0.48556231003039513 0.3860182370820669 0.135258358662614 0.16717325227963525
5 0.708966565349544 0.0737082066869301 0.23860182370820668 0.1474164133738602
5 0.682370820668693 0.20440729483282674 0.18541033434650456 0.12006079027355623
7 0.8085106382978723 0.21732522796352582 0.03951367781155015 0.04559270516717325
7 0.8100303951367781 0.3860182370820669 0.0729483282674772 0.0729483282674772
7 0.7218844984802432 0.3738601823708207 0.05167173252279635 0.05167173252279635
5 0.9642857142857143 0.30927051671732525 0.07142857142857142 0.08358662613981763
5 0.9749240121580547 0.4316109422492401 0.05015197568389058 0.14893617021276595
5 0.958966565349544 0.12234042553191489 0.08206686930091185 0.24164133738601823
7 0.824468085106383 0.09574468085106383 0.05623100303951368 0.057750759878419454
5 0.14817629179331307 0.0980243161094225 0.1656534954407295 0.13829787234042554
5 0.14817629179331307 0.2393617021276596 0.22036474164133737 0.1595744680851064
5 0.18693009118541035 0.5577507598784195 0.22188449848024316 0.19148936170212766
0 0.3594224924012158 0.4430091185410334 0.12613981762917933 0.11702127659574468
5 0.03875379939209726 0.34422492401215804 0.07750759878419453 0.27203647416413373
5 0.050911854103343465 0.0790273556231003 0.09270516717325228 0.1580547112462006
5 0.23480243161094225 0.023556231003039513 0.14437689969604864 0.044072948328267476
5 0.4209726443768997 0.22036474164133737 0.2826747720364742 0.20364741641337386
5 0.37537993920972645 0.07446808510638298 0.1945288753799392 0.1458966565349544
5 0.04331306990881459 0.7272036474164134 0.08662613981762918 0.35714285714285715
5 0.4095744680851064 0.8259878419452887 0.22948328267477203 0.22948328267477203
2 0.912613981762918 0.6124620060790273 0.17477203647416414 0.1762917933130699
2 0.9293313069908815 0.7553191489361702 0.1413373860182371 0.08206686930091185
1 0.8206686930091185 0.9133738601823708 0.2857142857142857 0.17325227963525835
5 0.5 0.6534954407294833 0.22492401215805471 0.2006079027355623
5 0.6375379939209727 0.831306990881459 0.23556231003039513 0.22492401215805471
5 0.20364741641337386 0.4217325227963526 0.24620060790273557 0.21124620060790272