5 0.08143074581430745 0.6864535768645358 0.1567732115677321 0.1704718417047184
1 0.2222222222222222 0.6377473363774734 0.1095890410958904 0.0791476407914764
5 0.0547945205479452 0.8006088280060882 0.1095890410958904 0.0700152207001522
5 0.05859969558599695 0.926179604261796 0.1171993911719939 0.1415525114155251
5 0.2207001522070015 0.8926940639269406 0.2039573820395738 0.1993911719939117
5 0.2709284627092846 0.7298325722983258 0.1491628614916286 0.0958904109589041
5 0.4368340943683409 0.8394216133942162 0.1917808219178082 0.2511415525114155
5 0.5776255707762558 0.95662100456621 0.1293759512937595 0.0806697108066971
5 0.65220700152207 0.7808219178082192 0.2237442922374429 0.2100456621004566
5 0.7168949771689498 0.928462709284627 0.1308980213089802 0.1430745814307458
5 0.8637747336377474 0.776255707762557 0.1445966514459665 0.2009132420091324
5 0.8318112633181126 0.943683409436834 0.1080669710806697 0.1126331811263318
5 0.952054794520548 0.8660578386605784 0.0958904109589041 0.2526636225266362
5 0.04337899543378995 0.5083713850837138 0.0867579908675799 0.121765601217656
1 0.23059360730593606 0.5144596651445966 0.2115677321156773 0.1248097412480974
5 0.4231354642313546 0.5 0.1552511415525114 0.1628614916286149
3 0.9193302891933028 0.5426179604261796 0.1491628614916286 0.2176560121765601
5 0.6567732115677322 0.4459665144596651 0.2724505327245053 0.2617960426179604
1 0.9429223744292238 0.24581430745814306 0.1141552511415525 0.2359208523592085
7 0.815068493150685 0.213089802130898 0.0958904109589041 0.1187214611872146
5 0.9665144596651446 0.04337899543378995 0.0669710806697108 0.0867579908675799
5 0.8432267884322678 0.06773211567732115 0.136986301369863 0.1324200913242009
5 0.12861491628614916 0.08599695585996955 0.2572298325722983 0.1719939117199391
5 0.11187214611872145 0.2754946727549467 0.2237442922374429 0.2526636225266362
5 0.3432267884322679 0.3059360730593607 0.2176560121765601 0.2496194824961948
5 0.3614916286149163 0.05859969558599695 0.1811263318112633 0.1171993911719939
5 0.4733637747336377 0.17579908675799086 0.1552511415525114 0.1750380517503805
5 0.6605783866057838 0.1659056316590563 0.167427701674277 0.121765601217656
5 0.6080669710806698 0.2861491628614916 0.2450532724505327 0.1095890410958904
5 0.6263318112633182 0.05555555555555555 0.2420091324200913 0.1111111111111111