5 0.10426179604261795 0.8691019786910198 0.2085235920852359 0.2617960426179604
5 0.3432267884322679 0.9406392694063926 0.2054794520547945 0.1187214611872146
5 0.5365296803652968 0.9375951293759512 0.1659056316590563 0.1156773211567732
5 0.7792998477929984 0.9345509893455098 0.273972602739726 0.1308980213089802
5 0.3820395738203957 0.7823439878234398 0.2831050228310502 0.167427701674277
5 0.6225266362252664 0.8059360730593608 0.1917808219178082 0.1050228310502283
5 0.832572298325723 0.8112633181126332 0.1887366818873668 0.1095890410958904
5 0.9162861491628614 0.6719939117199392 0.1552511415525114 0.1567732115677321
5 0.76103500761035 0.6560121765601218 0.1278538812785388 0.1796042617960426
5 0.1415525114155251 0.667427701674277 0.2100456621004566 0.2633181126331811
5 0.5601217656012176 0.5753424657534246 0.258751902587519 0.3226788432267884
5 0.045662100456621 0.410958904109589 0.091324200913242 0.2496194824961948
5 0.21689497716894976 0.4710806697108067 0.2146118721461187 0.2146118721461187
5 0.1354642313546423 0.2853881278538813 0.1887366818873668 0.1902587519025875
5 0.8987823439878234 0.13318112633181126 0.1902587519025875 0.2663622526636225
5 0.6582952815829528 0.13165905631659056 0.1080669710806697 0.1476407914764079
5 0.30441400304414 0.6438356164383562 0.1035007610350076 0.0882800608828006
5 0.967275494672755 0.906392694063927 0.0654490106544901 0.1872146118721461
0 0.1750380517503805 0.05555555555555555 0.1948249619482496 0.1111111111111111
0 0.5190258751902588 0.2176560121765601 0.1643835616438356 0.15220700152207
0 0.3371385083713851 0.2100456621004566 0.1263318112633181 0.1856925418569254