5 0.17097264437689969 0.4254185692541857 0.27811550151975684 0.2633181126331811
5 0.07826747720364742 0.6796042617960426 0.15653495440729484 0.3820395738203957
5 0.2651975683890577 0.7450532724505328 0.23556231003039513 0.3820395738203957
7 0.10866261398176291 0.9398782343987824 0.1838905775075988 0.1202435312024353
7 0.23404255319148937 0.16362252663622526 0.2006079027355623 0.2267884322678843
0 0.08434650455927052 0.2526636225266362 0.10790273556231003 0.0700152207001522
7 0.5668693009118541 0.7633181126331812 0.16109422492401215 0.2024353120243531
7 0.5349544072948328 0.5616438356164384 0.14893617021276595 0.1308980213089802
7 0.39209726443769 0.3531202435312024 0.12158054711246201 0.091324200913242
7 0.5851063829787234 0.4619482496194825 0.14285714285714285 0.1263318112633181
7 0.7583586626139818 0.4893455098934551 0.057750759878419454 0.0715372907153729
7 0.6717325227963525 0.3835616438356164 0.07598784194528875 0.0974124809741248
7 0.9194528875379939 0.1811263318112633 0.0972644376899696 0.0882800608828006
7 0.9718844984802432 0.271689497716895 0.05623100303951368 0.0654490106544901
7 0.8951367781155015 0.1035007610350076 0.10638297872340426 0.0821917808219178
7 0.7750759878419453 0.1324200913242009 0.14285714285714285 0.0821917808219178
7 0.7188449848024316 0.2595129375951294 0.1580547112462006 0.0898021308980213
7 0.5425531914893617 0.3158295281582953 0.057750759878419454 0.0441400304414003
7 0.6147416413373861 0.3112633181126332 0.04711246200607903 0.0532724505327245
7 0.5425531914893617 0.3751902587519026 0.0972644376899696 0.0654490106544901
7 0.7317629179331308 0.3242009132420091 0.05623100303951368 0.0730593607305936
7 0.6603343465045592 0.18797564687975646 0.11398176291793313 0.1019786910197869
7 0.756838905775076 0.03729071537290715 0.04559270516717325 0.0350076103500761
7 0.5843465045592705 0.0273972602739726 0.09574468085106383 0.0547945205479452
7 0.37537993920972645 0.0319634703196347 0.2553191489361702 0.0639269406392694
7 0.5623100303951368 0.23668188736681886 0.08206686930091185 0.0898021308980213
7 0.418693009118541 0.1796042617960426 0.05319148936170213 0.0547945205479452
7 0.3882978723404255 0.11035007610350075 0.07446808510638298 0.0532724505327245
7 0.4027355623100304 0.2374429223744292 0.06382978723404255 0.0487062404870624
7 0.48632218844984804 0.21841704718417046 0.0790273556231003 0.1171993911719939
0 0.6314589665653495 0.09512937595129375 0.11398176291793313 0.0715372907153729
0 0.5326747720364742 0.12100456621004566 0.08662613981762918 0.1263318112633181
7 0.48556231003039513 0.12557077625570776 0.044072948328267476 0.0441400304414003
0 0.32674772036474165 0.558599695585997 0.10638297872340426 0.060882800608828
0 0.3951367781155015 0.4687975646879756 0.09422492401215805 0.167427701674277
0 0.4878419452887538 0.4216133942161339 0.0911854103343465 0.1643835616438356
0 0.8541033434650456 0.2709284627092846 0.1702127659574468 0.1308980213089802
0 0.9490881458966566 0.378234398782344 0.09574468085106383 0.1598173515981735
0 0.8343465045592705 0.3964992389649924 0.1398176291793313 0.1232876712328767
0 0.9164133738601824 0.5578386605783866 0.16717325227963525 0.1537290715372907
0 0.71580547112462 0.6659056316590564 0.24316109422492402 0.2146118721461187
0 0.9490881458966566 0.710806697108067 0.10182370820668693 0.1187214611872146
0 0.5934650455927052 0.9299847792998478 0.18693009118541035 0.136986301369863
0 0.9293313069908815 0.8729071537290716 0.1413373860182371 0.1202435312024353
0 0.7796352583586627 0.91324200913242 0.11550151975683891 0.1461187214611872
0 0.8237082066869301 0.7617960426179604 0.1702127659574468 0.1202435312024353
0 0.9779635258358662 0.974124809741248 0.044072948328267476 0.0517503805175038
0 0.45896656534954405 0.8751902587519026 0.13069908814589665 0.1796042617960426
0 0.37462006079027355 0.8432267884322678 0.1595744680851064 0.1643835616438356
0 0.3123100303951368 0.971841704718417 0.1778115501519757 0.0563165905631659