6 0.9269406392694064 0.067629179331307 0.0334855403348554 0.044072948328267476
5 0.8592085235920852 0.25227963525835867 0.1719939117199391 0.1033434650455927
6 0.8089802130898022 0.07522796352583587 0.0563165905631659 0.05319148936170213
7 0.8637747336377474 0.026595744680851064 0.0776255707762557 0.044072948328267476
7 0.6834094368340944 0.05623100303951368 0.121765601217656 0.11246200607902736
7 0.6423135464231354 0.1702127659574468 0.1156773211567732 0.1033434650455927
7 0.4649923896499239 0.029635258358662615 0.0989345509893455 0.05015197568389058
7 0.0700152207001522 0.33282674772036475 0.1156773211567732 0.0972644376899696
7 0.045662100456621 0.12613981762917933 0.0852359208523592 0.0851063829787234
7 0.2541856925418569 0.09650455927051672 0.0852359208523592 0.07142857142857142
7 0.2686453576864536 0.031914893617021274 0.1537290715372907 0.057750759878419454
7 0.3614916286149163 0.05851063829787234 0.0806697108066971 0.07750759878419453
5 0.08599695585996955 0.04179331306990881 0.1719939117199391 0.07750759878419453
5 0.2222222222222222 0.6405775075987842 0.2100456621004566 0.2872340425531915
7 0.18949771689497716 0.4848024316109423 0.0867579908675799 0.07598784194528875
5 0.05403348554033485 0.5349544072948328 0.1080669710806697 0.19756838905775076
6 0.0136986301369863 0.6618541033434651 0.0273972602739726 0.04711246200607903
5 0.54337899543379 0.3898176291793313 0.1917808219178082 0.24468085106382978
5 0.6225266362252664 0.4506079027355623 0.0821917808219178 0.135258358662614
5 0.593607305936073 0.5569908814589666 0.1004566210045662 0.09878419452887538
5 0.6879756468797564 0.3981762917933131 0.1278538812785388 0.1519756838905775
5 0.7054794520547946 0.29711246200607905 0.1111111111111111 0.10182370820668693
6 0.7808219178082192 0.21656534954407294 0.0365296803652968 0.037993920972644375
5 0.9337899543378996 0.32674772036474165 0.1324200913242009 0.13069908814589665
5 0.8310502283105022 0.3525835866261398 0.1552511415525114 0.11550151975683891
5 0.7853881278538812 0.43617021276595747 0.1735159817351598 0.14893617021276595
5 0.9079147640791476 0.45364741641337386 0.1811263318112633 0.1778115501519757
5 0.7252663622526636 0.5509118541033434 0.1750380517503805 0.16261398176291794
5 0.9497716894977168 0.6124620060790273 0.1004566210045662 0.1398176291793313
5 0.8751902587519026 0.6664133738601824 0.2496194824961948 0.22340425531914893
5 0.7397260273972602 0.7013677811550152 0.0943683409436834 0.1413373860182371
0 0.121765601217656 0.8191489361702128 0.1430745814307458 0.12158054711246201
0 0.10273972602739725 0.9414893617021277 0.2054794520547945 0.11702127659574468
0 0.3614916286149163 0.9620060790273556 0.1232876712328767 0.07598784194528875
0 0.5205479452054794 0.9673252279635258 0.167427701674277 0.06534954407294832
0 0.4048706240487062 0.791033434650456 0.136986301369863 0.13829787234042554
0 0.4467275494672755 0.8776595744680851 0.1263318112633181 0.11398176291793313
0 0.547945205479452 0.743161094224924 0.1400304414003044 0.1580547112462006
0 0.6445966514459666 0.8791793313069909 0.0989345509893455 0.16261398176291794
0 0.7602739726027398 0.9604863221884499 0.2146118721461187 0.07598784194528875
0 0.9421613394216134 0.959726443768997 0.1156773211567732 0.08054711246200608
0 0.9429223744292238 0.8419452887537994 0.1141552511415525 0.15501519756838905
0 0.7968036529680366 0.8662613981762918 0.1628614916286149 0.13677811550151975