1 0.6407914764079148 0.4185692541856925 0.4322678843226788 0.4322678843226788
1 0.9071537290715372 0.7054794520547946 0.1613394216133942 0.1750380517503805
1 0.9147640791476408 0.1476407914764079 0.1704718417047184 0.1248097412480974
1 0.9490106544901066 0.3158295281582953 0.1019786910197869 0.1293759512937595
1 0.9383561643835616 0.5 0.1232876712328767 0.1598173515981735
1 0.04337899543378995 0.2709284627092846 0.0867579908675799 0.1613394216133942
1 0.0273972602739726 0.8181126331811264 0.0547945205479452 0.1476407914764079
1 0.3911719939117199 0.7701674277016742 0.2465753424657534 0.1948249619482496
1 0.9786910197869102 0.9292237442922374 0.0426179604261796 0.1232876712328767
1 0.3576864535768645 0.5974124809741248 0.1004566210045662 0.1111111111111111
1 0.7496194824961948 0.923896499238965 0.3607305936073059 0.15220700152207
1 0.1811263318112633 0.9490106544901066 0.3470319634703196 0.1019786910197869
5 0.1019786910197869 0.4756468797564688 0.2039573820395738 0.1811263318112633
3 0.2625570776255708 0.14383561643835616 0.3089802130898021 0.1415525114155251
0 0.17275494672754946 0.0167427701674277 0.1872146118721461 0.0334855403348554