5 0.0943683409436834 0.3639817629179331 0.1887366818873668 0.29027355623100304
7 0.04033485540334855 0.04331306990881459 0.0806697108066971 0.08662613981762918
5 0.2990867579908676 0.19832826747720364 0.2207001522070015 0.32066869300911854
7 0.2191780821917808 0.09954407294832827 0.0974124809741248 0.08966565349544073
7 0.18949771689497716 0.03419452887537994 0.0806697108066971 0.06231003039513678
5 0.317351598173516 0.5759878419452887 0.1902587519025875 0.16109422492401215
5 0.21385083713850836 0.6732522796352584 0.2054794520547945 0.2948328267477204
5 0.0319634703196347 0.5493920972644377 0.0639269406392694 0.09878419452887538
5 0.0547945205479452 0.7173252279635258 0.1004566210045662 0.23404255319148937
5 0.0852359208523592 0.9012158054711246 0.1704718417047184 0.1337386018237082
5 0.4269406392694064 0.8145896656534954 0.2176560121765601 0.2553191489361702
5 0.2534246575342466 0.9156534954407295 0.1506849315068493 0.1595744680851064
5 0.898021308980213 0.10486322188449848 0.2039573820395738 0.20972644376899696
5 0.852359208523592 0.303951367781155 0.1704718417047184 0.1519756838905775
5 0.7298325722983258 0.12917933130699089 0.1750380517503805 0.1398176291793313
5 0.5136986301369864 0.2135258358662614 0.2115677321156773 0.18085106382978725
5 0.3797564687975647 0.4034954407294833 0.2024353120243531 0.1717325227963526
5 0.5235920852359208 0.6291793313069909 0.1765601217656012 0.1094224924012158
5 0.5114155251141552 0.5433130699088146 0.1278538812785388 0.07750759878419453
5 0.5578386605783866 0.45440729483282677 0.1141552511415525 0.1033434650455927
5 0.636986301369863 0.5395136778115501 0.0898021308980213 0.0851063829787234
5 0.6704718417047184 0.4376899696048632 0.0776255707762557 0.10030395136778116
5 0.6202435312024354 0.8024316109422492 0.2237442922374429 0.1884498480243161
5 0.7617960426179604 0.9042553191489362 0.2480974124809741 0.18541033434650456
1 0.9467275494672754 0.8731003039513677 0.106544901065449 0.14437689969604864
5 0.908675799086758 0.7150455927051672 0.182648401826484 0.1838905775075988
5 0.7146118721461188 0.6778115501519757 0.1537290715372907 0.16109422492401215
5 0.7945205479452054 0.5782674772036475 0.182648401826484 0.135258358662614
5 0.8584474885844748 0.47112462006079026 0.2648401826484018 0.18541033434650456
5 0.69558599695586 0.27811550151975684 0.106544901065449 0.13677811550151975