5 0.5699088145896657 0.6834094368340944 0.15501519756838905 0.167427701674277
5 0.939209726443769 0.7595129375951294 0.12158054711246201 0.2800608828006088
5 0.7522796352583586 0.7808219178082192 0.22188449848024316 0.2496194824961948
5 0.47188449848024316 0.7922374429223744 0.15653495440729484 0.1537290715372907
5 0.5045592705167173 0.9398782343987824 0.22188449848024316 0.1019786910197869
5 0.26975683890577506 0.7633181126331812 0.29027355623100304 0.2663622526636225
5 0.4148936170212766 0.589041095890411 0.1884498480243161 0.1796042617960426
5 0.09042553191489362 0.4893455098934551 0.15653495440729484 0.2176560121765601
5 0.03875379939209726 0.6278538812785388 0.07750759878419453 0.1719939117199391
5 0.044832826747720364 0.9467275494672754 0.08966565349544073 0.0974124809741248
5 0.9620060790273556 0.9726027397260274 0.07598784194528875 0.0547945205479452
5 0.020516717325227963 0.20776255707762556 0.041033434650455926 0.3028919330289193
5 0.09422492401215805 0.182648401826484 0.0668693009118541 0.197869101978691
5 0.07446808510638298 0.3211567732115677 0.0790273556231003 0.0791476407914764
1 0.14969604863221886 0.0395738203957382 0.10790273556231003 0.0791476407914764
1 0.3252279635258359 0.10578386605783865 0.11550151975683891 0.1263318112633181
1 0.2066869300911854 0.12404870624048706 0.0972644376899696 0.0867579908675799
1 0.2074468085106383 0.2724505327245053 0.08662613981762918 0.1491628614916286
1 0.3168693009118541 0.3310502283105023 0.13829787234042554 0.1780821917808219
1 0.7819148936170213 0.4505327245053272 0.1899696048632219 0.1582952815829528
1 0.8100303951367781 0.0273972602739726 0.20364741641337386 0.0547945205479452
1 0.648936170212766 0.2884322678843227 0.13677811550151975 0.1993911719939117
1 0.5509118541033434 0.15220700152207 0.10182370820668693 0.1248097412480974
1 0.851823708206687 0.302130898021309 0.1534954407294833 0.1445966514459665
1 0.4810030395136778 0.3059360730593607 0.1534954407294833 0.1643835616438356
1 0.46808510638297873 0.0350076103500761 0.22796352583586627 0.0700152207001522
1 0.9582066869300911 0.06316590563165905 0.08054711246200608 0.1111111111111111
1 0.8563829787234043 0.1567732115677321 0.10182370820668693 0.1126331811263318