1 0.5707762557077626 0.4642313546423135 0.091324200913242 0.0974124809741248
7 0.07990867579908675 0.5060882800608828 0.1598173515981735 0.1537290715372907
6 0.13774733637747336 0.3729071537290715 0.0532724505327245 0.0517503805175038
7 0.10730593607305935 0.04490106544901065 0.2115677321156773 0.0806697108066971
1 0.1171993911719939 0.21385083713850836 0.2252663622526636 0.2328767123287671
1 0.0563165905631659 0.3797564687975647 0.1095890410958904 0.0867579908675799
0 0.4063926940639269 0.16057838660578386 0.0821917808219178 0.0654490106544901
0 0.4855403348554033 0.1948249619482496 0.0730593607305936 0.0730593607305936
1 0.6362252663622526 0.0334855403348554 0.15220700152207 0.0669710806697108
3 0.2937595129375951 0.9292237442922374 0.1491628614916286 0.1415525114155251
3 0.5852359208523592 0.3538812785388128 0.0624048706240487 0.0471841704718417
3 0.3371385083713851 0.3127853881278539 0.0502283105022831 0.0410958904109589
3 0.3074581430745814 0.2191780821917808 0.0517503805175038 0.0578386605783866
3 0.2671232876712329 0.5296803652968036 0.1232876712328767 0.0882800608828006
3 0.8751902587519026 0.4710806697108067 0.0517503805175038 0.0471841704718417
3 0.8028919330289194 0.3340943683409437 0.0441400304414003 0.0410958904109589