5 0.4223744292237443 0.03729071537290715 0.0958904109589041 0.0745814307458143
5 0.18797564687975646 0.05403348554033485 0.0837138508371385 0.0898021308980213
5 0.01598173515981735 0.0380517503805175 0.0319634703196347 0.076103500761035
5 0.2389649923896499 0.3622526636225266 0.0943683409436834 0.1095890410958904
5 0.4406392694063927 0.5974124809741248 0.1141552511415525 0.1293759512937595
5 0.4383561643835616 0.484779299847793 0.0821917808219178 0.0928462709284627
5 0.541095890410959 0.5 0.0806697108066971 0.1141552511415525
5 0.5502283105022832 0.3858447488584475 0.0715372907153729 0.0837138508371385
5 0.3302891933028919 0.576103500761035 0.0669710806697108 0.0837138508371385
5 0.334855403348554 0.4809741248097412 0.1126331811263318 0.0852359208523592
5 0.3363774733637747 0.380517503805175 0.0791476407914764 0.0943683409436834
1 0.14535768645357686 0.700152207001522 0.2724505327245053 0.2252663622526636
5 0.08904109589041095 0.5449010654490106 0.1293759512937595 0.0852359208523592
5 0.23363774733637746 0.5494672754946728 0.0989345509893455 0.091324200913242
5 0.3789954337899543 0.971841704718417 0.091324200913242 0.0563165905631659
5 0.6856925418569254 0.7480974124809742 0.1050228310502283 0.1080669710806697
5 0.680365296803653 0.6255707762557078 0.0639269406392694 0.0700152207001522
5 0.7777777777777778 0.6286149162861492 0.076103500761035 0.0882800608828006
5 0.7366818873668188 0.5144596651445966 0.1035007610350076 0.106544901065449
5 0.893455098934551 0.8713850837138508 0.0821917808219178 0.0806697108066971
5 0.6917808219178082 0.9657534246575342 0.0958904109589041 0.0684931506849315
5 0.7785388127853882 0.9223744292237442 0.0837138508371385 0.060882800608828
5 0.5829528158295282 0.9710806697108066 0.0943683409436834 0.0578386605783866
1 0.4322678843226788 0.8089802130898022 0.2709284627092846 0.2937595129375951
5 0.530441400304414 0.8972602739726028 0.0502283105022831 0.0441400304414003
5 0.908675799086758 0.6400304414003044 0.0882800608828006 0.0958904109589041
7 0.9170471841704718 0.7077625570776256 0.0228310502283105 0.0273972602739726
5 0.984779299847793 0.647640791476408 0.030441400304414 0.1293759512937595
7 0.9733637747336378 0.9832572298325722 0.0532724505327245 0.0334855403348554
7 0.769406392694064 0.8706240487062404 0.0380517503805175 0.0273972602739726
7 0.7876712328767124 0.8082191780821918 0.0350076103500761 0.0334855403348554
7 0.850076103500761 0.8097412480974124 0.0471841704718417 0.0517503805175038
7 0.815068493150685 0.5243531202435312 0.0289193302891933 0.0380517503805175
7 0.8439878234398782 0.7252663622526636 0.0289193302891933 0.0380517503805175
7 0.9939117199391172 0.7549467275494672 0.0121765601217656 0.0517503805175038
1 0.15144596651445966 0.9025875190258752 0.3028919330289193 0.1948249619482496