5 0.9627659574468085 0.9050151975683891 0.07446808510638298 0.06231003039513678
5 0.9027355623100304 0.8168693009118541 0.0851063829787234 0.12006079027355623
5 0.6367781155015197 0.7401215805471124 0.2826747720364742 0.2188449848024316
5 0.5539513677811551 0.89209726443769 0.24772036474164133 0.21580547112462006
5 0.7963525835866262 0.8996960486322189 0.07598784194528875 0.0911854103343465
5 0.8814589665653495 0.9749240121580547 0.12158054711246201 0.05015197568389058
5 0.9810030395136778 0.9779635258358662 0.037993920972644375 0.044072948328267476
5 0.7659574468085106 0.9817629179331308 0.1033434650455927 0.0364741641337386
5 0.8966565349544073 0.7165653495440729 0.2066869300911854 0.1595744680851064
5 0.12462006079027356 0.8191489361702128 0.182370820668693 0.11854103343465046
5 0.20896656534954408 0.33206686930091184 0.13829787234042554 0.09878419452887538
1 0.8115501519756839 0.5212765957446809 0.24012158054711247 0.15501519756838905
1 0.4034954407294833 0.36930091185410335 0.20516717325227962 0.26443768996960487
1 0.22872340425531915 0.6474164133738601 0.196048632218845 0.1884498480243161
1 0.05623100303951368 0.12993920972644377 0.11246200607902736 0.11702127659574468
1 0.037993920972644375 0.2712765957446808 0.07598784194528875 0.12006079027355623
5 0.09574468085106383 0.439209726443769 0.19148936170212766 0.2006079027355623
5 0.16109422492401215 0.19224924012158054 0.11854103343465046 0.09270516717325228