1 0.0928462709284627 0.7595129375951294 0.1856925418569254 0.213089802130898
1 0.741248097412481 0.9299847792998478 0.1156773211567732 0.1095890410958904
1 0.3599695585996956 0.895738203957382 0.0624048706240487 0.0471841704718417
0 0.3280060882800609 0.8447488584474886 0.1141552511415525 0.060882800608828
5 0.182648401826484 0.9794520547945206 0.136986301369863 0.0410958904109589
5 0.06621004566210045 0.9535768645357686 0.1171993911719939 0.0928462709284627
5 0.1019786910197869 0.1582952815829528 0.1887366818873668 0.2770167427701674
5 0.4353120243531202 0.5981735159817352 0.2557077625570776 0.3226788432267884
5 0.8698630136986302 0.578386605783866 0.2602739726027397 0.3318112633181126
5 0.4779299847792998 0.258751902587519 0.273972602739726 0.2070015220700152
5 0.5578386605783866 0.4878234398782344 0.2085235920852359 0.1780821917808219
5 0.3219178082191781 0.1354642313546423 0.2237442922374429 0.2313546423135464
5 0.6894977168949772 0.2595129375951294 0.1308980213089802 0.2176560121765601
5 0.547945205479452 0.07686453576864535 0.273972602739726 0.1537290715372907
5 0.8919330289193302 0.1765601217656012 0.2161339421613394 0.3531202435312024
0 0.6598173515981736 0.850076103500761 0.0715372907153729 0.0745814307458143
0 0.6301369863013698 0.939117199391172 0.0730593607305936 0.1004566210045662