5 0.7625570776255708 0.9445288753799392 0.1704718417047184 0.11094224924012158
5 0.4041095890410959 0.9270516717325228 0.1476407914764079 0.1398176291793313
5 0.23515981735159816 0.939209726443769 0.1750380517503805 0.12158054711246201
5 0.9642313546423136 0.33358662613981765 0.0715372907153729 0.12310030395136778
5 0.8295281582952816 0.30319148936170215 0.1430745814307458 0.19908814589665655
1 0.7115677321156774 0.17249240121580547 0.1385083713850837 0.22644376899696048
1 0.05859969558599695 0.13145896656534956 0.1171993911719939 0.1474164133738602
7 0.3911719939117199 0.8085106382978723 0.0852359208523592 0.060790273556231005
7 0.2815829528158295 0.817629179331307 0.1126331811263318 0.06990881458966565
7 0.06012176560121765 0.85790273556231 0.1019786910197869 0.12917933130699089
1 0.54337899543379 0.189209726443769 0.1643835616438356 0.25987841945288753