7 0.8386605783866058 0.8006088280060882 0.0974124809741248 0.0852359208523592
7 0.895738203957382 0.8797564687975646 0.1171993911719939 0.121765601217656
7 0.7366818873668188 0.7572298325722984 0.0487062404870624 0.0441400304414003
7 0.5951293759512938 0.6894977168949772 0.1004566210045662 0.0882800608828006
7 0.4596651445966514 0.6765601217656012 0.0487062404870624 0.0776255707762557
5 0.3455098934550989 0.4992389649923896 0.2800608828006088 0.2009132420091324
5 0.10882800608828005 0.4117199391171994 0.1171993911719939 0.2024353120243531
5 0.18036529680365296 0.3051750380517504 0.1354642313546423 0.1293759512937595
5 0.9223744292237442 0.4604261796042618 0.1187214611872146 0.1171993911719939
5 0.8333333333333334 0.20776255707762556 0.1324200913242009 0.1263318112633181
5 0.4771689497716895 0.2359208523592085 0.1354642313546423 0.1187214611872146
5 0.3713850837138508 0.0441400304414003 0.1613394216133942 0.0882800608828006
5 0.5388127853881278 0.0410958904109589 0.1461187214611872 0.0821917808219178
5 0.6879756468797564 0.05555555555555555 0.1308980213089802 0.1111111111111111
5 0.8470319634703196 0.03424657534246575 0.1141552511415525 0.0684931506849315
5 0.9619482496194824 0.13926940639269406 0.076103500761035 0.2785388127853881
1 0.684931506849315 0.1917808219178082 0.1156773211567732 0.1339421613394216
5 0.6111111111111112 0.2656012176560122 0.1080669710806697 0.1141552511415525
5 0.6719939117199392 0.3797564687975647 0.1171993911719939 0.1171993911719939
5 0.5182648401826484 0.3523592085235921 0.1415525114155251 0.1141552511415525
5 0.5494672754946728 0.4802130898021309 0.1156773211567732 0.1293759512937595
5 0.3082191780821918 0.2519025875190259 0.1111111111111111 0.0989345509893455
5 0.3607305936073059 0.3401826484018265 0.136986301369863 0.1019786910197869