5 0.7100456621004566 0.03576864535768645 0.0958904109589041 0.0715372907153729
5 0.8143074581430746 0.0791476407914764 0.0639269406392694 0.1004566210045662
5 0.8866057838660578 0.0974124809741248 0.0593607305936073 0.060882800608828
5 0.9733637747336378 0.06773211567732115 0.0532724505327245 0.0715372907153729
5 0.9687975646879756 0.14840182648401826 0.0624048706240487 0.0654490106544901
5 0.0319634703196347 0.7496194824961948 0.0639269406392694 0.0958904109589041
5 0.01598173515981735 0.5806697108066972 0.0319634703196347 0.0532724505327245
5 0.9406392694063926 0.5958904109589042 0.0395738203957382 0.0563165905631659
5 0.2663622526636225 0.4992389649923896 0.0487062404870624 0.0273972602739726
5 0.4071537290715373 0.9901065449010654 0.0410958904109589 0.0197869101978691
1 0.0213089802130898 0.6560121765601218 0.0395738203957382 0.0669710806697108
1 0.4855403348554033 0.7557077625570776 0.0365296803652968 0.0471841704718417
1 0.9299847792998478 0.5312024353120244 0.0365296803652968 0.0395738203957382
1 0.9459665144596652 0.9277016742770168 0.1080669710806697 0.1445966514459665
0 0.6910197869101978 0.1567732115677321 0.091324200913242 0.0639269406392694
0 0.8257229832572298 0.271689497716895 0.0867579908675799 0.0684931506849315
0 0.8203957382039574 0.1582952815829528 0.0700152207001522 0.045662100456621
0 0.6057838660578386 0.21689497716894976 0.0426179604261796 0.0441400304414003
0 0.6552511415525114 0.2404870624048706 0.0410958904109589 0.0517503805175038
0 0.6004566210045662 0.02207001522070015 0.0745814307458143 0.0441400304414003
0 0.4315068493150685 0.19863013698630136 0.0380517503805175 0.0806697108066971
0 0.3706240487062405 0.0684931506849315 0.0776255707762557 0.0547945205479452
0 0.24429223744292236 0.04946727549467275 0.0532724505327245 0.0898021308980213
0 0.08904109589041095 0.0258751902587519 0.0502283105022831 0.0517503805175038
0 0.18340943683409436 0.1232876712328767 0.0471841704718417 0.076103500761035
0 0.2602739726027397 0.20471841704718416 0.060882800608828 0.0715372907153729
0 0.471841704718417 0.0821917808219178 0.0426179604261796 0.0426179604261796
0 0.5060882800608828 0.19101978691019786 0.0441400304414003 0.0532724505327245
0 0.1948249619482496 0.3082191780821918 0.0578386605783866 0.0319634703196347
0 0.06012176560121765 0.2975646879756469 0.0380517503805175 0.0684931506849315
0 0.076103500761035 0.5312024353120244 0.0700152207001522 0.0547945205479452
0 0.3683409436834094 0.5205479452054794 0.0517503805175038 0.0730593607305936
0 0.6149162861491628 0.6856925418569254 0.0578386605783866 0.0593607305936073
0 0.8409436834094368 0.6354642313546424 0.0502283105022831 0.0380517503805175
0 0.7579908675799086 0.6484018264840182 0.0639269406392694 0.045662100456621
0 0.4010654490106545 0.6050228310502284 0.0410958904109589 0.0684931506849315
0 0.365296803652968 0.665144596651446 0.0547945205479452 0.0213089802130898
0 0.4444444444444444 0.6666666666666666 0.0487062404870624 0.0426179604261796
0 0.3820395738203957 0.4307458143074581 0.0365296803652968 0.030441400304414
0 0.5502283105022832 0.3919330289193303 0.0410958904109589 0.0319634703196347
0 0.621765601217656 0.4292237442922374 0.0502283105022831 0.045662100456621
0 0.20167427701674276 0.7321156773211568 0.0380517503805175 0.0578386605783866
0 0.1080669710806697 0.7374429223744292 0.0426179604261796 0.0684931506849315
0 0.19710806697108066 0.8280060882800608 0.0563165905631659 0.0517503805175038
0 0.11796042617960426 0.8721461187214612 0.0502283105022831 0.076103500761035
0 0.0684931506849315 0.8417047184170472 0.0395738203957382 0.0730593607305936
0 0.6423135464231354 0.7557077625570776 0.060882800608828 0.0502283105022831
0 0.9208523592085236 0.3721461187214612 0.0487062404870624 0.0806697108066971
0 0.9277016742770168 0.2389649923896499 0.0593607305936073 0.060882800608828
0 0.8028919330289194 0.9642313546423136 0.0745814307458143 0.0532724505327245
0 0.4863013698630137 0.2785388127853881 0.0289193302891933 0.060882800608828
0 0.3287671232876712 0.2222222222222222 0.0426179604261796 0.0487062404870624