1 0.8729071537290716 0.0791476407914764 0.2541856925418569 0.15220700152207
1 0.9048706240487062 0.2884322678843227 0.1902587519025875 0.2450532724505327
1 0.1415525114155251 0.3987823439878234 0.1917808219178082 0.2222222222222222
1 0.502283105022831 0.2777777777777778 0.1035007610350076 0.2207001522070015
1 0.3721461187214612 0.23972602739726026 0.1263318112633181 0.1567732115677321
1 0.256468797564688 0.23363774733637746 0.1415525114155251 0.1202435312024353
1 0.4398782343987823 0.07534246575342465 0.1856925418569254 0.1506849315068493
1 0.15753424657534246 0.0273972602739726 0.1111111111111111 0.0547945205479452
1 0.2808219178082192 0.07534246575342465 0.1445966514459665 0.1506849315068493
1 0.6506849315068494 0.07686453576864535 0.1506849315068493 0.1385083713850837
3 0.5768645357686454 0.878234398782344 0.3409436834094368 0.2100456621004566
3 0.21993911719939116 0.8858447488584474 0.2541856925418569 0.1582952815829528
3 0.0958904109589041 0.576103500761035 0.1400304414003044 0.1019786910197869