5 0.1278538812785388 0.8533434650455927 0.2557077625570776 0.1778115501519757
5 0.7336377473363774 0.8943768996960486 0.1917808219178082 0.21124620060790272
5 0.9178082191780822 0.8761398176291794 0.1643835616438356 0.24772036474164133
0 0.8698630136986302 0.3252279635258359 0.1445966514459665 0.1337386018237082
5 0.2389649923896499 0.07218844984802432 0.1491628614916286 0.12310030395136778
0 0.2754946727549467 0.28495440729483285 0.1126331811263318 0.10790273556231003
0 0.14383561643835616 0.2986322188449848 0.0837138508371385 0.13221884498480244
0 0.1811263318112633 0.18465045592705168 0.1004566210045662 0.09574468085106383
0 0.669710806697108 0.12537993920972645 0.136986301369863 0.13829787234042554
0 0.4908675799086758 0.11854103343465046 0.1080669710806697 0.11854103343465046
0 0.410958904109589 0.2864741641337386 0.1339421613394216 0.12613981762917933
3 0.4741248097412481 0.8487841945288754 0.3150684931506849 0.135258358662614