5 0.4642313546423135 0.1519756838905775 0.091324200913242 0.0547112462006079
5 0.5837138508371386 0.16489361702127658 0.0867579908675799 0.06534954407294832
5 0.6879756468797564 0.30547112462006076 0.0730593607305936 0.0668693009118541
1 0.3333333333333333 0.5425531914893617 0.2831050228310502 0.2765957446808511
5 0.4634703196347032 0.33282674772036475 0.0898021308980213 0.0729483282674772
5 0.5624048706240488 0.3860182370820669 0.0898021308980213 0.08206686930091185
5 0.560882800608828 0.5022796352583586 0.0745814307458143 0.08662613981762918
5 0.6750380517503806 0.5349544072948328 0.0867579908675799 0.0851063829787234
5 0.5357686453576864 0.7317629179331308 0.0821917808219178 0.07446808510638298
5 0.6613394216133942 0.743161094224924 0.0958904109589041 0.09422492401215805
5 0.5319634703196348 0.8472644376899696 0.0867579908675799 0.07142857142857142
5 0.06012176560121765 0.53419452887538 0.1202435312024353 0.08054711246200608
7 0.0136986301369863 0.648176291793313 0.0273972602739726 0.06534954407294832
5 0.1872146118721461 0.7895136778115501 0.1004566210045662 0.09878419452887538
5 0.7785388127853882 0.19072948328267478 0.1872146118721461 0.1595744680851064
5 0.4406392694063927 0.05167173252279635 0.0989345509893455 0.08814589665653495
5 0.571537290715373 0.05319148936170213 0.1476407914764079 0.09422492401215805
5 0.07382039573820395 0.16185410334346503 0.1263318112633181 0.08054711246200608
5 0.0639269406392694 0.3168693009118541 0.0943683409436834 0.08054711246200608
5 0.07534246575342465 0.41717325227963525 0.1445966514459665 0.09574468085106383
5 0.06621004566210045 0.24468085106382978 0.1263318112633181 0.06990881458966565
5 0.18493150684931506 0.2439209726443769 0.0958904109589041 0.09878419452887538
5 0.04337899543378995 0.8814589665653495 0.0867579908675799 0.0668693009118541
5 0.04794520547945205 0.9650455927051672 0.0928462709284627 0.06990881458966565
5 0.3143074581430746 0.8928571428571429 0.0928462709284627 0.07750759878419453
5 0.1293759512937595 0.878419452887538 0.0700152207001522 0.0668693009118541
5 0.14687975646879756 0.959726443768997 0.0898021308980213 0.06534954407294832
5 0.2176560121765601 0.8898176291793313 0.0852359208523592 0.07142857142857142
5 0.2640791476407915 0.96580547112462 0.1263318112633181 0.05319148936170213
5 0.4208523592085236 0.9460486322188449 0.1232876712328767 0.09878419452887538
2 0.589041095890411 0.9627659574468085 0.15220700152207 0.07446808510638298
5 0.2420091324200913 0.12993920972644377 0.0821917808219178 0.06838905775075987
7 0.21689497716894976 0.03723404255319149 0.3242009132420091 0.07446808510638298
5 0.7115677321156774 0.05015197568389058 0.1111111111111111 0.07598784194528875
5 0.84779299847793 0.05319148936170213 0.1308980213089802 0.09422492401215805
2 0.3546423135464231 0.2621580547112462 0.0547945205479452 0.05015197568389058
3 0.9535768645357686 0.513677811550152 0.0928462709284627 0.9726443768996961
3 0.8599695585996956 0.8009118541033434 0.106544901065449 0.12462006079027356