5 0.6413373860182371 0.09056316590563165 0.19148936170212766 0.1567732115677321
5 0.743161094224924 0.2176560121765601 0.0547112462006079 0.0943683409436834
5 0.8427051671732523 0.23515981735159816 0.10486322188449848 0.1263318112633181
5 0.8145896656534954 0.11796042617960426 0.08206686930091185 0.0806697108066971
5 0.8229483282674772 0.0350076103500761 0.1534954407294833 0.0700152207001522
5 0.9027355623100304 0.12709284627092846 0.08206686930091185 0.0745814307458143
5 0.6261398176291794 0.2343987823439878 0.0425531914893617 0.0669710806697108
5 0.9460486322188449 0.23820395738203956 0.07446808510638298 0.1050228310502283
5 0.43465045592705165 0.319634703196347 0.11550151975683891 0.1035007610350076
7 0.3837386018237082 0.4863013698630137 0.044072948328267476 0.0532724505327245
5 0.47796352583586627 0.4733637747336377 0.05623100303951368 0.106544901065449
5 0.6147416413373861 0.4771689497716895 0.18085106382978725 0.1598173515981735
5 0.7142857142857143 0.6057838660578386 0.05167173252279635 0.0487062404870624
5 0.5433130699088146 0.6689497716894978 0.13829787234042554 0.0958904109589041
5 0.506079027355623 0.7800608828006088 0.0851063829787234 0.0745814307458143
5 0.6306990881458967 0.776255707762557 0.1033434650455927 0.0852359208523592
5 0.6200607902735562 0.9429223744292238 0.23100303951367782 0.1141552511415525
5 0.7218844984802432 0.8508371385083714 0.0547112462006079 0.0578386605783866
5 0.8791793313069909 0.9140030441400304 0.1656534954407295 0.1354642313546423
3 0.9354103343465046 0.6339421613394216 0.12917933130699089 0.2663622526636225
3 0.16109422492401215 0.5 0.3221884498480243 1