5 0.9642313546423136 0.2496194824961948 0.0715372907153729 0.136986301369863
5 0.8668188736681888 0.23059360730593606 0.0989345509893455 0.1415525114155251
5 0.7488584474885844 0.2625570776255708 0.1156773211567732 0.1354642313546423
5 0.2929984779299848 0.08599695585996955 0.0928462709284627 0.1689497716894977
5 0.3828006088280061 0.04033485540334855 0.1019786910197869 0.0776255707762557
5 0.4284627092846271 0.167427701674277 0.1141552511415525 0.1917808219178082
5 0.5441400304414004 0.2039573820395738 0.0958904109589041 0.121765601217656
5 0.5593607305936074 0.0958904109589041 0.1263318112633181 0.0669710806697108
5 0.502283105022831 0.0289193302891933 0.1156773211567732 0.0547945205479452
5 0.7770167427701674 0.12861491628614916 0.0837138508371385 0.1080669710806697
1 0.1963470319634703 0.07686453576864535 0.091324200913242 0.1050228310502283
1 0.07686453576864535 0.03424657534246575 0.1171993911719939 0.0684931506849315