0 0.1838905775075988 0.07142857142857142 0.14285714285714285 0.14285714285714285
0 0.20364741641337386 0.25151975683890576 0.11854103343465046 0.16261398176291794
0 0.29407294832826747 0.16717325227963525 0.11702127659574468 0.1033434650455927
0 0.3343465045592705 0.06838905775075987 0.13069908814589665 0.12158054711246201
0 0.418693009118541 0.32750759878419455 0.13221884498480244 0.15045592705167174
0 0.3890577507598784 0.23100303951367782 0.0851063829787234 0.10638297872340426
0 0.4817629179331307 0.05927051671732523 0.13677811550151975 0.11854103343465046
0 0.5197568389057751 0.1717325227963526 0.1337386018237082 0.1094224924012158
0 0.5524316109422492 0.2887537993920973 0.11094224924012158 0.1276595744680851
0 0.5425531914893617 0.418693009118541 0.1458966565349544 0.11094224924012158
0 0.6846504559270516 0.4726443768996961 0.11398176291793313 0.1337386018237082
0 0.851823708206687 0.49164133738601823 0.1595744680851064 0.1413373860182371
0 0.7112462006079028 0.3161094224924012 0.1702127659574468 0.1884498480243161
0 0.6048632218844985 0.08206686930091185 0.08814589665653495 0.1641337386018237
0 0.708966565349544 0.06458966565349544 0.11702127659574468 0.12917933130699089
0 0.7462006079027356 0.16109422492401215 0.1276595744680851 0.0972644376899696
0 0.8237082066869301 0.05319148936170213 0.11246200607902736 0.10638297872340426
0 0.8898176291793313 0.14969604863221886 0.1413373860182371 0.10486322188449848
0 0.9430091185410334 0.05623100303951368 0.11398176291793313 0.11246200607902736
0 0.9224924012158054 0.2765957446808511 0.1519756838905775 0.14893617021276595
0 0.02811550151975684 0.17933130699088146 0.05623100303951368 0.14285714285714285
3 0.04711246200607903 0.5053191489361702 0.09422492401215805 0.32674772036474165
3 0.15729483282674772 0.4642857142857143 0.30243161094224924 0.18085106382978725