5 0.837386018237082 0.9634703196347032 0.14893617021276595 0.0730593607305936
5 0.6071428571428571 0.936834094368341 0.12006079027355623 0.1263318112633181
5 0.26063829787234044 0.895738203957382 0.13829787234042554 0.1232876712328767
5 0.5113981762917933 0.684931506849315 0.08966565349544073 0.106544901065449
5 0.6299392097264438 0.7092846270928462 0.11398176291793313 0.1308980213089802
5 0.9620060790273556 0.6278538812785388 0.07598784194528875 0.1171993911719939
5 0.6542553191489362 0.5859969558599696 0.13221884498480244 0.106544901065449
5 0.05167173252279635 0.6354642313546424 0.1033434650455927 0.1476407914764079
7 0.028875379939209727 0.7442922374429224 0.0547112462006079 0.0639269406392694
7 0.03343465045592705 0.875951293759513 0.060790273556231005 0.0563165905631659
7 0.05851063829787234 0.806697108066971 0.05927051671732523 0.0426179604261796
7 0.13601823708206687 0.7343987823439878 0.10486322188449848 0.0928462709284627
7 0.1276595744680851 0.634703196347032 0.03343465045592705 0.045662100456621
7 0.22796352583586627 0.6537290715372908 0.11246200607902736 0.0745814307458143
7 0.2074468085106383 0.5517503805175038 0.05927051671732523 0.0563165905631659
7 0.310790273556231 0.13622526636225266 0.08358662613981763 0.0745814307458143
6 0.8100303951367781 0.5692541856925418 0.057750759878419454 0.0334855403348554
7 0.9118541033434651 0.5213089802130898 0.057750759878419454 0.0471841704718417
5 0.9057750759878419 0.24124809741248096 0.0972644376899696 0.1111111111111111
7 0.9779635258358662 0.24277016742770166 0.044072948328267476 0.1050228310502283
5 0.8161094224924013 0.21993911719939116 0.08206686930091185 0.1050228310502283
5 0.925531914893617 0.1080669710806697 0.08206686930091185 0.1248097412480974
5 0.8123100303951368 0.0943683409436834 0.09878419452887538 0.0821917808219178
5 0.6367781155015197 0.20319634703196346 0.2735562310030395 0.3028919330289193
7 0.9475683890577508 0.0167427701674277 0.08966565349544073 0.0334855403348554