1 0.8751902587519026 0.6613394216133942 0.2496194824961948 0.3302891933028919
1 0.7077625570776256 0.8835616438356164 0.2496194824961948 0.1963470319634703
1 0.8797564687975646 0.3546423135464231 0.2404870624048706 0.243531202435312
1 0.8721461187214612 0.17275494672754946 0.2070015220700152 0.1324200913242009
1 0.487062404870624 0.136986301369863 0.1887366818873668 0.243531202435312
1 0.2777777777777778 0.1263318112633181 0.1993911719939117 0.2222222222222222
1 0.0791476407914764 0.11491628614916286 0.1582952815829528 0.2298325722983257
1 0.24277016742770166 0.2990867579908676 0.2024353120243531 0.1506849315068493
1 0.11339421613394216 0.378234398782344 0.2085235920852359 0.2146118721461187
1 0.654490106544901 0.3599695585996956 0.167427701674277 0.1628614916286149
1 0.6643835616438356 0.2009132420091324 0.1933028919330289 0.2009132420091324
1 0.11187214611872145 0.6445966514459666 0.1171993911719939 0.1628614916286149
1 0.09665144596651445 0.971841704718417 0.1567732115677321 0.0563165905631659
5 0.8797564687975646 0.05098934550989345 0.2404870624048706 0.1019786910197869
0 0.4041095890410959 0.4079147640791476 0.0624048706240487 0.0821917808219178
0 0.5136986301369864 0.4322678843226788 0.0745814307458143 0.1004566210045662
0 0.5852359208523592 0.5464231354642314 0.0806697108066971 0.076103500761035
0 0.4741248097412481 0.5662100456621004 0.0898021308980213 0.0639269406392694
0 0.3554033485540335 0.632420091324201 0.0898021308980213 0.0684931506849315
0 0.2777777777777778 0.91324200913242 0.1080669710806697 0.0517503805175038
0 0.2983257229832572 0.7146118721461188 0.0821917808219178 0.0624048706240487
0 0.2899543378995434 0.5753424657534246 0.0776255707762557 0.0578386605783866
0 0.24429223744292236 0.5996955859969558 0.0898021308980213 0.0730593607305936
0 0.3462709284627093 0.4802130898021309 0.1111111111111111 0.0898021308980213
0 0.601978691019787 0.6552511415525114 0.0563165905631659 0.0654490106544901
0 0.4520547945205479 0.7557077625570776 0.0639269406392694 0.0806697108066971
0 0.4147640791476408 0.6727549467275494 0.0624048706240487 0.0487062404870624
0 0.5083713850837138 0.8858447488584474 0.060882800608828 0.0669710806697108
0 0.4140030441400304 0.95662100456621 0.0639269406392694 0.0654490106544901
0 0.3066971080669711 0.8538812785388128 0.0715372907153729 0.060882800608828