5 0.15881458966565348 0.3487841945288754 0.2689969604863222 0.30243161094224924
5 0.5486322188449848 0.12006079027355623 0.11246200607902736 0.1094224924012158
5 0.9316109422492401 0.06838905775075987 0.13677811550151975 0.13677811550151975
5 0.479483282674772 0.22644376899696048 0.08662613981762918 0.08814589665653495
5 0.1094224924012158 0.6762917933130699 0.2188449848024316 0.21580547112462006
5 0.44756838905775076 0.8465045592705167 0.19300911854103345 0.11854103343465046
5 0.6808510638297872 0.2378419452887538 0.11550151975683891 0.08966565349544073
5 0.5653495440729484 0.2735562310030395 0.0790273556231003 0.0911854103343465
5 0.6793313069908815 0.10790273556231003 0.11246200607902736 0.11854103343465046
5 0.7933130699088146 0.14361702127659576 0.08814589665653495 0.08054711246200608
5 0.8320668693009119 0.23860182370820668 0.08662613981762918 0.0668693009118541
5 0.8677811550151976 0.5645896656534954 0.10638297872340426 0.09574468085106383
5 0.8556231003039514 0.3981762917933131 0.11246200607902736 0.08814589665653495
5 0.7006079027355623 0.6299392097264438 0.12462006079027356 0.12310030395136778
5 0.5562310030395137 0.5942249240121581 0.13677811550151975 0.1762917933130699
5 0.7537993920972644 0.7575987841945289 0.10638297872340426 0.09574468085106383
5 0.9620060790273556 0.40501519756838905 0.07598784194528875 0.3662613981762918
5 0.04711246200607903 0.11702127659574468 0.08814589665653495 0.09422492401215805
5 0.4399696048632219 0.5866261398176292 0.10182370820668693 0.1276595744680851
5 0.39285714285714285 0.12234042553191489 0.12006079027355623 0.10182370820668693
5 0.4696048632218845 0.32598784194528874 0.11246200607902736 0.07446808510638298
5 0.13905775075987842 0.028875379939209727 0.2629179331306991 0.0486322188449848
5 0.621580547112462 0.9756838905775076 0.1276595744680851 0.0486322188449848