5 0.6149162861491628 0.1248097412480974 0.121765601217656 0.1004566210045662
5 0.4840182648401826 0.3120243531202435 0.1126331811263318 0.091324200913242
5 0.3622526636225266 0.4315068493150685 0.1035007610350076 0.0624048706240487
5 0.2480974124809741 0.4231354642313546 0.1095890410958904 0.1035007610350076
5 0.1232876712328767 0.4048706240487062 0.1308980213089802 0.1430745814307458
5 0.2496194824961948 0.2770167427701674 0.1156773211567732 0.1126331811263318
5 0.0471841704718417 0.24581430745814306 0.0821917808219178 0.1141552511415525
5 0.1567732115677321 0.1476407914764079 0.106544901065449 0.1156773211567732
5 0.0441400304414003 0.11948249619482496 0.0882800608828006 0.0898021308980213
5 0.16818873668188736 0.0487062404870624 0.1232876712328767 0.0791476407914764
5 0.05859969558599695 0.030441400304414 0.0715372907153729 0.060882800608828
5 0.02815829528158295 0.6415525114155252 0.0563165905631659 0.1080669710806697
5 0.0624048706240487 0.7709284627092846 0.1248097412480974 0.1293759512937595
5 0.07534246575342465 0.9581430745814308 0.0989345509893455 0.0837138508371385
5 0.2024353120243531 0.91324200913242 0.15220700152207 0.1156773211567732
5 0.20015220700152206 0.773972602739726 0.1232876712328767 0.1080669710806697
5 0.1993911719939117 0.654490106544901 0.1339421613394216 0.1248097412480974
5 0.4330289193302892 0.8089802130898022 0.1171993911719939 0.1293759512937595
5 0.4284627092846271 0.943683409436834 0.1415525114155251 0.106544901065449
7 0.4018264840182648 0.6993911719939118 0.045662100456621 0.0380517503805175
7 0.2876712328767123 0.8264840182648402 0.0243531202435312 0.0426179604261796
6 0.3515981735159817 0.8036529680365296 0.0243531202435312 0.0426179604261796
6 0.3051750380517504 0.9596651445966514 0.0380517503805175 0.0258751902587519
6 0.3105022831050228 0.6133942161339422 0.0334855403348554 0.0334855403348554
6 0.07229832572298325 0.556316590563166 0.0410958904109589 0.0410958904109589
6 0.5030441400304414 0.454337899543379 0.0471841704718417 0.0319634703196347
6 0.4824961948249619 0.4140030441400304 0.045662100456621 0.0365296803652968
6 0.15220700152207 0.2846270928462709 0.0334855403348554 0.0426179604261796
7 0.12861491628614916 0.24429223744292236 0.0380517503805175 0.0380517503805175
7 0.3995433789954338 0.121765601217656 0.0350076103500761 0.0334855403348554
7 0.3386605783866058 0.0776255707762557 0.0471841704718417 0.0487062404870624
5 0.9558599695585996 0.1796042617960426 0.0882800608828006 0.1187214611872146
5 0.9581430745814308 0.2975646879756469 0.0837138508371385 0.1171993911719939
5 0.9231354642313546 0.4726027397260274 0.1202435312024353 0.1263318112633181
5 0.9124809741248098 0.6103500761035008 0.1598173515981735 0.1308980213089802
5 0.921613394216134 0.7488584474885844 0.1567732115677321 0.121765601217656
5 0.8789954337899544 0.9170471841704718 0.1963470319634703 0.1659056316590563
3 0.9512937595129376 0.030441400304414 0.0943683409436834 0.060882800608828