5 0.4558599695585997 0.317351598173516 0.1689497716894977 0.1537290715372907
5 0.0989345509893455 0.5799086757990868 0.1948249619482496 0.1613394216133942
5 0.05555555555555555 0.8211567732115678 0.1111111111111111 0.1537290715372907
5 0.05555555555555555 0.4101978691019787 0.1111111111111111 0.1567732115677321
5 0.906392694063927 0.8143074581430746 0.1872146118721461 0.2678843226788432
5 0.9269406392694064 0.4436834094368341 0.1461187214611872 0.2024353120243531
5 0.6719939117199392 0.5898021308980214 0.1476407914764079 0.1476407914764079
5 0.2146118721461187 0.7450532724505328 0.1278538812785388 0.1202435312024353
5 0.4140030441400304 0.771689497716895 0.228310502283105 0.1887366818873668
5 0.3820395738203957 0.5799086757990868 0.182648401826484 0.136986301369863
5 0.2313546423135464 0.395738203957382 0.2009132420091324 0.1765601217656012
5 0.7663622526636226 0.3447488584474886 0.1537290715372907 0.1628614916286149
5 0.6681887366818874 0.9642313546423136 0.1278538812785388 0.0715372907153729
5 0.2054794520547945 0.8858447488584474 0.1643835616438356 0.1156773211567732
5 0.4977168949771689 0.4604261796042618 0.1126331811263318 0.1050228310502283
5 0.4398782343987823 0.939117199391172 0.1917808219178082 0.121765601217656
5 0.9117199391171994 0.22298325722983256 0.136986301369863 0.1537290715372907
3 0.3866057838660578 0.1445966514459665 0.1095890410958904 0.1430745814307458
3 0.1050228310502283 0.228310502283105 0.1126331811263318 0.1278538812785388