0 0.1902587519025875 0.5799086757990868 0.076103500761035 0.1278538812785388
0 0.0517503805175038 0.91324200913242 0.1035007610350076 0.076103500761035
0 0.454337899543379 0.7640791476407914 0.1141552511415525 0.060882800608828
0 0.4832572298325723 0.8211567732115678 0.0837138508371385 0.0471841704718417
0 0.591324200913242 0.908675799086758 0.0837138508371385 0.0821917808219178
0 0.0289193302891933 0.2754946727549467 0.0578386605783866 0.106544901065449
0 0.15753424657534246 0.4406392694063927 0.0593607305936073 0.0441400304414003
0 0.2374429223744292 0.2511415525114155 0.1491628614916286 0.076103500761035
0 0.2511415525114155 0.4756468797564688 0.0974124809741248 0.0837138508371385
0 0.2983257229832572 0.573820395738204 0.121765601217656 0.0974124809741248
0 0.5395738203957382 0.2374429223744292 0.0958904109589041 0.121765601217656
0 0.197869101978691 0.3698630136986301 0.1430745814307458 0.0852359208523592
0 0.317351598173516 0.3470319634703196 0.0898021308980213 0.076103500761035
0 0.3523592085235921 0.4254185692541857 0.1050228310502283 0.0776255707762557
0 0.3622526636225266 0.4946727549467275 0.1187214611872146 0.0547945205479452
0 0.5471841704718418 0.410958904109589 0.1232876712328767 0.0943683409436834
0 0.6308980213089802 0.6126331811263318 0.1050228310502283 0.0837138508371385
0 0.745814307458143 0.6940639269406392 0.1156773211567732 0.0974124809741248
0 0.5806697108066972 0.5144596651445966 0.1628614916286149 0.1004566210045662
0 0.4474885844748858 0.4155251141552511 0.0791476407914764 0.0700152207001522
0 0.4596651445966514 0.5182648401826484 0.0669710806697108 0.0776255707762557
0 0.4337899543378995 0.6111111111111112 0.1156773211567732 0.0867579908675799
0 0.5380517503805176 0.6156773211567732 0.0806697108066971 0.0776255707762557
0 0.5380517503805176 0.700152207001522 0.2754946727549467 0.0578386605783866
0 0.9642313546423136 0.4436834094368341 0.0715372907153729 0.0776255707762557
0 0.9649923896499238 0.5190258751902588 0.0700152207001522 0.0669710806697108
0 0.939117199391172 0.684931506849315 0.121765601217656 0.2161339421613394
0 0.8424657534246576 0.6993911719939118 0.0745814307458143 0.0958904109589041
0 0.7899543378995434 0.8417047184170472 0.0821917808219178 0.0882800608828006
5 0.7526636225266362 0.18340943683409436 0.1506849315068493 0.1111111111111111
5 0.7754946727549468 0.3242009132420091 0.1476407914764079 0.1491628614916286
5 0.6841704718417048 0.423896499238965 0.0928462709284627 0.0776255707762557
5 0.9269406392694064 0.3051750380517504 0.1278538812785388 0.1659056316590563
5 0.8858447488584474 0.03120243531202435 0.1126331811263318 0.0624048706240487
5 0.8561643835616438 0.0974124809741248 0.1019786910197869 0.0547945205479452
5 0.9665144596651446 0.13470319634703196 0.0669710806697108 0.0928462709284627
5 0.9756468797564688 0.0350076103500761 0.0487062404870624 0.0669710806697108
5 0.4223744292237443 0.15905631659056316 0.1385083713850837 0.1598173515981735
5 0.6293759512937596 0.8036529680365296 0.1567732115677321 0.0974124809741248
5 0.7937595129375952 0.5677321156773212 0.1263318112633181 0.1187214611872146