0 0.14383561643835616 0.08358662613981763 0.2694063926940639 0.14893617021276595
0 0.4170471841704718 0.15425531914893617 0.1461187214611872 0.25987841945288753
0 0.136986301369863 0.29027355623100304 0.243531202435312 0.2066869300911854
0 0.317351598173516 0.3343465045592705 0.1019786910197869 0.11246200607902736
0 0.0441400304414003 0.49848024316109424 0.0852359208523592 0.0851063829787234
0 0.04490106544901065 0.7203647416413373 0.0898021308980213 0.20972644376899696
0 0.17732115677321156 0.5881458966565349 0.1689497716894977 0.14893617021276595
0 0.16971080669710806 0.7165653495440729 0.0928462709284627 0.09574468085106383
0 0.17275494672754946 0.4635258358662614 0.1719939117199391 0.11550151975683891
5 0.22146118721461186 0.9262917933130699 0.2998477929984779 0.12917933130699089
7 0.0319634703196347 0.958966565349544 0.060882800608828 0.06990881458966565
5 0.8386605783866058 0.9506079027355623 0.319634703196347 0.09878419452887538
0 0.4649923896499239 0.8351063829787234 0.0745814307458143 0.07750759878419453
5 0.8554033485540334 0.128419452887538 0.0730593607305936 0.07142857142857142
5 0.3310502283105023 0.7720364741641338 0.1506849315068493 0.14893617021276595