1 0.6910197869101978 0.4025875190258752 0.1400304414003044 0.1506849315068493
1 0.7077625570776256 0.5989345509893456 0.1796042617960426 0.2572298325722983
1 0.5639269406392694 0.547945205479452 0.1598173515981735 0.1948249619482496
5 0.0563165905631659 0.2009132420091324 0.1126331811263318 0.0669710806697108
5 0.0213089802130898 0.07838660578386605 0.0426179604261796 0.1567732115677321
5 0.2526636225266362 0.3097412480974125 0.0974124809741248 0.0898021308980213
5 0.20015220700152206 0.454337899543379 0.0928462709284627 0.0593607305936073
5 0.2496194824961948 0.3987823439878234 0.060882800608828 0.0700152207001522
5 0.22298325722983256 0.5136986301369864 0.0776255707762557 0.0502283105022831
5 0.2686453576864536 0.4741248097412481 0.0563165905631659 0.0532724505327245
5 0.03424657534246575 0.7047184170471842 0.0684931506849315 0.1278538812785388
5 0.8394216133942162 0.06773211567732115 0.0837138508371385 0.1232876712328767
5 0.9041095890410958 0.19254185692541856 0.091324200913242 0.0898021308980213
5 0.969558599695586 0.2671232876712329 0.060882800608828 0.1111111111111111
5 0.4604261796042618 0.8234398782343988 0.0958904109589041 0.1126331811263318
5 0.5487062404870624 0.8082191780821918 0.0624048706240487 0.1004566210045662
5 0.3614916286149163 0.8127853881278538 0.0928462709284627 0.076103500761035
5 0.2808219178082192 0.7047184170471842 0.0776255707762557 0.0882800608828006
5 0.1765601217656012 0.8561643835616438 0.1339421613394216 0.0837138508371385
5 0.07077625570776255 0.7899543378995434 0.1202435312024353 0.0791476407914764
5 0.0776255707762557 0.9246575342465754 0.1552511415525114 0.1415525114155251
5 0.2480974124809741 0.958904109589041 0.1643835616438356 0.0821917808219178
5 0.3295281582952816 0.9162861491628614 0.1719939117199391 0.091324200913242
5 0.441400304414003 0.4992389649923896 0.0852359208523592 0.1491628614916286
5 0.4824961948249619 0.3706240487062405 0.1461187214611872 0.1202435312024353
5 0.3576864535768645 0.4178082191780822 0.0882800608828006 0.0989345509893455
5 0.15601217656012176 0.3599695585996956 0.1141552511415525 0.1202435312024353
5 0.1567732115677321 0.19558599695585996 0.091324200913242 0.0928462709284627
5 0.09512937595129375 0.08295281582952815 0.0898021308980213 0.1628614916286149
5 0.20776255707762556 0.05251141552511415 0.0867579908675799 0.1050228310502283
5 0.3455098934550989 0.06316590563165905 0.1004566210045662 0.0989345509893455
5 0.2503805175038052 0.18036529680365296 0.0867579908675799 0.1050228310502283
5 0.9429223744292238 0.0654490106544901 0.0806697108066971 0.076103500761035
5 0.9771689497716894 0.15220700152207 0.045662100456621 0.0578386605783866