5 0.8546423135464232 0.0852359208523592 0.2815829528158295 0.1704718417047184
5 0.895738203957382 0.2678843226788432 0.2085235920852359 0.2039573820395738
5 0.9254185692541856 0.58675799086758 0.1491628614916286 0.2541856925418569
5 0.7884322678843226 0.9147640791476408 0.2009132420091324 0.1704718417047184
5 0.3386605783866058 0.4946727549467275 0.1689497716894977 0.1704718417047184
5 0.3964992389649924 0.697869101978691 0.1476407914764079 0.1933028919330289
5 0.2815829528158295 0.8881278538812786 0.2343987823439878 0.2237442922374429
5 0.512937595129376 0.8964992389649924 0.1491628614916286 0.167427701674277
5 0.0837138508371385 0.8660578386605784 0.167427701674277 0.1643835616438356
5 0.15144596651445966 0.6027397260273972 0.3028919330289193 0.3439878234398782
5 0.5844748858447488 0.317351598173516 0.1582952815829528 0.1202435312024353
5 0.4117199391171994 0.3683409436834094 0.1598173515981735 0.121765601217656
5 0.558599695585997 0.7382039573820396 0.167427701674277 0.1248097412480974
5 0.5989345509893456 0.5213089802130898 0.2785388127853881 0.2511415525114155