1 0.3614916286149163 0.07838660578386605 0.2998477929984779 0.1567732115677321
5 0.0791476407914764 0.6689497716894978 0.1552511415525114 0.4003044140030441
5 0.3964992389649924 0.9079147640791476 0.3059360730593607 0.1780821917808219
1 0.9254185692541856 0.7351598173515982 0.1491628614916286 0.1948249619482496
1 0.9200913242009132 0.5007610350076104 0.1598173515981735 0.228310502283105
5 0.9101978691019786 0.24885844748858446 0.1796042617960426 0.2267884322678843
0 0.1263318112633181 0.23059360730593606 0.1278538812785388 0.1445966514459665
0 0.091324200913242 0.3964992389649924 0.1461187214611872 0.1354642313546423
0 0.2792998477929985 0.3515981735159817 0.1841704718417047 0.1461187214611872
0 0.4208523592085236 0.2298325722983257 0.1506849315068493 0.1491628614916286
0 0.2633181126331811 0.2161339421613394 0.1461187214611872 0.106544901065449
0 0.06621004566210045 0.0745814307458143 0.1324200913242009 0.1491628614916286
0 0.6834094368340944 0.4672754946727549 0.1613394216133942 0.1765601217656012
0 0.6742770167427702 0.1050228310502283 0.1308980213089802 0.106544901065449
0 0.5859969558599696 0.2176560121765601 0.1339421613394216 0.1339421613394216
0 0.3812785388127854 0.5654490106544902 0.1476407914764079 0.1567732115677321