5 0.334855403348554 0.05555555555555555 0.1704718417047184 0.1111111111111111
5 0.0289193302891933 0.1917808219178082 0.0578386605783866 0.0852359208523592
5 0.121765601217656 0.1719939117199391 0.0974124809741248 0.0882800608828006
5 0.19406392694063926 0.0989345509893455 0.0745814307458143 0.0943683409436834
5 0.1856925418569254 0.0213089802130898 0.1248097412480974 0.0426179604261796
5 0.0654490106544901 0.0593607305936073 0.1308980213089802 0.1004566210045662
5 0.03120243531202435 0.7960426179604262 0.0624048706240487 0.0882800608828006
5 0.0289193302891933 0.7054794520547946 0.0578386605783866 0.0684931506849315
5 0.04033485540334855 0.6141552511415526 0.0806697108066971 0.0928462709284627
5 0.04642313546423135 0.926179604261796 0.0928462709284627 0.1476407914764079
5 0.5007610350076104 0.060882800608828 0.106544901065449 0.121765601217656
5 0.2602739726027397 0.6681887366818874 0.0852359208523592 0.0791476407914764
5 0.3531202435312024 0.5905631659056316 0.0791476407914764 0.076103500761035
5 0.4162861491628615 0.5136986301369864 0.1354642313546423 0.1171993911719939
1 0.3980213089802131 0.7070015220700152 0.0989345509893455 0.1050228310502283
5 0.4383561643835616 0.6103500761035008 0.076103500761035 0.0852359208523592
5 0.045662100456621 0.4216133942161339 0.091324200913242 0.106544901065449
5 0.0289193302891933 0.532724505327245 0.0578386605783866 0.1126331811263318
5 0.1872146118721461 0.7595129375951294 0.0943683409436834 0.1187214611872146
5 0.1248097412480974 0.6468797564687976 0.0730593607305936 0.0547945205479452
5 0.21537290715372906 0.9619482496194824 0.1080669710806697 0.076103500761035
1 0.6415525114155252 0.7990867579908676 0.1415525114155251 0.1308980213089802
1 0.289193302891933 0.258751902587519 0.1278538812785388 0.0821917808219178
5 0.2815829528158295 0.4444444444444444 0.1187214611872146 0.0639269406392694
1 0.2633181126331811 0.3744292237442922 0.1126331811263318 0.0700152207001522
1 0.1567732115677321 0.3409436834094368 0.0852359208523592 0.0821917808219178
1 0.3363774733637747 0.8706240487062404 0.091324200913242 0.1035007610350076
5 0.3485540334855403 0.9794520547945206 0.0730593607305936 0.0410958904109589
1 0.4018264840182648 0.910958904109589 0.0852359208523592 0.0715372907153729
1 0.515220700152207 0.895738203957382 0.0806697108066971 0.0898021308980213
1 0.469558599695586 0.8188736681887366 0.0928462709284627 0.076103500761035
1 0.6407914764079148 0.6423135464231354 0.0700152207001522 0.0791476407914764
1 0.5121765601217656 0.6484018264840182 0.0776255707762557 0.091324200913242
1 0.6811263318112634 0.9794520547945206 0.0745814307458143 0.0410958904109589
1 0.558599695585997 0.9786910197869102 0.076103500761035 0.0426179604261796
1 0.4337899543378995 0.9794520547945206 0.060882800608828 0.0410958904109589
5 0.4094368340943683 0.3949771689497717 0.1339421613394216 0.1050228310502283
5 0.0806697108066971 0.525875190258752 0.0547945205479452 0.1202435312024353
5 0.15449010654490106 0.4482496194824962 0.0684931506849315 0.0989345509893455
5 0.21080669710806696 0.5692541856925418 0.0715372907153729 0.0547945205479452
5 0.2831050228310502 0.5487062404870624 0.0943683409436834 0.0745814307458143
5 0.11643835616438356 0.2770167427701674 0.1171993911719939 0.0578386605783866
3 0.6377473363774734 0.4162861491628615 0.1248097412480974 0.2694063926940639