0 0.17427701674277016 0.08295281582952815 0.2115677321156773 0.1324200913242009
0 0.1050228310502283 0.2899543378995434 0.1461187214611872 0.2389649923896499
5 0.7442922374429224 0.9383561643835616 0.2191780821917808 0.1232876712328767
5 0.18493150684931506 0.8508371385083714 0.3698630136986301 0.2983257229832572
5 0.2519025875190259 0.3987823439878234 0.1415525114155251 0.2709284627092846
5 0.3926940639269406 0.6225266362252664 0.213089802130898 0.1491628614916286
5 0.525875190258752 0.8493150684931506 0.2176560121765601 0.2374429223744292
7 0.4216133942161339 0.0547945205479452 0.0882800608828006 0.0974124809741248
7 0.332572298325723 0.0715372907153729 0.0745814307458143 0.0882800608828006
7 0.5852359208523592 0.04490106544901065 0.1506849315068493 0.0898021308980213
7 0.8028919330289194 0.0471841704718417 0.2146118721461187 0.0882800608828006