5 0.1735159817351598 0.091324200913242 0.258751902587519 0.182648401826484
5 0.15449010654490106 0.3165905631659056 0.2633181126331811 0.258751902587519
5 0.1491628614916286 0.5273972602739726 0.2374429223744292 0.1993911719939117
5 0.5380517503805176 0.8531202435312024 0.2237442922374429 0.2937595129375951
5 0.7359208523592086 0.906392694063927 0.1902587519025875 0.1719939117199391
5 0.22146118721461186 0.771689497716895 0.2267884322678843 0.2709284627092846
5 0.8789954337899544 0.182648401826484 0.2267884322678843 0.289193302891933
5 0.6735159817351598 0.621765601217656 0.1354642313546423 0.1385083713850837
5 0.9535768645357686 0.5791476407914764 0.0928462709284627 0.1171993911719939
5 0.6719939117199392 0.228310502283105 0.1537290715372907 0.1856925418569254
5 0.4573820395738204 0.15449010654490106 0.2207001522070015 0.2389649923896499
5 0.5875190258751902 0.5235920852359208 0.1339421613394216 0.1308980213089802
5 0.8546423135464232 0.4505327245053272 0.2146118721461187 0.1796042617960426
5 0.4832572298325723 0.3881278538812785 0.0958904109589041 0.1095890410958904
5 0.4041095890410959 0.6050228310502284 0.1811263318112633 0.1902587519025875
5 0.20471841704718416 0.9254185692541856 0.2054794520547945 0.1461187214611872