7 0.6603343465045592 0.2648401826484018 0.07750759878419453 0.0700152207001522
7 0.6572948328267477 0.4292237442922374 0.05015197568389058 0.0487062404870624
7 0.6998480243161094 0.3789954337899543 0.06231003039513678 0.0578386605783866
7 0.7188449848024316 0.4345509893455099 0.060790273556231005 0.0532724505327245
7 0.9764437689969605 0.17579908675799086 0.04711246200607903 0.0441400304414003
7 0.9764437689969605 0.1263318112633181 0.04711246200607903 0.0395738203957382
7 0.9285714285714286 0.13013698630136986 0.0547112462006079 0.0441400304414003
7 0.6033434650455927 0.0700152207001522 0.06990881458966565 0.0578386605783866
7 0.2454407294832827 0.1476407914764079 0.07142857142857142 0.0517503805175038
7 0.3069908814589666 0.19710806697108066 0.0547112462006079 0.0684931506849315
7 0.24772036474164133 0.3310502283105023 0.06382978723404255 0.0441400304414003
7 0.2454407294832827 0.395738203957382 0.07446808510638298 0.0547945205479452
7 0.3434650455927052 0.4596651445966514 0.060790273556231005 0.0639269406392694
7 0.45972644376899696 0.3926940639269406 0.05015197568389058 0.0669710806697108
7 0.5189969604863222 0.4436834094368341 0.04711246200607903 0.0715372907153729
7 0.5957446808510638 0.4452054794520548 0.0486322188449848 0.0532724505327245
7 0.6124620060790273 0.3843226788432268 0.0486322188449848 0.0684931506849315
7 0.5569908814589666 0.3614916286149163 0.05623100303951368 0.0806697108066971
7 0.11398176291793313 0.4140030441400304 0.057750759878419454 0.076103500761035
7 0.12386018237082067 0.4931506849315068 0.06838905775075987 0.0395738203957382
7 0.03723404255319149 0.3995433789954338 0.05623100303951368 0.0532724505327245
7 0.1899696048632219 0.2937595129375951 0.06382978723404255 0.0700152207001522
7 0.5653495440729484 0.2389649923896499 0.057750759878419454 0.0547945205479452
7 0.5524316109422492 0.667427701674277 0.05927051671732523 0.0563165905631659
7 0.418693009118541 0.6567732115677322 0.06534954407294832 0.0410958904109589
7 0.9027355623100304 0.4041095890410959 0.0668693009118541 0.0532724505327245
6 0.7241641337386018 0.14383561643835616 0.034954407294832825 0.0410958904109589
7 0.7697568389057751 0.11339421613394216 0.04711246200607903 0.0624048706240487
7 0.6907294832826748 0.03272450532724505 0.05623100303951368 0.0654490106544901
7 0.9232522796352584 0.07382039573820395 0.05623100303951368 0.0593607305936073
7 0.9696048632218845 0.3226788432267884 0.060790273556231005 0.0578386605783866
7 0.8609422492401215 0.1856925418569254 0.041033434650455926 0.060882800608828
7 0.5623100303951368 0.1796042617960426 0.08206686930091185 0.030441400304414
6 0.30547112462006076 0.4079147640791476 0.0243161094224924 0.0213089802130898
6 0.324468085106383 0.3881278538812785 0.025835866261398176 0.0273972602739726
7 0.3670212765957447 0.3904109589041096 0.037993920972644375 0.0532724505327245
7 0.3738601823708207 0.2503805175038052 0.0547112462006079 0.0715372907153729
7 0.04635258358662614 0.5669710806697108 0.05015197568389058 0.0563165905631659
7 0.06003039513677812 0.4863013698630137 0.05623100303951368 0.0715372907153729
3 0.20212765957446807 0.8546423135464232 0.40425531914893614 0.2328767123287671
7 0.32066869300911854 0.6796042617960426 0.04559270516717325 0.0684931506849315
7 0.5980243161094225 0.12404870624048706 0.06838905775075987 0.0410958904109589
6 0.33890577507598785 0.106544901065449 0.03343465045592705 0.0243531202435312
6 0.03571428571428571 0.19558599695585996 0.028875379939209727 0.0228310502283105
6 0.12689969604863222 0.2496194824961948 0.028875379939209727 0.0273972602739726
6 0.1413373860182371 0.2960426179604262 0.02735562310030395 0.0258751902587519
6 0.2712765957446808 0.5045662100456622 0.025835866261398176 0.0319634703196347
6 0.4513677811550152 0.5532724505327246 0.0243161094224924 0.0289193302891933
6 0.5455927051671733 0.604261796042618 0.015197568389057751 0.0213089802130898
6 0.5782674772036475 0.58675799086758 0.019756838905775075 0.0289193302891933
6 0.6512158054711246 0.6438356164383562 0.016717325227963525 0.0213089802130898
6 0.6550151975683891 0.5791476407914764 0.030395136778115502 0.0410958904109589
6 0.21580547112462006 0.667427701674277 0.02735562310030395 0.0258751902587519
6 0.21428571428571427 0.6316590563165906 0.0243161094224924 0.0334855403348554
6 0.2560790273556231 0.621765601217656 0.028875379939209727 0.0258751902587519
6 0.34802431610942247 0.5806697108066972 0.0182370820668693 0.0197869101978691
6 0.3905775075987842 0.5639269406392694 0.0121580547112462 0.0136986301369863
6 0.41185410334346506 0.4429223744292237 0.02127659574468085 0.0213089802130898
6 0.16793313069908813 0.4520547945205479 0.016717325227963525 0.0182648401826484
7 0.0980243161094225 0.3340943683409437 0.05319148936170213 0.0471841704718417
7 0.23860182370820668 0.24277016742770166 0.04559270516717325 0.0471841704718417
7 0.4065349544072948 0.3554033485540335 0.031914893617021274 0.0502283105022831
7 0.48328267477203646 0.3432267884322679 0.0486322188449848 0.0502283105022831
6 0.78419452887538 0.2610350076103501 0.030395136778115502 0.0350076103500761
6 0.8844984802431611 0.3561643835616438 0.03343465045592705 0.0243531202435312
6 0.8123100303951368 0.393455098934551 0.016717325227963525 0.0228310502283105
6 0.8214285714285714 0.4459665144596651 0.019756838905775075 0.0213089802130898
6 0.8738601823708206 0.4977168949771689 0.02127659574468085 0.0243531202435312
6 0.71580547112462 0.2222222222222222 0.030395136778115502 0.0334855403348554
6 0.6238601823708206 0.197869101978691 0.022796352583586626 0.0273972602739726
6 0.6314589665653495 0.1552511415525114 0.031914893617021274 0.0334855403348554
6 0.8335866261398176 0.1278538812785388 0.025835866261398176 0.0334855403348554
6 0.7758358662613982 0.0334855403348554 0.019756838905775075 0.0243531202435312
6 0.817629179331307 0.06621004566210045 0.0182370820668693 0.0228310502283105
3 0.8252279635258358 0.7351598173515982 0.21580547112462006 0.1156773211567732