5 0.878234398782344 0.1354642313546423 0.243531202435312 0.2252663622526636
5 0.9467275494672754 0.9185692541856926 0.106544901065449 0.1628614916286149
5 0.7024353120243532 0.6111111111111112 0.1963470319634703 0.1902587519025875
5 0.22146118721461186 0.6818873668188736 0.2602739726027397 0.3318112633181126
5 0.05555555555555555 0.8820395738203958 0.1111111111111111 0.1750380517503805
5 0.19254185692541856 0.939117199391172 0.1354642313546423 0.121765601217656
5 0.0441400304414003 0.589041095890411 0.0821917808219178 0.2343987823439878
5 0.365296803652968 0.4512937595129376 0.1582952815829528 0.2907153729071537
5 0.05555555555555555 0.1948249619482496 0.1111111111111111 0.3531202435312024
5 0.19863013698630136 0.23820395738203956 0.1354642313546423 0.1415525114155251
5 0.1993911719939117 0.3987823439878234 0.1491628614916286 0.1461187214611872
5 0.3356164383561644 0.23515981735159816 0.1263318112633181 0.1202435312024353
5 0.2503805175038052 0.07382039573820395 0.2024353120243531 0.1476407914764079
5 0.6316590563165906 0.11796042617960426 0.2465753424657534 0.2359208523592085
5 0.7092846270928462 0.4216133942161339 0.0943683409436834 0.1126331811263318
5 0.7313546423135464 0.8485540334855404 0.1933028919330289 0.1963470319634703
5 0.4307458143074581 0.8242009132420092 0.1461187214611872 0.1719939117199391
5 0.4703196347031963 0.6407914764079148 0.1308980213089802 0.1308980213089802
5 0.563165905631659 0.7473363774733638 0.1278538812785388 0.1491628614916286
5 0.8888888888888888 0.5776255707762558 0.2222222222222222 0.1963470319634703
5 0.893455098934551 0.3675799086757991 0.213089802130898 0.2054794520547945