5 0.6445966514459666 0.13622526636225266 0.2176560121765601 0.2237442922374429
5 0.12861491628614916 0.06316590563165905 0.2541856925418569 0.1232876712328767
5 0.9680365296803652 0.7207001522070016 0.0639269406392694 0.1141552511415525
5 0.3158295281582953 0.9246575342465754 0.1415525114155251 0.1506849315068493
5 0.18797564687975646 0.936834094368341 0.1202435312024353 0.1263318112633181
5 0.0654490106544901 0.9550989345509894 0.1278538812785388 0.0898021308980213
5 0.6856925418569254 0.7960426179604262 0.1171993911719939 0.1552511415525114
5 0.7092846270928462 0.9398782343987824 0.106544901065449 0.1202435312024353
5 0.8028919330289194 0.8858447488584474 0.0928462709284627 0.0730593607305936
5 0.806697108066971 0.7770167427701674 0.121765601217656 0.1506849315068493
5 0.9299847792998478 0.8546423135464232 0.0974124809741248 0.1841704718417047
5 0.8820395738203958 0.9855403348554034 0.2359208523592085 0.0289193302891933
5 0.5799086757990868 0.8698630136986302 0.1461187214611872 0.2572298325722983
5 0.4497716894977169 0.9550989345509894 0.0989345509893455 0.0837138508371385
5 0.9627092846270928 0.5235920852359208 0.0745814307458143 0.1430745814307458
5 0.9535768645357686 0.6232876712328768 0.0928462709284627 0.0654490106544901
5 0.8363774733637748 0.6461187214611872 0.1780821917808219 0.1841704718417047