0 0.0441400304414003 0.6202435312024354 0.0578386605783866 0.0928462709284627
0 0.1171993911719939 0.5624048706240488 0.0791476407914764 0.0837138508371385
0 0.21841704718417046 0.5220700152207002 0.0837138508371385 0.0882800608828006
0 0.07838660578386605 0.7161339421613394 0.0684931506849315 0.0624048706240487
0 0.0213089802130898 0.6872146118721462 0.0365296803652968 0.0624048706240487
0 0.076103500761035 0.8721461187214612 0.0487062404870624 0.0882800608828006
0 0.02663622526636225 0.8721461187214612 0.0502283105022831 0.1035007610350076
0 0.2085235920852359 0.8120243531202436 0.1187214611872146 0.0715372907153729
0 0.3135464231354642 0.7678843226788432 0.045662100456621 0.0806697108066971
0 0.4216133942161339 0.834855403348554 0.1095890410958904 0.0684931506849315
3 0.7024353120243532 0.8744292237442922 0.589041095890411 0.2511415525114155
0 0.4398782343987823 0.769406392694064 0.0852359208523592 0.0837138508371385
0 0.6727549467275494 0.6841704718417048 0.0791476407914764 0.0745814307458143
0 0.4939117199391172 0.5646879756468798 0.0563165905631659 0.0730593607305936
0 0.5806697108066972 0.6719939117199392 0.0715372907153729 0.0654490106544901
0 0.4817351598173516 0.6331811263318112 0.0806697108066971 0.0639269406392694
0 0.4132420091324201 0.669710806697108 0.0684931506849315 0.0700152207001522
0 0.3995433789954338 0.6362252663622526 0.0593607305936073 0.0334855403348554
0 0.3675799086757991 0.7382039573820396 0.0563165905631659 0.091324200913242
0 0.5144596651445966 0.7070015220700152 0.1095890410958904 0.0776255707762557
0 0.6506849315068494 0.560882800608828 0.1963470319634703 0.1476407914764079
0 0.69558599695586 0.3257229832572298 0.0547945205479452 0.0882800608828006
0 0.7617960426179604 0.3409436834094368 0.0624048706240487 0.0730593607305936
0 0.8820395738203958 0.3904109589041096 0.0410958904109589 0.0410958904109589
0 0.8280060882800608 0.4124809741248097 0.060882800608828 0.1035007610350076
0 0.6484018264840182 0.3508371385083714 0.0517503805175038 0.0532724505327245
0 0.680365296803653 0.4421613394216134 0.1187214611872146 0.1202435312024353
0 0.7648401826484018 0.4809741248097412 0.0867579908675799 0.0700152207001522
0 0.4832572298325723 0.4809741248097412 0.0928462709284627 0.1004566210045662
0 0.3028919330289193 0.5996955859969558 0.1095890410958904 0.167427701674277
0 0.3850837138508371 0.5547945205479452 0.0852359208523592 0.1354642313546423
0 0.1811263318112633 0.6415525114155252 0.1004566210045662 0.1111111111111111
0 0.0989345509893455 0.6598173515981736 0.0730593607305936 0.0715372907153729
0 0.24429223744292236 0.7313546423135464 0.0776255707762557 0.0563165905631659
0 0.02054794520547945 0.9657534246575342 0.0350076103500761 0.0684931506849315
5 0.14383561643835616 0.11339421613394216 0.1385083713850837 0.1324200913242009
5 0.030441400304414 0.4003044140030441 0.060882800608828 0.3409436834094368
5 0.3105022831050228 0.4117199391171994 0.2009132420091324 0.1324200913242009
0 0.515220700152207 0.06773211567732115 0.1506849315068493 0.1263318112633181
5 0.02815829528158295 0.1035007610350076 0.0532724505327245 0.2039573820395738