5 0.1187214611872146 0.3759512937595129 0.1917808219178082 0.2465753424657534
5 0.5464231354642314 0.7831050228310502 0.213089802130898 0.2298325722983257
5 0.832572298325723 0.2899543378995434 0.334855403348554 0.1993911719939117
7 0.9467275494672754 0.8097412480974124 0.106544901065449 0.1339421613394216
7 0.11643835616438356 0.7800608828006088 0.0776255707762557 0.0806697108066971
5 0.8165905631659056 0.832572298325723 0.0654490106544901 0.0821917808219178
5 0.8226788432267884 0.5380517503805176 0.1476407914764079 0.2146118721461187
5 0.684931506849315 0.60882800608828 0.1308980213089802 0.1126331811263318
5 0.665144596651446 0.4634703196347032 0.1430745814307458 0.1354642313546423
7 0.5030441400304414 0.3888888888888889 0.1171993911719939 0.1019786910197869
7 0.5350076103500762 0.5205479452054794 0.1141552511415525 0.1156773211567732
7 0.3493150684931507 0.5 0.1019786910197869 0.1202435312024353
7 0.2762557077625571 0.6354642313546424 0.1050228310502283 0.0867579908675799
7 0.22298325722983256 0.8013698630136986 0.1111111111111111 0.1111111111111111
7 0.3554033485540335 0.7968036529680366 0.0867579908675799 0.0806697108066971