0 0.0258751902587519 0.04033485540334855 0.0517503805175038 0.0806697108066971
0 0.9193302891933028 0.4863013698630137 0.1035007610350076 0.0593607305936073
0 0.943683409436834 0.525875190258752 0.0943683409436834 0.0593607305936073
0 0.9056316590563166 0.697869101978691 0.0882800608828006 0.0684931506849315
0 0.8843226788432268 0.6385083713850838 0.1004566210045662 0.0654490106544901
0 0.9634703196347032 0.6407914764079148 0.0730593607305936 0.1095890410958904
0 0.22450532724505326 0.601978691019787 0.0502283105022831 0.0502283105022831
0 0.15601217656012176 0.6917808219178082 0.0502283105022831 0.0410958904109589
0 0.22298325722983256 0.723744292237443 0.1385083713850837 0.0806697108066971
0 0.19863013698630136 0.7800608828006088 0.1111111111111111 0.1171993911719939
0 0.0821917808219178 0.7031963470319634 0.060882800608828 0.0791476407914764
0 0.030441400304414 0.7328767123287672 0.060882800608828 0.0745814307458143
0 0.0380517503805175 0.8767123287671232 0.076103500761035 0.1308980213089802
0 0.0532724505327245 0.8356164383561644 0.060882800608828 0.076103500761035
0 0.0593607305936073 0.7747336377473364 0.0730593607305936 0.0700152207001522
0 0.12557077625570776 0.8226788432267884 0.0532724505327245 0.0745814307458143
5 0.182648401826484 0.0532724505327245 0.1461187214611872 0.106544901065449
5 0.525875190258752 0.12557077625570776 0.2054794520547945 0.1719939117199391
5 0.18797564687975646 0.17884322678843226 0.1445966514459665 0.1171993911719939
5 0.0563165905631659 0.1430745814307458 0.1126331811263318 0.091324200913242
5 0.0243531202435312 0.2671232876712329 0.0487062404870624 0.1476407914764079
5 0.2511415525114155 0.3333333333333333 0.1278538812785388 0.121765601217656
5 0.2815829528158295 0.2420091324200913 0.106544901065449 0.0821917808219178
5 0.1354642313546423 0.2975646879756469 0.0974124809741248 0.1141552511415525
1 0.17884322678843226 0.4528158295281583 0.1202435312024353 0.0928462709284627
1 0.3135464231354642 0.4482496194824962 0.1095890410958904 0.1080669710806697
1 0.745814307458143 0.16666666666666666 0.1461187214611872 0.0898021308980213
1 0.6681887366818874 0.2511415525114155 0.0943683409436834 0.0943683409436834
1 0.6103500761035008 0.3013698630136986 0.0730593607305936 0.0821917808219178
1 0.4893455098934551 0.3546423135464231 0.0806697108066971 0.0578386605783866
1 0.5920852359208524 0.4284627092846271 0.1004566210045662 0.0745814307458143
1 0.5418569254185692 0.4992389649923896 0.0974124809741248 0.0943683409436834
1 0.7480974124809742 0.9079147640791476 0.0989345509893455 0.0745814307458143
1 0.5517503805175038 0.9680365296803652 0.1080669710806697 0.0639269406392694