5 0.5030441400304414 0.11398176291793313 0.1872146118721461 0.16717325227963525
5 0.8972602739726028 0.0972644376899696 0.2024353120243531 0.17933130699088146
5 0.9315068493150684 0.2553191489361702 0.136986301369863 0.20972644376899696
5 0.487062404870624 0.790273556231003 0.2222222222222222 0.18541033434650456
5 0.6270928462709284 0.6413373860182371 0.1400304414003044 0.1519756838905775
5 0.7777777777777778 0.5516717325227963 0.1613394216133942 0.1580547112462006
5 0.6986301369863014 0.4696048632218845 0.1704718417047184 0.1580547112462006
5 0.6986301369863014 0.06610942249240122 0.1796042617960426 0.13221884498480244
5 0.1385083713850837 0.5699088145896657 0.2770167427701674 0.20972644376899696
5 0.4360730593607306 0.5045592705167173 0.2815829528158295 0.24620060790273557
5 0.21993911719939116 0.3655015197568389 0.2024353120243531 0.19908814589665655
5 0.21689497716894976 0.19376899696048633 0.1354642313546423 0.12917933130699089
5 0.0639269406392694 0.310790273556231 0.1095890410958904 0.22948328267477203
5 0.0715372907153729 0.1398176291793313 0.1187214611872146 0.1033434650455927
5 0.0532724505327245 0.037993920972644375 0.106544901065449 0.07598784194528875
5 0.20319634703196346 0.06382978723404255 0.1445966514459665 0.12158054711246201
5 0.3980213089802131 0.270516717325228 0.1811263318112633 0.1580547112462006
5 0.662861491628615 0.25759878419452886 0.2176560121765601 0.22948328267477203