1 0.5928462709284628 0.9680365296803652 0.1750380517503805 0.0639269406392694
1 0.8584474885844748 0.8926940639269406 0.106544901065449 0.0715372907153729
1 0.837138508371385 0.9642313546423136 0.1704718417047184 0.0715372907153729
1 0.974124809741248 0.8850837138508372 0.0517503805175038 0.1689497716894977
5 0.8340943683409436 0.2222222222222222 0.1796042617960426 0.1248097412480974
5 0.395738203957382 0.3789954337899543 0.2100456621004566 0.182648401826484
5 0.3515981735159817 0.5182648401826484 0.0943683409436834 0.0776255707762557
5 0.4140030441400304 0.5700152207001522 0.1035007610350076 0.1080669710806697
5 0.5532724505327246 0.517503805175038 0.1050228310502283 0.1035007610350076
5 0.6111111111111112 0.3417047184170472 0.2054794520547945 0.1324200913242009
5 0.6689497716894978 0.4474885844748858 0.1263318112633181 0.1004566210045662
5 0.8378995433789954 0.3637747336377473 0.1415525114155251 0.1339421613394216
5 0.7214611872146118 0.1095890410958904 0.1248097412480974 0.1308980213089802
5 0.6438356164383562 0.2610350076103501 0.1613394216133942 0.0989345509893455
5 0.5471841704718418 0.182648401826484 0.1659056316590563 0.1035007610350076
5 0.852359208523592 0.1141552511415525 0.1248097412480974 0.1156773211567732
5 0.943683409436834 0.1917808219178082 0.0852359208523592 0.1126331811263318
5 0.910958904109589 0.3143074581430746 0.0624048706240487 0.0837138508371385
5 0.9596651445966514 0.3508371385083714 0.0806697108066971 0.0654490106544901