5 0.04642313546423135 0.06164383561643835 0.0928462709284627 0.1232876712328767
5 0.17275494672754946 0.0745814307458143 0.1354642313546423 0.1491628614916286
1 0.2115677321156773 0.2115677321156773 0.0974124809741248 0.1126331811263318
1 0.1293759512937595 0.2549467275494673 0.0639269406392694 0.0745814307458143
1 0.0441400304414003 0.3097412480974125 0.0882800608828006 0.0958904109589041
1 0.18493150684931506 0.30441400304414 0.0837138508371385 0.076103500761035
1 0.4923896499238965 0.18645357686453576 0.0928462709284627 0.0715372907153729
1 0.3333333333333333 0.1719939117199391 0.0821917808219178 0.0730593607305936
1 0.8660578386605784 0.0319634703196347 0.121765601217656 0.0639269406392694
1 0.7838660578386606 0.1613394216133942 0.121765601217656 0.091324200913242
1 0.6659056316590564 0.20471841704718416 0.0898021308980213 0.0563165905631659
7 0.06621004566210045 0.9733637747336378 0.1324200913242009 0.0532724505327245
1 0.2617960426179604 0.9444444444444444 0.1035007610350076 0.1111111111111111
1 0.410958904109589 0.9200913242009132 0.1613394216133942 0.1598173515981735
1 0.6095890410958904 0.939117199391172 0.1811263318112633 0.121765601217656
1 0.6377473363774734 0.8211567732115678 0.136986301369863 0.1628614916286149
1 0.4908675799086758 0.7792998477929984 0.1263318112633181 0.1339421613394216
1 0.969558599695586 0.6925418569254186 0.060882800608828 0.1004566210045662