0 0.9048706240487062 0.525875190258752 0.0958904109589041 0.0898021308980213
0 0.8789954337899544 0.6126331811263318 0.0806697108066971 0.0410958904109589
0 0.9193302891933028 0.6856925418569254 0.0578386605783866 0.0471841704718417
0 0.604261796042618 0.6164383561643836 0.0791476407914764 0.0669710806697108
0 0.4802130898021309 0.7374429223744292 0.1750380517503805 0.0624048706240487
0 0.4124809741248097 0.6164383561643836 0.0578386605783866 0.0487062404870624
0 0.4429223744292237 0.665144596651446 0.0700152207001522 0.0243531202435312
0 0.6248097412480974 0.5289193302891934 0.1019786910197869 0.0624048706240487
0 0.700152207001522 0.4885844748858447 0.0578386605783866 0.1248097412480974
0 0.5365296803652968 0.3774733637747336 0.0532724505327245 0.076103500761035
0 0.4482496194824962 0.5540334855403348 0.0350076103500761 0.0365296803652968
0 0.4908675799086758 0.5205479452054794 0.0593607305936073 0.045662100456621
0 0.528158295281583 0.560882800608828 0.0487062404870624 0.0532724505327245
0 0.5030441400304414 0.5958904109589042 0.0471841704718417 0.0136986301369863
0 0.5342465753424658 0.619482496194825 0.030441400304414 0.0426179604261796
0 0.4946727549467275 0.65220700152207 0.0334855403348554 0.0532724505327245
0 0.4604261796042618 0.6156773211567732 0.0319634703196347 0.0563165905631659
0 0.545662100456621 0.6818873668188736 0.0350076103500761 0.0395738203957382
5 0.9048706240487062 0.21689497716894976 0.1537290715372907 0.1415525114155251
5 0.8995433789954338 0.0547945205479452 0.0578386605783866 0.0578386605783866
5 0.9710806697108066 0.02968036529680365 0.0578386605783866 0.0593607305936073
5 0.7876712328767124 0.02968036529680365 0.1385083713850837 0.0502283105022831
5 0.654490106544901 0.09056316590563165 0.1004566210045662 0.1567732115677321
5 0.6560121765601218 0.3089802130898021 0.0030441400304414 0
0 0.6856925418569254 0.3363774733637747 0.0410958904109589 0.0547945205479452
5 0.3942161339421613 0.4452054794520548 0.0882800608828006 0.0593607305936073
5 0.5243531202435312 0.1811263318112633 0.0898021308980213 0.1126331811263318
5 0.7290715372907154 0.649923896499239 0.1339421613394216 0.1095890410958904
5 0.5616438356164384 0.8036529680365296 0.045662100456621 0.045662100456621
5 0.2595129375951294 0.4802130898021309 0.0806697108066971 0.0958904109589041
5 0.4398782343987823 0.2694063926940639 0.1339421613394216 0.0882800608828006
5 0.3614916286149163 0.0669710806697108 0.0958904109589041 0.076103500761035
5 0.2526636225266362 0.0852359208523592 0.1004566210045662 0.1248097412480974
5 0.1552511415525114 0.1750380517503805 0.091324200913242 0.1126331811263318
5 0.2404870624048706 0.3211567732115677 0.121765601217656 0.1095890410958904
5 0.1156773211567732 0.4231354642313546 0.1126331811263318 0.1278538812785388