1 0.0532724505327245 0.23328267477203649 0.106544901065449 0.21124620060790272
1 0.0243531202435312 0.047872340425531915 0.0487062404870624 0.09574468085106383
1 0.11035007610350075 0.025835866261398176 0.0989345509893455 0.05167173252279635
1 0.6263318112633182 0.27811550151975684 0.1050228310502283 0.09422492401215805
1 0.6445966514459666 0.3844984802431611 0.0898021308980213 0.0972644376899696
1 0.7123287671232876 0.182370820668693 0.1156773211567732 0.0729483282674772
1 0.7343987823439878 0.2750759878419453 0.0958904109589041 0.08814589665653495
1 0.754185692541857 0.38145896656534956 0.1080669710806697 0.08814589665653495
1 0.7838660578386606 0.4734042553191489 0.076103500761035 0.06231003039513678
1 0.8622526636225266 0.08890577507598785 0.0745814307458143 0.07750759878419453
1 0.8904109589041096 0.16109422492401215 0.091324200913242 0.06382978723404255
1 0.8508371385083714 0.2689969604863222 0.0974124809741248 0.1458966565349544
1 0.9497716894977168 0.0486322188449848 0.1004566210045662 0.0972644376899696
1 0.7488584474885844 0.05851063829787234 0.1278538812785388 0.09878419452887538
5 0.908675799086758 0.7325227963525835 0.0791476407914764 0.13069908814589665
1 0.9315068493150684 0.47416413373860183 0.136986301369863 0.11246200607902736
5 0.7884322678843226 0.567629179331307 0.0852359208523592 0.09270516717325228
5 0.65220700152207 0.6854103343465046 0.1476407914764079 0.10030395136778116
5 0.6712328767123288 0.8024316109422492 0.1248097412480974 0.0972644376899696
5 0.5570776255707762 0.8495440729483282 0.106544901065449 0.1033434650455927
5 0.5418569254185692 0.6367781155015197 0.0791476407914764 0.0911854103343465
5 0.4642313546423135 0.7522796352583586 0.1491628614916286 0.14893617021276595
1 0.969558599695586 0.9407294832826748 0.060882800608828 0.11854103343465046
1 0.9581430745814308 0.26671732522796354 0.0837138508371385 0.12006079027355623
5 0.9292237442922374 0.6033434650455927 0.1050228310502283 0.1094224924012158
5 0.6727549467275494 0.5645896656534954 0.1156773211567732 0.12613981762917933
5 0.7960426179604262 0.6800911854103343 0.1126331811263318 0.11094224924012158
5 0.8135464231354642 0.8472644376899696 0.1050228310502283 0.13221884498480244