5 0.547112462006079 0.0821917808219178 0.19756838905775076 0.1643835616438356
5 0.7659574468085106 0.0471841704718417 0.21580547112462006 0.0882800608828006
5 0.7613981762917933 0.4140030441400304 0.182370820668693 0.1430745814307458
5 0.7279635258358662 0.6027397260273972 0.11854103343465046 0.1643835616438356
5 0.8814589665653495 0.576103500761035 0.12462006079027356 0.1537290715372907
5 0.8404255319148937 0.2541856925418569 0.1458966565349544 0.1643835616438356
1 0.9072948328267477 0.08447488584474885 0.08814589665653495 0.0806697108066971
1 0.9825227963525835 0.04642313546423135 0.034954407294832825 0.0593607305936073
1 0.9148936170212766 0.1872146118721461 0.0729483282674772 0.0852359208523592
1 0.9779635258358662 0.2298325722983257 0.044072948328267476 0.1004566210045662
1 0.9764437689969605 0.3462709284627093 0.04711246200607903 0.1080669710806697
1 0.7340425531914894 0.8272450532724506 0.18541033434650456 0.1537290715372907
5 0.9635258358662614 0.8896499238964992 0.0729483282674772 0.1963470319634703
3 0.5235562310030395 0.4048706240487062 0.18085106382978725 0.2343987823439878
3 0.5015197568389058 0.8447488584474886 0.15501519756838905 0.3105022831050228