1 0.07838660578386605 0.9025875190258752 0.1567732115677321 0.1948249619482496
1 0.0791476407914764 0.7519025875190258 0.1582952815829528 0.0974124809741248
1 0.939117199391172 0.5289193302891934 0.121765601217656 0.1811263318112633
5 0.9048706240487062 0.05859969558599695 0.1902587519025875 0.1171993911719939
5 0.6948249619482496 0.24277016742770166 0.1293759512937595 0.1476407914764079
5 0.680365296803653 0.121765601217656 0.106544901065449 0.1187214611872146
5 0.8006088280060882 0.2009132420091324 0.1035007610350076 0.1491628614916286
5 0.9429223744292238 0.2876712328767123 0.1141552511415525 0.213089802130898
5 0.5753424657534246 0.3645357686453577 0.136986301369863 0.1537290715372907
5 0.7199391171993912 0.4368340943683409 0.1126331811263318 0.1552511415525114
5 0.7945205479452054 0.3599695585996956 0.1248097412480974 0.1293759512937595
5 0.9528158295281582 0.7054794520547946 0.0943683409436834 0.1354642313546423
5 0.9459665144596652 0.9003044140030442 0.1080669710806697 0.1993911719939117
5 0.789193302891933 0.8713850837138508 0.1537290715372907 0.1324200913242009
5 0.7024353120243532 0.7450532724505328 0.1476407914764079 0.1719939117199391
5 0.5098934550989346 0.5624048706240488 0.1339421613394216 0.1567732115677321
5 0.6864535768645358 0.5974124809741248 0.2070015220700152 0.1963470319634703
5 0.05251141552511415 0.4984779299847793 0.1050228310502283 0.3424657534246575
5 0.1202435312024353 0.6354642313546424 0.15220700152207 0.0989345509893455
5 0.528158295281583 0.7800608828006088 0.1491628614916286 0.1019786910197869
5 0.6073059360730594 0.9033485540334856 0.1278538812785388 0.1354642313546423