5 0.863013698630137 0.7386018237082067 0.273972602739726 0.23404255319148937
5 0.2663622526636225 0.682370820668693 0.2039573820395738 0.21580547112462006
5 0.5753424657534246 0.8844984802431611 0.4048706240487062 0.23100303951367782
5 0.3888888888888889 0.33282674772036475 0.2450532724505327 0.270516717325228
5 0.1841704718417047 0.8822188449848024 0.3683409436834094 0.22948328267477203
5 0.4406392694063927 0.5334346504559271 0.2359208523592085 0.19148936170212766
5 0.852359208523592 0.4992401215805471 0.2617960426179604 0.2811550151975684
5 0.2146118721461187 0.4331306990881459 0.2374429223744292 0.25227963525835867
5 0.6643835616438356 0.2613981762917933 0.2237442922374429 0.2613981762917933
5 0.8744292237442922 0.9247720364741642 0.2511415525114155 0.15045592705167174
5 0.3569254185692542 0.10182370820668693 0.3059360730593607 0.20364741641337386
5 0.8820395738203958 0.08206686930091185 0.2207001522070015 0.1641337386018237
5 0.1035007610350076 0.11018237082066869 0.2070015220700152 0.22036474164133737
5 0.0867579908675799 0.30167173252279633 0.1735159817351598 0.196048632218845
5 0.0502283105022831 0.5372340425531915 0.1004566210045662 0.1778115501519757
5 0.8797564687975646 0.27583586626139817 0.228310502283105 0.22340425531914893
5 0.6560121765601218 0.08130699088145897 0.2861491628614916 0.16261398176291794
5 0.5334855403348554 0.7712765957446809 0.2480974124809741 0.22036474164133737
5 0.14992389649923896 0.6276595744680851 0.2115677321156773 0.2006079027355623
5 0.6331811263318112 0.5509118541033434 0.2252663622526636 0.20212765957446807
5 0.19863013698630136 0.22644376899696048 0.1628614916286149 0.1762917933130699