0 0.2359208523592085 0.6225266362252664 0.0943683409436834 0.0700152207001522
0 0.21689497716894976 0.547945205479452 0.1202435312024353 0.076103500761035
0 0.0487062404870624 0.517503805175038 0.0974124809741248 0.167427701674277
0 0.16666666666666666 0.4665144596651446 0.1476407914764079 0.0806697108066971
0 0.12557077625570776 0.5662100456621004 0.0502283105022831 0.0700152207001522
0 0.1385083713850837 0.380517503805175 0.1004566210045662 0.0791476407914764
0 0.0213089802130898 0.2640791476407915 0.0426179604261796 0.0867579908675799
0 0.2884322678843227 0.13926940639269406 0.2359208523592085 0.2480974124809741
0 0.19558599695585996 0.19863013698630136 0.1293759512937595 0.1232876712328767
0 0.4474885844748858 0.11948249619482496 0.0943683409436834 0.1963470319634703
0 0.11187214611872145 0.2237442922374429 0.1019786910197869 0.1552511415525114
0 0.1095890410958904 0.3280060882800609 0.060882800608828 0.0380517503805175
0 0.19101978691019786 0.2945205479452055 0.0776255707762557 0.0410958904109589
0 0.3858447488584475 0.2747336377473364 0.0563165905631659 0.0471841704718417
0 0.9101978691019786 0.07229832572298325 0.1187214611872146 0.0654490106544901
0 0.9855403348554034 0.07990867579908675 0.0289193302891933 0.0441400304414003
0 0.9505327245053272 0.0243531202435312 0.0958904109589041 0.0395738203957382
0 0.817351598173516 0.0547945205479452 0.0639269406392694 0.091324200913242
0 0.8668188736681888 0.1324200913242009 0.0806697108066971 0.045662100456621
5 0.6712328767123288 0.806697108066971 0.0821917808219178 0.091324200913242
5 0.7602739726027398 0.7549467275494672 0.0745814307458143 0.0547945205479452
5 0.5213089802130898 0.6415525114155252 0.0563165905631659 0.0502283105022831
1 0.910958904109589 0.6118721461187214 0.0319634703196347 0.0395738203957382
5 0.23820395738203956 0.9025875190258752 0.1232876712328767 0.1004566210045662
5 0.11035007610350075 0.700152207001522 0.1385083713850837 0.1339421613394216
5 0.408675799086758 0.6940639269406392 0.1476407914764079 0.1126331811263318
5 0.9345509893455098 0.8576864535768646 0.1308980213089802 0.0898021308980213
5 0.9292237442922374 0.9604261796042618 0.1415525114155251 0.0791476407914764
5 0.784627092846271 0.9010654490106544 0.1050228310502283 0.1917808219178082
5 0.7960426179604262 0.5578386605783866 0.1796042617960426 0.1537290715372907
5 0.8614916286149162 0.393455098934551 0.1339421613394216 0.2176560121765601
5 0.974124809741248 0.5418569254185692 0.0517503805175038 0.0974124809741248
5 0.9474885844748858 0.3576864535768645 0.1050228310502283 0.2465753424657534
5 0.639269406392694 0.3721461187214612 0.1400304414003044 0.1415525114155251
5 0.3432267884322679 0.5015220700152208 0.1719939117199391 0.2298325722983257
5 0.4048706240487062 0.4429223744292237 0.076103500761035 0.0730593607305936
5 0.4467275494672755 0.9558599695585996 0.0837138508371385 0.0791476407914764
5 0.4878234398782344 0.880517503805175 0.0776255707762557 0.1019786910197869
5 0.6598173515981736 0.9178082191780822 0.0928462709284627 0.091324200913242
5 0.5578386605783866 0.9490106544901066 0.1080669710806697 0.1019786910197869
5 0.0700152207001522 0.8987823439878234 0.1400304414003044 0.1902587519025875
5 0.3242009132420091 0.9657534246575342 0.0943683409436834 0.0684931506849315
5 0.4977168949771689 0.5776255707762558 0.0730593607305936 0.0715372907153729
5 0.541095890410959 0.5076103500761036 0.0715372907153729 0.0867579908675799
5 0.573820395738204 0.14840182648401826 0.0730593607305936 0.0684931506849315
5 0.6681887366818874 0.0745814307458143 0.1004566210045662 0.091324200913242
5 0.6636225266362252 0.2070015220700152 0.1095890410958904 0.0974124809741248
5 0.5547945205479452 0.258751902587519 0.0898021308980213 0.0852359208523592
5 0.4627092846270928 0.2633181126331811 0.0882800608828006 0.0852359208523592