0 0.6785714285714286 0.9619482496194824 0.12310030395136778 0.0730593607305936
0 0.3655015197568389 0.9474885844748858 0.11398176291793313 0.0867579908675799
0 0.21732522796352582 0.9726027397260274 0.0668693009118541 0.0517503805175038
0 0.29635258358662614 0.9733637747336378 0.08206686930091185 0.0532724505327245
0 0.12613981762917933 0.9535768645357686 0.1033434650455927 0.0928462709284627
0 0.53419452887538 0.606544901065449 0.06838905775075987 0.0898021308980213
0 0.5858662613981763 0.7275494672754946 0.06534954407294832 0.106544901065449
0 0.5235562310030395 0.7267884322678844 0.07142857142857142 0.1263318112633181
0 0.44072948328267475 0.6712328767123288 0.11246200607902736 0.1643835616438356
0 0.3472644376899696 0.5974124809741248 0.06231003039513678 0.1902587519025875
0 0.1276595744680851 0.669710806697108 0.0729483282674772 0.1339421613394216
0 0.17857142857142858 0.6430745814307458 0.05319148936170213 0.1628614916286149
0 0.24088145896656535 0.654490106544901 0.06231003039513678 0.1491628614916286
0 0.3343465045592705 0.7488584474885844 0.10030395136778116 0.0852359208523592
0 0.29711246200607905 0.619482496194825 0.04711246200607903 0.121765601217656
0 0.044072948328267476 0.7496194824961948 0.0851063829787234 0.1202435312024353
0 0.14969604863221886 0.7785388127853882 0.09878419452887538 0.0776255707762557
0 0.2454407294832827 0.7595129375951294 0.06534954407294832 0.0578386605783866
0 0.23708206686930092 0.8333333333333334 0.1094224924012158 0.0532724505327245
0 0.364741641337386 0.8599695585996956 0.11854103343465046 0.0791476407914764
0 0.1838905775075988 0.8706240487062404 0.11550151975683891 0.0669710806697108
0 0.24620060790273557 0.9140030441400304 0.10638297872340426 0.0593607305936073
0 0.4582066869300912 0.8097412480974124 0.11702127659574468 0.091324200913242
5 0.4946808510638298 0.936834094368341 0.135258358662614 0.1263318112633181
5 0.5623100303951368 0.8812785388127854 0.12462006079027356 0.1126331811263318
5 0.03343465045592705 0.910958904109589 0.0668693009118541 0.1689497716894977
5 0.0851063829787234 0.8683409436834094 0.07598784194528875 0.0684931506849315
5 0.13069908814589665 0.19101978691019786 0.2188449848024316 0.2207001522070015
5 0.8693009118541033 0.9315068493150684 0.2553191489361702 0.136986301369863
5 0.675531914893617 0.8561643835616438 0.09878419452887538 0.1232876712328767