5 0.17427701674277016 0.3363774733637747 0.1019786910197869 0.0882800608828006
5 0.634703196347032 0.971841704718417 0.0639269406392694 0.0563165905631659
5 0.2207001522070015 0.4490106544901065 0.1095890410958904 0.1004566210045662
5 0.4216133942161339 0.4596651445966514 0.0943683409436834 0.0882800608828006
5 0.7420091324200914 0.541095890410959 0.0624048706240487 0.0776255707762557
5 0.3622526636225266 0.8264840182648402 0.1095890410958904 0.0852359208523592
5 0.3249619482496195 0.7557077625570776 0.0806697108066971 0.0806697108066971
5 0.182648401826484 0.784627092846271 0.0700152207001522 0.0898021308980213
5 0.14687975646879756 0.8896499238964992 0.0867579908675799 0.0898021308980213
5 0.2465753424657534 0.8531202435312024 0.0791476407914764 0.0776255707762557
5 0.4497716894977169 0.9505327245053272 0.0684931506849315 0.0745814307458143
5 0.9444444444444444 0.9482496194824962 0.0654490106544901 0.076103500761035
5 0.3668188736681887 0.649923896499239 0.0852359208523592 0.0791476407914764
5 0.03881278538812785 0.9512937595129376 0.0715372907153729 0.0974124809741248
5 0.3401826484018265 0.9231354642313546 0.1080669710806697 0.1111111111111111
5 0.5426179604261796 0.6339421613394216 0.1476407914764079 0.1659056316590563
5 0.5601217656012176 0.4824961948249619 0.0943683409436834 0.1339421613394216
5 0.806697108066971 0.669710806697108 0.0700152207001522 0.0882800608828006
5 0.7503805175038052 0.745814307458143 0.0791476407914764 0.0700152207001522
5 0.4429223744292237 0.7701674277016742 0.0974124809741248 0.0974124809741248
5 0.2267884322678843 0.5806697108066972 0.1339421613394216 0.1324200913242009
5 0.08599695585996955 0.5966514459665144 0.1263318112633181 0.1461187214611872
3 0.1491628614916286 0.14079147640791476 0.2252663622526636 0.2754946727549467
5 0.6438356164383562 0.7602739726027398 0.0730593607305936 0.0837138508371385
5 0.8462709284627092 0.9581430745814308 0.1095890410958904 0.0593607305936073
5 0.8698630136986302 0.8942161339421614 0.0806697108066971 0.1080669710806697