0 0.6301369863013698 0.9162861491628614 0.0487062404870624 0.0487062404870624
6 0.7853881278538812 0.9528158295281582 0.0243531202435312 0.0213089802130898
7 0.6567732115677322 0.9703196347031964 0.0441400304414003 0.0502283105022831
1 0.7024353120243532 0.380517503805175 0.0715372907153729 0.0639269406392694
5 0.5289193302891934 0.5532724505327246 0.0928462709284627 0.1050228310502283
1 0.7397260273972602 0.2389649923896499 0.0639269406392694 0.0700152207001522
1 0.654490106544901 0.15753424657534246 0.0669710806697108 0.0745814307458143
1 0.556316590563166 0.1856925418569254 0.0806697108066971 0.060882800608828
5 0.395738203957382 0.830289193302892 0.1278538812785388 0.1324200913242009
5 0.4223744292237443 0.7245053272450532 0.0715372907153729 0.0639269406392694
5 0.621765601217656 0.4824961948249619 0.0898021308980213 0.0730593607305936
5 0.684931506849315 0.6339421613394216 0.076103500761035 0.0745814307458143
5 0.601978691019787 0.7100456621004566 0.0654490106544901 0.0684931506849315
5 0.5098934550989346 0.6552511415525114 0.0700152207001522 0.0502283105022831
5 0.2389649923896499 0.9360730593607306 0.0943683409436834 0.0943683409436834
5 0.2876712328767123 0.8569254185692542 0.1035007610350076 0.1248097412480974
5 0.1004566210045662 0.9360730593607306 0.1704718417047184 0.1278538812785388
5 0.0898021308980213 0.8310502283105022 0.0821917808219178 0.0943683409436834
5 0.18340943683409436 0.8280060882800608 0.0806697108066971 0.0974124809741248
5 0.3888888888888889 0.954337899543379 0.1750380517503805 0.0578386605783866