0 0.9756468797564688 0.7496194824961948 0.0487062404870624 0.0867579908675799
5 0.936834094368341 0.9071537290715372 0.1263318112633181 0.1856925418569254
0 0.9353120243531202 0.7709284627092846 0.0715372907153729 0.0410958904109589
0 0.9604261796042618 0.6567732115677322 0.0791476407914764 0.0745814307458143
0 0.4764079147640791 0.6407914764079148 0.0547945205479452 0.0821917808219178
0 0.5213089802130898 0.819634703196347 0.0898021308980213 0.0928462709284627
0 0.4452054794520548 0.7678843226788432 0.0867579908675799 0.0593607305936073
0 0.5121765601217656 0.7199391171993912 0.0898021308980213 0.0821917808219178
0 0.3302891933028919 0.8158295281582952 0.0547945205479452 0.091324200913242
5 0.17427701674277016 0.926179604261796 0.3028919330289193 0.1476407914764079
0 0.2480974124809741 0.802130898021309 0.106544901065449 0.0821917808219178
0 0.2146118721461187 0.7625570776255708 0.0426179604261796 0.0547945205479452
0 0.16818873668188736 0.8242009132420092 0.0654490106544901 0.0563165905631659
0 0.02815829528158295 0.8888888888888888 0.0502283105022831 0.060882800608828
0 0.11187214611872145 0.8340943683409436 0.0471841704718417 0.0730593607305936
0 0.060882800608828 0.867579908675799 0.0487062404870624 0.0578386605783866
0 0.0182648401826484 0.819634703196347 0.0365296803652968 0.0715372907153729
0 0.07534246575342465 0.7922374429223744 0.0776255707762557 0.0715372907153729
0 0.15449010654490106 0.769406392694064 0.0624048706240487 0.0563165905631659
0 0.16666666666666666 0.7077625570776256 0.0654490106544901 0.060882800608828
0 0.10426179604261795 0.723744292237443 0.0684931506849315 0.0532724505327245
0 0.0715372907153729 0.667427701674277 0.076103500761035 0.0563165905631659
0 0.03424657534246575 0.5996955859969558 0.0471841704718417 0.0730593607305936
0 0.08295281582952815 0.6103500761035008 0.0502283105022831 0.0365296803652968
0 0.03424657534246575 0.7222222222222222 0.0593607305936073 0.0563165905631659
5 0.21841704718417046 0.5372907153729072 0.1324200913242009 0.1400304414003044
5 0.10730593607305935 0.3181126331811263 0.1719939117199391 0.1461187214611872
5 0.3066971080669711 0.3554033485540335 0.1963470319634703 0.1476407914764079
5 0.3409436834094368 0.5517503805175038 0.1430745814307458 0.2207001522070015
5 0.10121765601217655 0.5159817351598174 0.1171993911719939 0.1400304414003044
5 0.601978691019787 0.5570776255707762 0.1872146118721461 0.2161339421613394
5 0.8211567732115678 0.6491628614916286 0.1506849315068493 0.1933028919330289
5 0.6552511415525114 0.7298325722983258 0.1780821917808219 0.1080669710806697
5 0.8105022831050228 0.8188736681887366 0.1537290715372907 0.2070015220700152
5 0.667427701674277 0.9079147640791476 0.1780821917808219 0.1719939117199391
5 0.5532724505327246 0.9444444444444444 0.1354642313546423 0.1111111111111111
5 0.4048706240487062 0.9185692541856926 0.1461187214611872 0.1628614916286149
3 0.5045662100456622 0.09512937595129375 0.9908675799086758 0.1780821917808219