7 0.04490106544901065 0.0745814307458143 0.0867579908675799 0.136986301369863
7 0.11948249619482496 0.1948249619482496 0.0684931506849315 0.0547945205479452
6 0.3378995433789954 0.20319634703196346 0.030441400304414 0.0532724505327245
6 0.3911719939117199 0.2115677321156773 0.0334855403348554 0.045662100456621
6 0.6354642313546424 0.16210045662100456 0.0532724505327245 0.0319634703196347
6 0.7222222222222222 0.16666666666666666 0.0410958904109589 0.0350076103500761
6 0.6902587519025876 0.2686453576864536 0.0502283105022831 0.0380517503805175
6 0.7968036529680366 0.3432267884322679 0.0289193302891933 0.0319634703196347
6 0.834855403348554 0.3439878234398782 0.0289193302891933 0.030441400304414
5 0.789193302891933 0.5882800608828006 0.1202435312024353 0.1902587519025875
5 0.7968036529680366 0.9657534246575342 0.2237442922374429 0.0654490106544901
7 0.1552511415525114 0.3812785388127854 0.060882800608828 0.0563165905631659
7 0.243531202435312 0.4018264840182648 0.0791476407914764 0.0730593607305936
7 0.02207001522070015 0.7945205479452054 0.0441400304414003 0.0852359208523592
6 0.06164383561643835 0.7321156773211568 0.0441400304414003 0.0334855403348554
7 0.04033485540334855 0.9337899543378996 0.0806697108066971 0.0776255707762557
5 0.9512937595129376 0.16514459665144596 0.0882800608828006 0.1232876712328767
5 0.9680365296803652 0.2701674277016743 0.0639269406392694 0.0806697108066971
5 0.941400304414003 0.3333333333333333 0.1171993911719939 0.0578386605783866
5 0.9292237442922374 0.4147640791476408 0.1415525114155251 0.0776255707762557
5 0.9649923896499238 0.573820395738204 0.0700152207001522 0.1704718417047184
5 0.8439878234398782 0.8097412480974124 0.0837138508371385 0.1400304414003044
7 0.6940639269406392 0.517503805175038 0.0639269406392694 0.1095890410958904
7 0.678082191780822 0.01902587519025875 0.1445966514459665 0.0319634703196347
7 0.5273972602739726 0.0258751902587519 0.0928462709284627 0.0395738203957382
7 0.182648401826484 0.02511415525114155 0.136986301369863 0.0441400304414003
6 0.3599695585996956 0.01445966514459665 0.0532724505327245 0.0197869101978691
6 0.4178082191780822 0.0319634703196347 0.0319634703196347 0.0578386605783866
6 0.2838660578386606 0.13318112633181126 0.0380517503805175 0.0380517503805175
6 0.17732115677321156 0.15144596651445966 0.0532724505327245 0.0319634703196347
6 0.1232876712328767 0.14079147640791476 0.0334855403348554 0.0228310502283105
6 0.19710806697108066 0.20624048706240486 0.0502283105022831 0.0380517503805175
6 0.04490106544901065 0.4452054794520548 0.0745814307458143 0.0563165905631659
6 0.2678843226788432 0.5487062404870624 0.0974124809741248 0.0350076103500761
6 0.20319634703196346 0.6643835616438356 0.0563165905631659 0.0502283105022831
6 0.0243531202435312 0.5837138508371386 0.0487062404870624 0.0350076103500761
6 0.0806697108066971 0.6050228310502284 0.0273972602739726 0.0228310502283105
6 0.121765601217656 0.6141552511415526 0.0182648401826484 0.0136986301369863
6 0.09512937595129375 0.6872146118721462 0.0350076103500761 0.0258751902587519
6 0.19558599695585996 0.8013698630136986 0.0563165905631659 0.0319634703196347
7 0.10578386605783865 0.8333333333333334 0.0776255707762557 0.0898021308980213
7 0.3561643835616438 0.4710806697108067 0.0852359208523592 0.0806697108066971
7 0.4094368340943683 0.3607305936073059 0.0943683409436834 0.0943683409436834
7 0.06012176560121765 0.2998477929984779 0.1202435312024353 0.1552511415525114
7 0.5517503805175038 0.3272450532724505 0.1202435312024353 0.106544901065449
6 0.4063926940639269 0.12709284627092846 0.0517503805175038 0.0532724505327245
6 0.484779299847793 0.091324200913242 0.0502283105022831 0.0487062404870624
6 0.5875190258751902 0.4589041095890411 0.0365296803652968 0.0380517503805175
6 0.4299847792998478 0.2602739726027397 0.0258751902587519 0.0639269406392694
6 0.4619482496194825 0.2914764079147641 0.0350076103500761 0.0410958904109589
6 0.3554033485540335 0.0715372907153729 0.0715372907153729 0.045662100456621
6 0.5745814307458144 0.09665144596651445 0.0776255707762557 0.0441400304414003
6 0.6301369863013698 0.1232876712328767 0.0243531202435312 0.0243531202435312
6 0.4018264840182648 0.7336377473363774 0.0334855403348554 0.0365296803652968
6 0.4512937595129376 0.7351598173515982 0.0380517503805175 0.0334855403348554
6 0.14383561643835616 0.7146118721461188 0.0441400304414003 0.0319634703196347
6 0.286910197869102 0.7016742770167428 0.0532724505327245 0.0273972602739726
6 0.4178082191780822 0.6750380517503806 0.0471841704718417 0.0471841704718417
6 0.3051750380517504 0.7617960426179604 0.0563165905631659 0.0654490106544901
6 0.6286149162861492 0.5791476407914764 0.0639269406392694 0.0502283105022831
6 0.5996955859969558 0.8059360730593608 0.0426179604261796 0.0319634703196347
6 0.2960426179604262 0.654490106544901 0.0502283105022831 0.0273972602739726
6 0.3417047184170472 0.6080669710806698 0.0745814307458143 0.0319634703196347
6 0.5220700152207002 0.589041095890411 0.0426179604261796 0.0395738203957382
6 0.8599695585996956 0.0182648401826484 0.0578386605783866 0.030441400304414
7 0.334855403348554 0.9550989345509894 0.091324200913242 0.0898021308980213
6 0.3835616438356164 0.9025875190258752 0.0395738203957382 0.0334855403348554
6 0.4299847792998478 0.8744292237442922 0.0624048706240487 0.0624048706240487
6 0.1750380517503805 0.908675799086758 0.060882800608828 0.0578386605783866
7 0.2328767123287671 0.9680365296803652 0.1095890410958904 0.0487062404870624
6 0.484779299847793 0.8622526636225266 0.0228310502283105 0.0319634703196347
6 0.4573820395738204 0.8028919330289194 0.0410958904109589 0.0228310502283105
6 0.15144596651445966 0.9794520547945206 0.0380517503805175 0.0258751902587519
7 0.4550989345509893 0.4550989345509893 0.0821917808219178 0.0578386605783866