5 0.71580547112462 0.513677811550152 0.2006079027355623 0.23708206686930092
5 0.9156534954407295 0.31990881458966564 0.16869300911854104 0.196048632218845
5 0.8898176291793313 0.08358662613981763 0.21428571428571427 0.16717325227963525
5 0.736322188449848 0.22492401215805471 0.21428571428571427 0.21580547112462006
5 0.8867781155015197 0.6990881458966566 0.16261398176291794 0.22492401215805471
5 0.34422492401215804 0.13145896656534956 0.26595744680851063 0.25987841945288753
5 0.09954407294832827 0.25987841945288753 0.18085106382978725 0.17325227963525835
5 0.1474164133738602 0.5311550151975684 0.2188449848024316 0.196048632218845
5 0.41033434650455924 0.6527355623100304 0.1945288753799392 0.18085106382978725
5 0.3594224924012158 0.5083586626139818 0.15653495440729484 0.1474164133738602
5 0.24012158054711247 0.7082066869300911 0.1762917933130699 0.1884498480243161
5 0.6990881458966566 0.9141337386018237 0.1580547112462006 0.1717325227963526
5 0.5387537993920972 0.7940729483282675 0.16261398176291794 0.1413373860182371
5 0.5258358662613982 0.9346504559270516 0.1519756838905775 0.13069908814589665
5 0.36930091185410335 0.3541033434650456 0.25835866261398177 0.1884498480243161
5 0.1276595744680851 0.8039513677811551 0.11854103343465046 0.1094224924012158
5 0.2978723404255319 0.9202127659574468 0.17933130699088146 0.1595744680851064