5 0.8363774733637748 0.12613981762917933 0.1567732115677321 0.15501519756838905
5 0.9452054794520548 0.32370820668693007 0.091324200913242 0.15501519756838905
5 0.817351598173516 0.3130699088145897 0.091324200913242 0.11246200607902736
5 0.9657534246575342 0.4969604863221885 0.0684931506849315 0.11854103343465046
5 0.8333333333333334 0.4825227963525836 0.0989345509893455 0.08662613981762918
5 0.9033485540334856 0.6025835866261399 0.0837138508371385 0.08966565349544073
5 0.710806697108067 0.9027355623100304 0.076103500761035 0.0790273556231003
5 0.7960426179604262 0.8761398176291794 0.076103500761035 0.10182370820668693
5 0.8858447488584474 0.8259878419452887 0.0578386605783866 0.08358662613981763
5 0.9627092846270928 0.7598784194528876 0.0745814307458143 0.08206686930091185
5 0.910958904109589 0.9650455927051672 0.0776255707762557 0.0668693009118541
5 0.9665144596651446 0.8905775075987842 0.060882800608828 0.0729483282674772
1 0.6841704718417048 0.1641337386018237 0.0624048706240487 0.0972644376899696
1 0.69558599695586 0.05623100303951368 0.076103500761035 0.0547112462006079
5 0.3713850837138508 0.5227963525835866 0.0700152207001522 0.06990881458966565
5 0.4200913242009132 0.45592705167173253 0.1035007610350076 0.0547112462006079
5 0.5829528158295282 0.5843465045592705 0.0700152207001522 0.07142857142857142
5 0.5266362252663622 0.8731003039513677 0.0730593607305936 0.041033434650455926
5 0.4794520547945205 0.5159574468085106 0.0700152207001522 0.06231003039513678
5 0.639269406392694 0.729483282674772 0.0943683409436834 0.08206686930091185
5 0.5555555555555556 0.30623100303951367 0.1187214611872146 0.12006079027355623
5 0.5829528158295282 0.19148936170212766 0.121765601217656 0.08206686930091185
5 0.2313546423135464 0.04711246200607903 0.167427701674277 0.08814589665653495
5 0.05859969558599695 0.053951367781155016 0.0898021308980213 0.08966565349544073
5 0.045662100456621 0.15577507598784193 0.091324200913242 0.08358662613981763
5 0.04642313546423135 0.3221884498480243 0.0928462709284627 0.1337386018237082
5 0.1126331811263318 0.8389057750759878 0.167427701674277 0.0911854103343465
5 0.3668188736681887 0.7188449848024316 0.106544901065449 0.09422492401215805
5 0.2511415525114155 0.6869300911854104 0.0882800608828006 0.0790273556231003
5 0.1308980213089802 0.9650455927051672 0.2252663622526636 0.06990881458966565
5 0.4771689497716895 0.952887537993921 0.1263318112633181 0.06990881458966565
5 0.3295281582952816 0.9361702127659575 0.0898021308980213 0.07598784194528875
5 0.2541856925418569 0.8609422492401215 0.076103500761035 0.08054711246200608
5 0.528158295281583 0.75 0.0426179604261796 0.10486322188449848
5 0.7024353120243532 0.47112462006079026 0.1050228310502283 0.09422492401215805
5 0.6111111111111112 0.44148936170212766 0.0593607305936073 0.08966565349544073
5 0.819634703196347 0.7355623100303952 0.1080669710806697 0.11854103343465046
5 0.784627092846271 0.6094224924012158 0.0684931506849315 0.12462006079027356
5 0.6552511415525114 0.8214285714285714 0.0806697108066971 0.06534954407294832