5 0.6232876712328768 0.2070015220700152 0.0837138508371385 0.091324200913242
5 0.6438356164383562 0.2952815829528158 0.0791476407914764 0.0639269406392694
5 0.5791476407914764 0.06012176560121765 0.0684931506849315 0.0745814307458143
5 0.3158295281582953 0.02359208523592085 0.0593607305936073 0.0471841704718417
5 0.24277016742770166 0.02968036529680365 0.0593607305936073 0.0380517503805175
5 0.1537290715372907 0.04185692541856925 0.060882800608828 0.0471841704718417
5 0.06164383561643835 0.3219178082191781 0.0563165905631659 0.0471841704718417
5 0.05251141552511415 0.4429223744292237 0.0806697108066971 0.091324200913242
5 0.1004566210045662 0.5646879756468798 0.1035007610350076 0.060882800608828
5 0.2815829528158295 0.365296803652968 0.1004566210045662 0.0943683409436834
5 0.530441400304414 0.6156773211567732 0.0684931506849315 0.0471841704718417
5 0.4345509893455099 0.6902587519025876 0.0806697108066971 0.0806697108066971
5 0.2313546423135464 0.9627092846270928 0.121765601217656 0.0745814307458143
5 0.0639269406392694 0.9611872146118722 0.1248097412480974 0.0776255707762557
5 0.03272450532724505 0.8310502283105022 0.0624048706240487 0.182648401826484
5 0.09512937595129375 0.830289193302892 0.0410958904109589 0.0898021308980213
5 0.3660578386605784 0.8820395738203958 0.0532724505327245 0.0502283105022831
5 0.4520547945205479 0.908675799086758 0.0669710806697108 0.0517503805175038
5 0.875951293759513 0.80441400304414 0.0867579908675799 0.0776255707762557
5 0.7648401826484018 0.926179604261796 0.0624048706240487 0.0532724505327245
5 0.6133942161339422 0.9573820395738204 0.0821917808219178 0.0700152207001522
5 0.9619482496194824 0.6925418569254186 0.045662100456621 0.0487062404870624
5 0.9726027397260274 0.2929984779299848 0.0517503805175038 0.0989345509893455
5 0.9687975646879756 0.5745814307458144 0.0624048706240487 0.1050228310502283
5 0.898021308980213 0.6742770167427702 0.0547945205479452 0.0852359208523592
1 0.4627092846270928 0.167427701674277 0.0852359208523592 0.0791476407914764
1 0.3622526636225266 0.17275494672754946 0.0821917808219178 0.0532724505327245
1 0.0898021308980213 0.1278538812785388 0.0791476407914764 0.0578386605783866
1 0.1628614916286149 0.1324200913242009 0.0517503805175038 0.0639269406392694
1 0.2191780821917808 0.271689497716895 0.0639269406392694 0.0593607305936073
1 0.4124809741248097 0.5395738203957382 0.0852359208523592 0.0776255707762557
1 0.4101978691019787 0.3051750380517504 0.0654490106544901 0.0563165905631659
1 0.21689497716894976 0.601978691019787 0.0715372907153729 0.1080669710806697
5 0.3120243531202435 0.7534246575342466 0.0791476407914764 0.1796042617960426
1 0.1993911719939117 0.8394216133942162 0.0882800608828006 0.0715372907153729
1 0.1248097412480974 0.7465753424657534 0.106544901065449 0.0898021308980213
1 0.1582952815829528 0.6742770167427702 0.0547945205479452 0.0517503805175038
1 0.20319634703196346 0.7686453576864536 0.0532724505327245 0.0426179604261796
1 0.4809741248097412 0.4246575342465753 0.0730593607305936 0.076103500761035
1 0.2808219178082192 0.4604261796042618 0.1050228310502283 0.0380517503805175
1 0.1308980213089802 0.4535768645357686 0.0821917808219178 0.0852359208523592
5 0.3219178082191781 0.5730593607305936 0.0837138508371385 0.1324200913242009