5 0.560882800608828 0.17732115677321156 0.0898021308980213 0.0928462709284627
5 0.6270928462709284 0.2876712328767123 0.0700152207001522 0.091324200913242
1 0.6278538812785388 0.20167427701674276 0.0806697108066971 0.0776255707762557
5 0.5662100456621004 0.4041095890410959 0.0700152207001522 0.0806697108066971
5 0.4710806697108067 0.4048706240487062 0.1019786910197869 0.1461187214611872
5 0.5091324200913242 0.2633181126331811 0.1080669710806697 0.1339421613394216
5 0.647640791476408 0.12709284627092846 0.0684931506849315 0.0745814307458143
1 0.7298325722983258 0.1948249619482496 0.1080669710806697 0.076103500761035
1 0.7519025875190258 0.2678843226788432 0.0578386605783866 0.0700152207001522
5 0.6910197869101978 0.2694063926940639 0.0639269406392694 0.0852359208523592
5 0.5532724505327246 0.487062404870624 0.0898021308980213 0.076103500761035
5 0.4901065449010654 0.5319634703196348 0.076103500761035 0.1111111111111111
5 0.5799086757990868 0.5593607305936074 0.076103500761035 0.0867579908675799
5 0.6385083713850838 0.5692541856925418 0.0715372907153729 0.106544901065449
5 0.6742770167427702 0.4824961948249619 0.0700152207001522 0.0943683409436834
5 0.6400304414003044 0.3919330289193303 0.0898021308980213 0.0624048706240487
1 0.7184170471841704 0.3280060882800609 0.1004566210045662 0.0532724505327245
1 0.730593607305936 0.13318112633181126 0.0882800608828006 0.0593607305936073
5 0.7267884322678844 0.395738203957382 0.0745814307458143 0.0669710806697108
5 0.60882800608828 0.11948249619482496 0.0060882800608828 0.0015220700152207
5 0.5357686453576864 0.11491628614916286 0.0487062404870624 0.0380517503805175
3 0.4018264840182648 0.09817351598173515 0.1887366818873668 0.1963470319634703
5 0.4809741248097412 0.1643835616438356 0.0517503805175038 0.0547945205479452
5 0.08599695585996955 0.6263318112633182 0.0563165905631659 0.1019786910197869
5 0.1598173515981735 0.969558599695586 0.1095890410958904 0.060882800608828
1 0.0547945205479452 0.941400304414003 0.0974124809741248 0.1171993911719939
5 0.091324200913242 0.7777777777777778 0.1126331811263318 0.1856925418569254
5 0.12861491628614916 0.9003044140030442 0.0441400304414003 0.0441400304414003
5 0.286910197869102 0.9809741248097412 0.1324200913242009 0.0380517503805175
5 0.2313546423135464 0.8835616438356164 0.15220700152207 0.1324200913242009
5 0.2663622526636225 0.8394216133942162 0.091324200913242 0.0624048706240487
5 0.2671232876712329 0.7374429223744292 0.0745814307458143 0.1232876712328767
5 0.34779299847793 0.7747336377473364 0.0471841704718417 0.076103500761035
5 0.1887366818873668 0.7519025875190258 0.0700152207001522 0.121765601217656
5 0.1963470319634703 0.6468797564687976 0.0943683409436834 0.0700152207001522
5 0.3637747336377473 0.8599695585996956 0.0700152207001522 0.0791476407914764
5 0.3470319634703196 0.9353120243531202 0.0700152207001522 0.0684931506849315
5 0.3843226788432268 0.6453576864535768 0.0837138508371385 0.0791476407914764
5 0.317351598173516 0.593607305936073 0.1080669710806697 0.076103500761035
5 0.3127853881278539 0.5190258751902588 0.1202435312024353 0.0821917808219178
5 0.2732115677321157 0.45662100456621 0.0471841704718417 0.0547945205479452
5 0.4246575342465753 0.7100456621004566 0.1461187214611872 0.0715372907153729
5 0.4512937595129376 0.8097412480974124 0.1415525114155251 0.1156773211567732
6 0.3919330289193303 0.9809741248097412 0.0228310502283105 0.0197869101978691
6 0.4345509893455099 0.9726027397260274 0.0258751902587519 0.0243531202435312
6 0.4444444444444444 0.941400304414003 0.0487062404870624 0.0319634703196347
6 0.4672754946727549 0.9802130898021308 0.0426179604261796 0.0395738203957382
6 0.5045662100456622 0.9299847792998478 0.0197869101978691 0.0243531202435312
6 0.5312024353120244 0.9497716894977168 0.030441400304414 0.0273972602739726
6 0.5487062404870624 0.8850837138508372 0.0350076103500761 0.0410958904109589
6 0.5958904109589042 0.8843226788432268 0.0228310502283105 0.0273972602739726
6 0.621765601217656 0.8987823439878234 0.0471841704718417 0.0319634703196347
6 0.573820395738204 0.7838660578386606 0.0334855403348554 0.0213089802130898
6 0.591324200913242 0.7648401826484018 0.0258751902587519 0.0258751902587519
1 0.4756468797564688 0.6308980213089802 0.0654490106544901 0.0745814307458143
5 0.4162861491628615 0.5357686453576864 0.0593607305936073 0.0791476407914764
3 0.14992389649923896 0.334855403348554 0.2420091324200913 0.2465753424657534
3 0.23211567732115676 0.04490106544901065 0.1232876712328767 0.0898021308980213
3 0.05859969558599695 0.5312024353120244 0.1171993911719939 0.106544901065449