5 0.2450532724505327 0.5395738203957382 0.1187214611872146 0.0715372907153729
5 0.484779299847793 0.3706240487062405 0.0928462709284627 0.0989345509893455
5 0.13622526636225266 0.850076103500761 0.1628614916286149 0.1111111111111111
5 0.1293759512937595 0.958904109589041 0.106544901065449 0.0791476407914764
5 0.2686453576864536 0.9649923896499238 0.0715372907153729 0.0669710806697108
5 0.24581430745814306 0.6377473363774734 0.1537290715372907 0.1187214611872146
5 0.1933028919330289 0.726027397260274 0.091324200913242 0.1095890410958904
5 0.4246575342465753 0.6027397260273972 0.1035007610350076 0.1156773211567732
5 0.2983257229832572 0.7397260273972602 0.060882800608828 0.0730593607305936
5 0.2686453576864536 0.817351598173516 0.0837138508371385 0.0669710806697108
5 0.3523592085235921 0.8394216133942162 0.0684931506849315 0.1019786910197869
5 0.5045662100456622 0.5593607305936074 0.0837138508371385 0.0776255707762557
5 0.4893455098934551 0.4741248097412481 0.1080669710806697 0.1019786910197869
5 0.3858447488584475 0.4748858447488584 0.1141552511415525 0.1796042617960426
5 0.4132420091324201 0.7671232876712328 0.0471841704718417 0.0639269406392694
6 0.3858447488584475 0.2777777777777778 0.0502283105022831 0.0380517503805175
6 0.4246575342465753 0.3181126331811263 0.0334855403348554 0.030441400304414
6 0.4368340943683409 0.2777777777777778 0.0243531202435312 0.0258751902587519
5 0.2853881278538813 0.4474885844748858 0.0624048706240487 0.0700152207001522
5 0.2922374429223744 0.9094368340943684 0.0700152207001522 0.0471841704718417
3 0.6362252663622526 0.3257229832572298 0.197869101978691 0.1156773211567732
3 0.7252663622526636 0.12861491628614916 0.1933028919330289 0.2572298325722983
3 0.8554033485540334 0.8036529680365296 0.1400304414003044 0.121765601217656
3 0.7617960426179604 0.9094368340943684 0.1628614916286149 0.1811263318112633
3 0.910958904109589 0.9604261796042618 0.1111111111111111 0.0791476407914764
3 0.943683409436834 0.591324200913242 0.1126331811263318 0.2846270928462709
3 0.8378995433789954 0.6445966514459666 0.0715372907153729 0.1476407914764079
3 0.9680365296803652 0.837138508371385 0.0639269406392694 0.1735159817351598