5 0.9490106544901066 0.9246575342465754 0.1019786910197869 0.1476407914764079
5 0.6308980213089802 0.8622526636225266 0.0989345509893455 0.0867579908675799
5 0.7351598173515982 0.8713850837138508 0.0821917808219178 0.0776255707762557
5 0.6225266362252664 0.9528158295281582 0.106544901065449 0.0730593607305936
5 0.7473363774733638 0.9619482496194824 0.1187214611872146 0.076103500761035
5 0.8318112633181126 0.865296803652968 0.0806697108066971 0.0563165905631659
5 0.8493150684931506 0.9665144596651446 0.0821917808219178 0.0669710806697108
5 0.952054794520548 0.7945205479452054 0.0898021308980213 0.076103500761035
5 0.8089802130898022 0.7937595129375952 0.1354642313546423 0.0989345509893455
5 0.647640791476408 0.7625570776255708 0.1385083713850837 0.0852359208523592
5 0.5296803652968036 0.8280060882800608 0.091324200913242 0.0669710806697108
5 0.4771689497716895 0.906392694063927 0.1111111111111111 0.0806697108066971
5 0.4596651445966514 0.9733637747336378 0.1552511415525114 0.0532724505327245
0 0.1476407914764079 0.06621004566210045 0.0882800608828006 0.0624048706240487
0 0.1324200913242009 0.02511415525114155 0.0730593607305936 0.0441400304414003
0 0.06164383561643835 0.03120243531202435 0.0471841704718417 0.0441400304414003
0 0.07686453576864535 0.0821917808219178 0.0715372907153729 0.060882800608828
0 0.0410958904109589 0.08143074581430745 0.0578386605783866 0.0532724505327245
0 0.0380517503805175 0.13470319634703196 0.076103500761035 0.0715372907153729
0 0.0593607305936073 0.24124809741248096 0.0700152207001522 0.0502283105022831
0 0.0197869101978691 0.2907153729071537 0.0334855403348554 0.091324200913242
0 0.09665144596651445 0.3607305936073059 0.0654490106544901 0.0547945205479452
0 0.0228310502283105 0.3691019786910198 0.0426179604261796 0.0624048706240487
0 0.07686453576864535 0.4056316590563166 0.0502283105022831 0.0228310502283105
0 0.15601217656012176 0.4292237442922374 0.1050228310502283 0.0700152207001522
0 0.03881278538812785 0.4444444444444444 0.0593607305936073 0.0395738203957382
0 0.1263318112633181 0.4939117199391172 0.091324200913242 0.0380517503805175
0 0.1278538812785388 0.5509893455098934 0.0882800608828006 0.0700152207001522
0 0.0273972602739726 0.5060882800608828 0.0487062404870624 0.0380517503805175
0 0.07990867579908675 0.5220700152207002 0.0563165905631659 0.045662100456621
0 0.045662100456621 0.5654490106544902 0.0852359208523592 0.0624048706240487
0 0.0578386605783866 0.6438356164383562 0.0852359208523592 0.091324200913242
0 0.1156773211567732 0.6316590563165906 0.0547945205479452 0.0730593607305936
0 0.0395738203957382 0.700152207001522 0.0791476407914764 0.0639269406392694
0 0.0228310502283105 0.756468797564688 0.045662100456621 0.0395738203957382
0 0.0228310502283105 0.80441400304414 0.045662100456621 0.0563165905631659