5 0.621765601217656 0.45288753799392095 0.1019786910197869 0.10638297872340426
5 0.726027397260274 0.2933130699088146 0.0882800608828006 0.0911854103343465
5 0.9208523592085236 0.17553191489361702 0.1430745814307458 0.12613981762917933
5 0.9627092846270928 0.31762917933130697 0.0745814307458143 0.07598784194528875
5 0.8698630136986302 0.3472644376899696 0.1293759512937595 0.09878419452887538
5 0.4726027397260274 0.71580547112462 0.0867579908675799 0.0851063829787234
5 0.1126331811263318 0.9072948328267477 0.091324200913242 0.1276595744680851
5 0.20471841704718416 0.16109422492401215 0.1019786910197869 0.10638297872340426
5 0.15144596651445966 0.056990881458966566 0.0837138508371385 0.08966565349544073
5 0.2960426179604262 0.07446808510638298 0.0776255707762557 0.0911854103343465
5 0.18493150684931506 0.3069908814589666 0.0989345509893455 0.1094224924012158
5 0.06773211567732115 0.39285714285714285 0.0989345509893455 0.12613981762917933
5 0.0532724505327245 0.6496960486322189 0.0791476407914764 0.05623100303951368
5 0.0700152207001522 0.5828267477203647 0.0852359208523592 0.05927051671732523
5 0.2009132420091324 0.5562310030395137 0.1035007610350076 0.0972644376899696
5 0.273972602739726 0.41033434650455924 0.091324200913242 0.10638297872340426
5 0.4147640791476408 0.42933130699088146 0.0867579908675799 0.08966565349544073
5 0.3751902587519026 0.6003039513677811 0.0745814307458143 0.07598784194528875
5 0.4079147640791476 0.5296352583586627 0.0852359208523592 0.06231003039513678
5 0.5015220700152208 0.09422492401215805 0.0898021308980213 0.0729483282674772
5 0.5859969558599696 0.29103343465045595 0.1004566210045662 0.08054711246200608
5 0.6788432267884322 0.0737082066869301 0.076103500761035 0.07446808510638298
5 0.8203957382039574 0.48024316109422494 0.0639269406392694 0.08814589665653495
1 0.4041095890410959 0.11322188449848024 0.0715372907153729 0.10790273556231003
1 0.3378995433789954 0.18693009118541035 0.0791476407914764 0.08206686930091185
5 0.3249619482496195 0.28951367781155013 0.0989345509893455 0.07142857142857142
5 0.454337899543379 0.25227963525835867 0.1171993911719939 0.0729483282674772
5 0.441400304414003 0.3487841945288754 0.0852359208523592 0.07142857142857142
5 0.6141552511415526 0.7370820668693009 0.0684931506849315 0.07598784194528875
5 0.9094368340943684 0.878419452887538 0.0654490106544901 0.07598784194528875
5 0.8143074581430746 0.912613981762918 0.0517503805175038 0.05319148936170213
5 0.9809741248097412 0.9749240121580547 0.0380517503805175 0.044072948328267476
5 0.9649923896499238 0.78419452887538 0.0578386605783866 0.0668693009118541