0 0.3691019786910198 0.04490106544901065 0.1872146118721461 0.0898021308980213
7 0.4992389649923896 0.22754946727549466 0.076103500761035 0.0837138508371385
7 0.365296803652968 0.1735159817351598 0.1491628614916286 0.0882800608828006
7 0.3896499238964992 0.2709284627092846 0.091324200913242 0.0943683409436834
7 0.2853881278538813 0.8569254185692542 0.0928462709284627 0.076103500761035
5 0.517503805175038 0.3614916286149163 0.182648401826484 0.1780821917808219
5 0.2792998477929985 0.3964992389649924 0.1293759512937595 0.1202435312024353
5 0.3866057838660578 0.5776255707762558 0.258751902587519 0.2602739726027397
2 0.2534246575342466 0.9299847792998478 0.0837138508371385 0.0669710806697108
4 0.15296803652968036 0.8028919330289194 0.0441400304414003 0.0410958904109589
4 0.2009132420091324 0.8576864535768646 0.0395738203957382 0.0380517503805175
5 0.4140030441400304 0.7640791476407914 0.1856925418569254 0.1004566210045662
5 0.4421613394216134 0.9117199391171994 0.2024353120243531 0.1765601217656012
6 0.6118721461187214 0.20776255707762556 0.0517503805175038 0.0593607305936073
6 0.5624048706240488 0.1704718417047184 0.0350076103500761 0.0669710806697108
6 0.5966514459665144 0.0974124809741248 0.0426179604261796 0.0395738203957382
6 0.541095890410959 0.0867579908675799 0.0258751902587519 0.0791476407914764
6 0.6468797564687976 0.02815829528158295 0.0395738203957382 0.0380517503805175
6 0.5441400304414004 0.4992389649923896 0.0228310502283105 0.0426179604261796
6 0.573820395738204 0.5060882800608828 0.0426179604261796 0.0319634703196347
6 0.6362252663622526 0.1400304414003044 0.0669710806697108 0.0791476407914764
3 0.15601217656012176 0.9756468797564688 0.1232876712328767 0.0487062404870624
3 0.0684931506849315 0.2534246575342466 0.136986301369863 0.4155251141552511
3 0.03272450532724505 0.8257229832572298 0.0654490106544901 0.1080669710806697
3 0.16362252663622526 0.5312024353120244 0.0745814307458143 0.3409436834094368
3 0.05251141552511415 0.619482496194825 0.1050228310502283 0.3105022831050228
3 0.04337899543378995 0.9444444444444444 0.0867579908675799 0.1050228310502283