5 0.5547945205479452 0.8257229832572298 0.0563165905631659 0.0532724505327245
5 0.6118721461187214 0.8280060882800608 0.0334855403348554 0.0426179604261796
5 0.6423135464231354 0.815068493150685 0.0395738203957382 0.0410958904109589
5 0.5464231354642314 0.8706240487062404 0.0365296803652968 0.0334855403348554
5 0.786910197869102 0.8873668188736682 0.0395738203957382 0.0487062404870624
5 0.7656012176560122 0.9429223744292238 0.0426179604261796 0.0502283105022831
5 0.6605783866057838 0.9193302891933028 0.0547945205479452 0.0487062404870624
5 0.5966514459665144 0.9246575342465754 0.0487062404870624 0.0380517503805175
5 0.4360730593607306 0.9406392694063926 0.0624048706240487 0.045662100456621
5 0.3614916286149163 0.939117199391172 0.0410958904109589 0.0426179604261796
5 0.4178082191780822 0.7450532724505328 0.0350076103500761 0.0441400304414003
7 0.365296803652968 0.5053272450532724 0.0365296803652968 0.030441400304414
7 0.4802130898021309 0.5319634703196348 0.0289193302891933 0.0289193302891933
7 0.6613394216133942 0.4649923896499239 0.0410958904109589 0.0319634703196347
7 0.4824961948249619 0.3599695585996956 0.0243531202435312 0.0197869101978691
6 0.5038051750380518 0.3911719939117199 0.015220700152207 0.0182648401826484
7 0.5228310502283106 0.3607305936073059 0.0197869101978691 0.0182648401826484
7 0.571537290715373 0.4878234398782344 0.0319634703196347 0.0258751902587519
7 0.5213089802130898 0.512937595129376 0.0228310502283105 0.0243531202435312
7 0.4246575342465753 0.4855403348554033 0.0395738203957382 0.0334855403348554
7 0.2861491628614916 0.649923896499239 0.0334855403348554 0.0334855403348554
7 0.1765601217656012 0.8272450532724506 0.0334855403348554 0.0380517503805175
7 0.2595129375951294 0.7656012176560122 0.0319634703196347 0.0365296803652968
7 0.3637747336377473 0.6948249619482496 0.0243531202435312 0.0289193302891933
7 0.6590563165905632 0.5859969558599696 0.030441400304414 0.0395738203957382
7 0.6164383561643836 0.6301369863013698 0.0213089802130898 0.0213089802130898
7 0.6149162861491628 0.593607305936073 0.0243531202435312 0.0213089802130898
7 0.6453576864535768 0.6377473363774734 0.0213089802130898 0.0243531202435312
7 0.7831050228310502 0.7800608828006088 0.0258751902587519 0.0289193302891933
7 0.9383561643835616 0.6856925418569254 0.0258751902587519 0.0258751902587519
7 0.08447488584474885 0.1933028919330289 0.0289193302891933 0.0243531202435312
7 0.02815829528158295 0.5494672754946728 0.0289193302891933 0.0273972602739726
7 0.045662100456621 0.6582952815829528 0.0273972602739726 0.0258751902587519
7 0.23515981735159816 0.882800608828006 0.0350076103500761 0.0273972602739726
7 0.1278538812785388 0.2884322678843227 0.015220700152207 0.0167427701674277
7 0.1050228310502283 0.3607305936073059 0.0182648401826484 0.0213089802130898
6 0.1613394216133942 0.3896499238964992 0.015220700152207 0.015220700152207
6 0.15753424657534246 0.4284627092846271 0.0167427701674277 0.0167427701674277
6 0.4307458143074581 0.3873668188736682 0.0182648401826484 0.0167427701674277
6 0.4421613394216134 0.4185692541856925 0.0106544901065449 0.015220700152207
6 0.60882800608828 0.4345509893455099 0.0273972602739726 0.0197869101978691
6 0.5624048706240488 0.4246575342465753 0.0197869101978691 0.0182648401826484
6 0.6187214611872146 0.3470319634703196 0.0197869101978691 0.015220700152207
6 0.632420091324201 0.2648401826484018 0.0197869101978691 0.015220700152207
6 0.1659056316590563 0.14687975646879756 0.0243531202435312 0.0197869101978691
6 0.12557077625570776 0.08599695585996955 0.0197869101978691 0.0197869101978691
7 0.0213089802130898 0.12709284627092846 0.0243531202435312 0.0258751902587519
7 0.7945205479452054 0.7070015220700152 0.0213089802130898 0.0258751902587519
6 0.7222222222222222 0.6681887366818874 0.0136986301369863 0.0182648401826484
6 0.7267884322678844 0.713089802130898 0.0167427701674277 0.0136986301369863
6 0.756468797564688 0.6362252663622526 0.015220700152207 0.0182648401826484
6 0.8797564687975646 0.649923896499239 0.015220700152207 0.015220700152207
6 0.8942161339421614 0.6704718417047184 0.0106544901065449 0.0106544901065449
6 0.987062404870624 0.7321156773211568 0.0197869101978691 0.0182648401826484
6 0.9581430745814308 0.6164383561643836 0.0136986301369863 0.015220700152207
6 0.6864535768645358 0.5007610350076104 0.0182648401826484 0.0243531202435312
6 0.6818873668188736 0.4208523592085236 0.0243531202435312 0.0228310502283105
7 0.7427701674277016 0.4916286149162861 0.0365296803652968 0.045662100456621
7 0.21537290715372906 0.4178082191780822 0.0350076103500761 0.0350076103500761