0 0.7811550151975684 0.7290715372907154 0.0729483282674772 0.0974124809741248
0 0.8541033434650456 0.7732115677321156 0.057750759878419454 0.076103500761035
0 0.7796352583586627 0.8082191780821918 0.1033434650455927 0.0821917808219178
0 0.7917933130699089 0.880517503805175 0.1094224924012158 0.0715372907153729
0 0.7082066869300911 0.9345509893455098 0.10638297872340426 0.0882800608828006
0 0.8320668693009119 0.9535768645357686 0.10790273556231003 0.0867579908675799
1 0.8351063829787234 0.5464231354642314 0.07142857142857142 0.0730593607305936
1 0.7667173252279635 0.6012176560121766 0.06838905775075987 0.0791476407914764
5 0.8738601823708206 0.6681887366818874 0.12462006079027356 0.1339421613394216
5 0.89209726443769 0.2823439878234399 0.0911854103343465 0.0837138508371385
5 0.9627659574468085 0.3698630136986301 0.07446808510638298 0.0882800608828006
5 0.8442249240121581 0.3729071537290715 0.11702127659574468 0.106544901065449
5 0.9764437689969605 0.4809741248097412 0.04711246200607903 0.091324200913242
5 0.959726443768997 0.6012176560121766 0.08054711246200608 0.1400304414003044
5 0.9559270516717325 0.7617960426179604 0.08814589665653495 0.1263318112633181
7 0.9376899696048632 0.908675799086758 0.0486322188449848 0.0700152207001522
3 0.32142857142857145 0.10730593607305935 0.09574468085106383 0.0837138508371385
3 0.30775075987841943 0.2792998477929985 0.196048632218845 0.2176560121765601
3 0.2689969604863222 0.454337899543379 0.12462006079027356 0.1019786910197869
3 0.09954407294832827 0.7640791476407914 0.19908814589665655 0.3896499238964992
3 0.40197568389057753 0.8097412480974124 0.26595744680851063 0.3592085235920852
3 0.5539513677811551 0.6210045662100456 0.27203647416413373 0.1491628614916286
3 0.9316109422492401 0.0441400304414003 0.13677811550151975 0.0882800608828006
3 0.8822188449848024 0.1476407914764079 0.12917933130699089 0.0730593607305936
3 0.7408814589665653 0.12861491628614916 0.1838905775075988 0.2024353120243531
3 0.7310030395136778 0.502283105022831 0.0729483282674772 0.1248097412480974