6 0.9414893617021277 0.6975683890577508 0.028875379939209727 0.0425531914893617
7 0.7613981762917933 0.9156534954407295 0.060790273556231005 0.08966565349544073
6 0.6762917933130699 0.8639817629179332 0.02735562310030395 0.05015197568389058
7 0.7492401215805471 0.6003039513677811 0.10030395136778116 0.10638297872340426
3 0.708966565349544 0.31458966565349544 0.05319148936170213 0.44680851063829785
6 0.790273556231003 0.3700607902735562 0.06382978723404255 0.05319148936170213
7 0.7849544072948328 0.11094224924012158 0.08358662613981763 0.10030395136778116
7 0.8776595744680851 0.041033434650455926 0.1413373860182371 0.08206686930091185
6 0.06458966565349544 0.7310030395136778 0.028875379939209727 0.0243161094224924
5 0.05851063829787234 0.9779635258358662 0.11094224924012158 0.044072948328267476
6 0.013677811550151976 0.9376899696048632 0.02735562310030395 0.015197568389057751
6 0.10562310030395136 0.6800911854103343 0.07142857142857142 0.025835866261398176
6 0.12234042553191489 0.7446808510638298 0.05927051671732523 0.0486322188449848
6 0.13601823708206687 0.7165653495440729 0.025835866261398176 0.013677811550151976
5 0.17249240121580547 0.9027355623100304 0.1595744680851064 0.1945288753799392
5 0.20592705167173253 0.4376899696048632 0.08358662613981763 0.11550151975683891
5 0.2439209726443769 0.29407294832826747 0.11094224924012158 0.10182370820668693
3 0.6352583586626139 0.1770516717325228 0.0729483282674772 0.34802431610942247
3 0.601823708206687 0.5623100303951368 0.0729483282674772 0.2674772036474164
3 0.574468085106383 0.8358662613981763 0.0729483282674772 0.10638297872340426
3 0.2613981762917933 0.6679331306990881 0.08206686930091185 0.21124620060790272
3 0.6854103343465046 0.7591185410334347 0.0972644376899696 0.13829787234042554