5 0.65220700152207 0.0715372907153729 0.0715372907153729 0.0852359208523592
5 0.7321156773211568 0.07382039573820395 0.0943683409436834 0.1080669710806697
5 0.9147640791476408 0.09665144596651445 0.0943683409436834 0.1171993911719939
5 0.6910197869101978 0.1750380517503805 0.076103500761035 0.0882800608828006
5 0.8089802130898022 0.17579908675799086 0.0989345509893455 0.0837138508371385
5 0.8995433789954338 0.3736681887366819 0.0578386605783866 0.0806697108066971
5 0.9071537290715372 0.2762557077625571 0.060882800608828 0.0898021308980213
5 0.7663622526636226 0.3675799086757991 0.1385083713850837 0.0776255707762557
5 0.7686453576864536 0.2853881278538813 0.091324200913242 0.0928462709284627
5 0.6362252663622526 0.3066971080669711 0.060882800608828 0.0776255707762557
5 0.7123287671232876 0.7267884322678844 0.0730593607305936 0.0898021308980213
5 0.7397260273972602 0.6407914764079148 0.0669710806697108 0.0700152207001522
5 0.745814307458143 0.576103500761035 0.0578386605783866 0.0776255707762557
5 0.8112633181126332 0.4931506849315068 0.0791476407914764 0.0791476407914764
5 0.5966514459665144 0.6210045662100456 0.0700152207001522 0.0791476407914764
5 0.6407914764079148 0.5319634703196348 0.076103500761035 0.0715372907153729
5 0.6811263318112634 0.4589041095890411 0.0806697108066971 0.0654490106544901
5 0.8242009132420092 0.6963470319634704 0.0563165905631659 0.0654490106544901
5 0.8576864535768646 0.6111111111111112 0.0776255707762557 0.0715372907153729
5 0.936834094368341 0.6796042617960426 0.0532724505327245 0.0654490106544901
5 0.8097412480974124 0.815068493150685 0.0700152207001522 0.0989345509893455
5 0.6864535768645358 0.8257229832572298 0.0700152207001522 0.0715372907153729
5 0.7663622526636226 0.9162861491628614 0.0532724505327245 0.0700152207001522
5 0.4041095890410959 0.8424657534246576 0.0898021308980213 0.0867579908675799
5 0.2968036529680365 0.8394216133942162 0.1035007610350076 0.0898021308980213