5 0.17427701674277016 0.0487062404870624 0.1506849315068493 0.0974124809741248
0 0.7747336377473364 0.8599695585996956 0.1126331811263318 0.1308980213089802
0 0.8249619482496194 0.617199391171994 0.0882800608828006 0.0837138508371385
0 0.7092846270928462 0.754185692541857 0.076103500761035 0.0898021308980213
0 0.7625570776255708 0.6940639269406392 0.0882800608828006 0.0639269406392694
0 0.8508371385083714 0.6986301369863014 0.0821917808219178 0.0517503805175038
1 0.8744292237442922 0.8112633181126332 0.0806697108066971 0.0852359208523592
5 0.9459665144596652 0.7420091324200914 0.0593607305936073 0.1019786910197869
5 0.9535768645357686 0.6339421613394216 0.0928462709284627 0.0776255707762557
5 0.9710806697108066 0.454337899543379 0.0578386605783866 0.1050228310502283
5 0.9680365296803652 0.5540334855403348 0.0639269406392694 0.0517503805175038
7 0.860730593607306 0.4010654490106545 0.0898021308980213 0.0989345509893455
7 0.89117199391172 0.4824961948249619 0.0593607305936073 0.0547945205479452
3 0.3409436834094368 0.1004566210045662 0.182648401826484 0.1887366818873668
3 0.2222222222222222 0.317351598173516 0.1582952815829528 0.1719939117199391
3 0.14535768645357686 0.487062404870624 0.1841704718417047 0.1308980213089802
3 0.0806697108066971 0.6704718417047184 0.136986301369863 0.1567732115677321
3 0.6750380517503806 0.09969558599695585 0.2298325722983257 0.1993911719939117
3 0.665144596651446 0.3721461187214612 0.1339421613394216 0.1111111111111111
3 0.9101978691019786 0.06468797564687975 0.1796042617960426 0.1293759512937595
3 0.5669710806697108 0.2617960426179604 0.1415525114155251 0.091324200913242
3 0.54337899543379 0.8751902587519026 0.121765601217656 0.1735159817351598
3 0.289193302891933 0.923896499238965 0.1248097412480974 0.1461187214611872
3 0.4170471841704718 0.9604261796042618 0.091324200913242 0.0791476407914764
3 0.4786910197869102 0.5441400304414004 0.1324200913242009 0.1659056316590563
3 0.6202435312024354 0.6035007610350076 0.1050228310502283 0.2633181126331811