5 0.4444444444444444 0.3668188736681887 0.1887366818873668 0.1917808219178082
5 0.6331811263318112 0.7191780821917808 0.106544901065449 0.1354642313546423
5 0.08904109589041095 0.576103500761035 0.1324200913242009 0.1659056316590563
5 0.17884322678843226 0.2922374429223744 0.1780821917808219 0.1887366818873668
5 0.9162861491628614 0.6187214611872146 0.1248097412480974 0.1476407914764079
5 0.8896499238964992 0.3455098934550989 0.1993911719939117 0.1735159817351598
5 0.2770167427701674 0.654490106544901 0.1856925418569254 0.197869101978691
5 0.5045662100456622 0.6133942161339422 0.1476407914764079 0.1765601217656012
5 0.684931506849315 0.4322678843226788 0.1339421613394216 0.136986301369863
5 0.7686453576864536 0.7701674277016742 0.1004566210045662 0.0974124809741248
5 0.5677321156773212 0.9193302891933028 0.0974124809741248 0.0821917808219178
5 0.7229832572298326 0.908675799086758 0.1004566210045662 0.0882800608828006
5 0.3820395738203957 0.9459665144596652 0.1248097412480974 0.0837138508371385
5 0.802130898021309 0.4954337899543379 0.121765601217656 0.0898021308980213
5 0.5829528158295282 0.09208523592085235 0.1735159817351598 0.1202435312024353
5 0.3660578386605784 0.09512937595129375 0.1963470319634703 0.1506849315068493
5 0.875951293759513 0.8614916286149162 0.0867579908675799 0.0852359208523592
5 0.936834094368341 0.7519025875190258 0.0745814307458143 0.0821917808219178
5 0.1948249619482496 0.941400304414003 0.091324200913242 0.1111111111111111
5 0.2465753424657534 0.4550989345509893 0.0943683409436834 0.1004566210045662
5 0.784627092846271 0.18340943683409436 0.1415525114155251 0.1293759512937595
5 0.906392694063927 0.0410958904109589 0.0989345509893455 0.0821917808219178
5 0.7519025875190258 0.0395738203957382 0.1004566210045662 0.0791476407914764
5 0.4923896499238965 0.8188736681887366 0.0806697108066971 0.060882800608828
5 0.06468797564687975 0.1171993911719939 0.1293759512937595 0.1613394216133942