5 0.8875379939209727 0.8693009118541033 0.2066869300911854 0.2613981762917933
5 0.547112462006079 0.10258358662613981 0.2553191489361702 0.19300911854103345
5 0.09878419452887538 0.5805471124620061 0.1884498480243161 0.22492401215805471
5 0.45896656534954405 0.9224924012158054 0.22188449848024316 0.15501519756838905
5 0.6276595744680851 0.8890577507598785 0.11854103343465046 0.1337386018237082
5 0.662613981762918 0.7272036474164134 0.1884498480243161 0.196048632218845
5 0.4566869300911854 0.7697568389057751 0.21732522796352582 0.1534954407294833
5 0.22492401215805471 0.7712765957446809 0.16109422492401215 0.1656534954407295
5 0.08206686930091185 0.9095744680851063 0.1641337386018237 0.18085106382978725
5 0.06382978723404255 0.20516717325227962 0.1276595744680851 0.1398176291793313
5 0.8898176291793313 0.09422492401215805 0.22036474164133737 0.1884498480243161
5 0.8472644376899696 0.574468085106383 0.16869300911854104 0.15501519756838905
5 0.5493920972644377 0.5835866261398176 0.196048632218845 0.22188449848024316
5 0.31762917933130697 0.3951367781155015 0.2006079027355623 0.2127659574468085
5 0.31990881458966564 0.5972644376899696 0.21732522796352582 0.2066869300911854
5 0.7036474164133738 0.41109422492401215 0.19756838905775076 0.19300911854103345
5 0.520516717325228 0.3533434650455927 0.21124620060790272 0.23556231003039513
5 0.9080547112462006 0.3252279635258359 0.1534954407294833 0.19148936170212766