6 0.7062404870624048 0.1628614916286149 0.0121765601217656 0.0182648401826484
6 0.723744292237443 0.1750380517503805 0.0167427701674277 0.0243531202435312
6 0.7275494672754946 0.2648401826484018 0.015220700152207 0.0121765601217656
6 0.7359208523592086 0.22907153729071536 0.0380517503805175 0.0197869101978691
6 0.7519025875190258 0.2709284627092846 0.0213089802130898 0.0182648401826484
6 0.708523592085236 0.2929984779299848 0.0106544901065449 0.0106544901065449
6 0.6948249619482496 0.3264840182648402 0.0106544901065449 0.0106544901065449
6 0.9474885844748858 0.3660578386605784 0.0197869101978691 0.0197869101978691
6 0.9490106544901066 0.4779299847792998 0.0106544901065449 0.0121765601217656
6 0.9710806697108066 0.4878234398782344 0.015220700152207 0.0167427701674277
6 0.8158295281582952 0.5380517503805176 0.0213089802130898 0.0167427701674277
6 0.8554033485540334 0.5791476407914764 0.015220700152207 0.0136986301369863
6 0.8721461187214612 0.6263318112633182 0.0273972602739726 0.0228310502283105
6 0.9901065449010654 0.6354642313546424 0.0167427701674277 0.0350076103500761
6 0.9178082191780822 0.6902587519025876 0.0213089802130898 0.0167427701674277
6 0.8622526636225266 0.7526636225266362 0.0197869101978691 0.0197869101978691
6 0.9497716894977168 0.7617960426179604 0.030441400304414 0.0228310502283105
0 0.9771689497716894 0.9550989345509894 0.0395738203957382 0.0745814307458143
6 0.8211567732115678 0.8599695585996956 0.0441400304414003 0.076103500761035
6 0.741248097412481 0.8797564687975646 0.0273972602739726 0.0273972602739726
6 0.7861491628614916 0.9200913242009132 0.0228310502283105 0.0167427701674277
6 0.6834094368340944 0.9512937595129376 0.0091324200913242 0.0182648401826484
6 0.7161339421613394 0.9505327245053272 0.0258751902587519 0.0167427701674277
6 0.7648401826484018 0.832572298325723 0.0258751902587519 0.015220700152207
6 0.5700152207001522 0.9786910197869102 0.0197869101978691 0.0182648401826484
6 0.5700152207001522 0.863013698630137 0.0258751902587519 0.0273972602739726
6 0.5395738203957382 0.8531202435312024 0.0136986301369863 0.0228310502283105
6 0.5220700152207002 0.8036529680365296 0.0273972602739726 0.0273972602739726
6 0.4665144596651446 0.9056316590563166 0.0197869101978691 0.0182648401826484
6 0.4687975646879756 0.9383561643835616 0.0213089802130898 0.0167427701674277
6 0.4429223744292237 0.9817351598173516 0.0365296803652968 0.0365296803652968
6 0.3614916286149163 0.9908675799086758 0.0197869101978691 0.0182648401826484
6 0.2929984779299848 0.941400304414003 0.0228310502283105 0.0319634703196347
6 0.2313546423135464 0.9018264840182648 0.0273972602739726 0.0258751902587519
6 0.17427701674277016 0.9528158295281582 0.0197869101978691 0.0121765601217656
6 0.45662100456621 0.8554033485540334 0.0182648401826484 0.015220700152207
6 0.423896499238965 0.9124809741248098 0.0258751902587519 0.0228310502283105
6 0.3249619482496195 0.8812785388127854 0.0258751902587519 0.0213089802130898
6 0.3234398782343988 0.8546423135464232 0.0228310502283105 0.0258751902587519
6 0.334855403348554 0.8287671232876712 0.0213089802130898 0.0258751902587519
6 0.3105022831050228 0.8257229832572298 0.0243531202435312 0.0228310502283105
6 0.4033485540334855 0.8637747336377474 0.0243531202435312 0.0228310502283105
6 0.3668188736681887 0.9018264840182648 0.015220700152207 0.0197869101978691
6 0.2800608828006088 0.8774733637747336 0.0273972602739726 0.0228310502283105
6 0.2617960426179604 0.8242009132420092 0.0213089802130898 0.0197869101978691
6 0.19558599695585996 0.8318112633181126 0.0197869101978691 0.0197869101978691
6 0.2526636225266362 0.662861491628615 0.030441400304414 0.0319634703196347
6 0.1719939117199391 0.7298325722983258 0.015220700152207 0.0228310502283105
6 0.2298325722983257 0.6400304414003044 0.0243531202435312 0.0228310502283105
6 0.1902587519025875 0.5837138508371386 0.0243531202435312 0.0167427701674277
6 0.23363774733637746 0.5289193302891934 0.0289193302891933 0.0319634703196347
6 0.21689497716894976 0.4855403348554033 0.0258751902587519 0.0243531202435312
6 0.5243531202435312 0.9178082191780822 0.0258751902587519 0.0243531202435312
6 0.4916286149162861 0.863013698630137 0.0213089802130898 0.015220700152207
6 0.5829528158295282 0.7929984779299848 0.0213089802130898 0.0182648401826484
6 0.5578386605783866 0.7024353120243532 0.0197869101978691 0.0258751902587519
6 0.5197869101978692 0.7168949771689498 0.0197869101978691 0.0091324200913242
6 0.6925418569254186 0.6575342465753424 0.0243531202435312 0.0121765601217656
6 0.7184170471841704 0.6118721461187214 0.015220700152207 0.0243531202435312
6 0.6537290715372908 0.5449010654490106 0.0228310502283105 0.0182648401826484
6 0.5958904109589042 0.5722983257229832 0.0167427701674277 0.0243531202435312
6 0.6210045662100456 0.4863013698630137 0.0517503805175038 0.0258751902587519
6 0.906392694063927 0.5266362252663622 0.0228310502283105 0.0213089802130898
7 0.4535768645357686 0.6750380517503806 0.0730593607305936 0.0563165905631659
7 0.3622526636225266 0.3926940639269406 0.0669710806697108 0.060882800608828
7 0.6133942161339422 0.380517503805175 0.0578386605783866 0.0517503805175038
7 0.6164383561643836 0.2884322678843227 0.060882800608828 0.0532724505327245
7 0.3455098934550989 0.2298325722983257 0.0273972602739726 0.0639269406392694
7 0.4550989345509893 0.3835616438356164 0.0974124809741248 0.0578386605783866
6 0.5555555555555556 0.4535768645357686 0.0517503805175038 0.0243531202435312
6 0.4048706240487062 0.4893455098934551 0.015220700152207 0.0136986301369863
6 0.4041095890410959 0.525875190258752 0.0167427701674277 0.0136986301369863
6 0.4550989345509893 0.471841704718417 0.0213089802130898 0.0182648401826484
6 0.4337899543378995 0.4520547945205479 0.0121765601217656 0.0121765601217656
6 0.4406392694063927 0.525875190258752 0.0197869101978691 0.0228310502283105
7 0.3508371385083714 0.669710806697108 0.0350076103500761 0.0243531202435312
6 0.319634703196347 0.713089802130898 0.015220700152207 0.0167427701674277