5 0.5334855403348554 0.11474164133738601 0.3485540334855403 0.22948328267477203
5 0.7960426179604262 0.6048632218844985 0.197869101978691 0.26443768996960487
5 0.6126331811263318 0.682370820668693 0.1750380517503805 0.1945288753799392
5 0.256468797564688 0.621580547112462 0.2694063926940639 0.25835866261398177
5 0.3264840182648402 0.21048632218844984 0.3089802130898021 0.25379939209726443
5 0.1019786910197869 0.4848024316109423 0.2039573820395738 0.3130699088145897
5 0.4010654490106545 0.42021276595744683 0.2085235920852359 0.18693009118541035
5 0.5487062404870624 0.49240121580547114 0.1872146118721461 0.2006079027355623
5 0.8972602739726028 0.3351063829787234 0.2054794520547945 0.25987841945288753
1 0.9330289193302892 0.8776595744680851 0.1339421613394216 0.1778115501519757
5 0.601978691019787 0.9050151975683891 0.2115677321156773 0.1838905775075988
5 0.3097412480974125 0.9042553191489362 0.2054794520547945 0.19148936170212766
5 0.09208523592085235 0.8822188449848024 0.1841704718417047 0.196048632218845
5 0.723744292237443 0.33966565349544076 0.1506849315068493 0.17477203647416414
5 0.0730593607305936 0.07142857142857142 0.1461187214611872 0.14285714285714285
5 0.8462709284627092 0.11246200607902736 0.3074581430745814 0.2188449848024316
5 0.4520547945205479 0.7355623100303952 0.1400304414003044 0.14893617021276595
5 0.939117199391172 0.5987841945288754 0.121765601217656 0.21580547112462006
5 0.15601217656012176 0.3123100303951368 0.2237442922374429 0.22644376899696048