5 0.606544901065449 0.37462006079027355 0.2328767123287671 0.26595744680851063
5 0.8515981735159818 0.48024316109422494 0.2541856925418569 0.3556231003039514
5 0.6354642313546424 0.6648936170212766 0.2633181126331811 0.22036474164133737
5 0.5806697108066972 0.8890577507598785 0.1993911719939117 0.2188449848024316
5 0.30441400304414 0.89209726443769 0.289193302891933 0.21580547112462006
5 0.365296803652968 0.5227963525835866 0.258751902587519 0.182370820668693
1 0.3546423135464231 0.7044072948328267 0.1856925418569254 0.15045592705167174
5 0.5426179604261796 0.08434650455927052 0.1689497716894977 0.16869300911854104
5 0.20776255707762556 0.2933130699088146 0.2359208523592085 0.22492401215805471
5 0.8424657534246576 0.13601823708206687 0.2876712328767123 0.256838905775076
5 0.8858447488584474 0.851823708206687 0.228310502283105 0.29635258358662614
5 0.07838660578386605 0.08206686930091185 0.1537290715372907 0.1641337386018237
5 0.09817351598173515 0.5113981762917933 0.1963470319634703 0.24164133738601823
5 0.3226788432267884 0.20288753799392098 0.2648401826484018 0.25379939209726443