0 0.850076103500761 0.11187214611872145 0.0654490106544901 0.0532724505327245
0 0.7579908675799086 0.0395738203957382 0.0852359208523592 0.0700152207001522
0 0.9535768645357686 0.0563165905631659 0.0654490106544901 0.0578386605783866
0 0.556316590563166 0.0487062404870624 0.0563165905631659 0.076103500761035
0 0.654490106544901 0.0182648401826484 0.1035007610350076 0.0365296803652968
0 0.6255707762557078 0.08599695585996955 0.060882800608828 0.0684931506849315
0 0.5007610350076104 0.12557077625570776 0.091324200913242 0.0654490106544901
0 0.578386605783866 0.1232876712328767 0.0547945205479452 0.0639269406392694
0 0.7640791476407914 0.1476407914764079 0.0700152207001522 0.0547945205479452
0 0.6986301369863014 0.0928462709284627 0.0730593607305936 0.0395738203957382
0 0.6202435312024354 0.17884322678843226 0.1080669710806697 0.0380517503805175
0 0.6567732115677322 0.14079147640791476 0.0624048706240487 0.0289193302891933
0 0.578386605783866 0.2663622526636225 0.0943683409436834 0.060882800608828
0 0.8203957382039574 0.182648401826484 0.030441400304414 0.0700152207001522
0 0.8713850837138508 0.2267884322678843 0.0654490106544901 0.1004566210045662
0 0.9094368340943684 0.2823439878234399 0.0380517503805175 0.0593607305936073
0 0.9687975646879756 0.2861491628614916 0.0532724505327245 0.0426179604261796
0 0.8386605783866058 0.02359208523592085 0.0730593607305936 0.0471841704718417
0 0.7777777777777778 0.09969558599695585 0.0669710806697108 0.0441400304414003
0 0.5943683409436834 0.2404870624048706 0.0715372907153729 0.0882800608828006
0 0.7047184170471842 0.20776255707762556 0.0669710806697108 0.0989345509893455
0 0.7990867579908676 0.2747336377473364 0.0700152207001522 0.0684931506849315
0 0.7648401826484018 0.20319634703196346 0.0654490106544901 0.0502283105022831
0 0.5829528158295282 0.3576864535768645 0.0882800608828006 0.0578386605783866
0 0.682648401826484 0.3538812785388128 0.1080669710806697 0.0806697108066971
0 0.9710806697108066 0.3729071537290715 0.0578386605783866 0.106544901065449
0 0.8028919330289194 0.3439878234398782 0.0898021308980213 0.0487062404870624
0 0.8074581430745814 0.3995433789954338 0.0958904109589041 0.0563165905631659
0 0.8295281582952816 0.4687975646879756 0.076103500761035 0.0700152207001522
0 0.969558599695586 0.5251141552511416 0.060882800608828 0.1095890410958904
0 0.9010654490106544 0.3828006088280061 0.0669710806697108 0.0745814307458143
0 0.9124809741248098 0.4490106544901065 0.0532724505327245 0.0334855403348554
0 0.6727549467275494 0.4535768645357686 0.0395738203957382 0.0639269406392694
0 0.4786910197869102 0.4421613394216134 0.0806697108066971 0.0350076103500761
0 0.4748858447488584 0.3729071537290715 0.0578386605783866 0.0730593607305936
0 0.5334855403348554 0.4771689497716895 0.0806697108066971 0.0654490106544901
0 0.4132420091324201 0.4893455098934551 0.0684931506849315 0.0654490106544901
0 0.6149162861491628 0.4337899543378995 0.0547945205479452 0.0547945205479452
0 0.6316590563165906 0.4863013698630137 0.076103500761035 0.0471841704718417
0 0.7602739726027398 0.5060882800608828 0.0502283105022831 0.0563165905631659
0 0.7039573820395738 0.532724505327245 0.0654490106544901 0.0517503805175038
0 0.6461187214611872 0.5540334855403348 0.0867579908675799 0.0547945205479452
0 0.6004566210045662 0.5875190258751902 0.0471841704718417 0.0487062404870624
0 0.6529680365296804 0.6103500761035008 0.0517503805175038 0.0487062404870624
0 0.9033485540334856 0.5182648401826484 0.0654490106544901 0.0654490106544901
0 0.7450532724505328 0.5852359208523592 0.0867579908675799 0.0654490106544901
0 0.9779299847792998 0.636986301369863 0.0410958904109589 0.0654490106544901
0 0.9277016742770168 0.665144596651446 0.0776255707762557 0.0700152207001522
0 0.8797564687975646 0.7313546423135464 0.076103500761035 0.0989345509893455
0 0.6986301369863014 0.7420091324200914 0.0700152207001522 0.0684931506849315
0 0.5753424657534246 0.6757990867579908 0.091324200913242 0.0852359208523592
0 0.5981735159817352 0.6453576864535768 0.076103500761035 0.0426179604261796
0 0.7062404870624048 0.6316590563165906 0.045662100456621 0.0334855403348554
0 0.776255707762557 0.6963470319634704 0.0882800608828006 0.1202435312024353
0 0.3470319634703196 0.5700152207001522 0.0852359208523592 0.0715372907153729
0 0.243531202435312 0.5372907153729072 0.106544901065449 0.0882800608828006
0 0.23972602739726026 0.6080669710806698 0.0776255707762557 0.0532724505327245
0 0.13622526636225266 0.515220700152207 0.0502283105022831 0.0989345509893455
0 0.05859969558599695 0.5426179604261796 0.0928462709284627 0.1111111111111111
0 0.02968036529680365 0.5974124809741248 0.0532724505327245 0.1293759512937595
0 0.12404870624048706 0.601978691019787 0.0532724505327245 0.0563165905631659
0 0.0821917808219178 0.6407914764079148 0.0669710806697108 0.0547945205479452
0 0.04642313546423135 0.7366818873668188 0.0928462709284627 0.1248097412480974
0 0.13013698630136986 0.7191780821917808 0.0563165905631659 0.0532724505327245
0 0.15296803652968036 0.662861491628615 0.0532724505327245 0.0532724505327245
0 0.4665144596651446 0.6666666666666666 0.0684931506849315 0.0487062404870624
0 0.5228310502283106 0.5882800608828006 0.0684931506849315 0.0563165905631659
0 0.4436834094368341 0.5722983257229832 0.0837138508371385 0.0517503805175038
0 0.3987823439878234 0.6377473363774734 0.0669710806697108 0.0547945205479452
0 0.0213089802130898 0.0867579908675799 0.0426179604261796 0.0578386605783866
0 0.0289193302891933 0.02663622526636225 0.0547945205479452 0.0471841704718417
0 0.1354642313546423 0.02663622526636225 0.0487062404870624 0.0441400304414003
0 0.1948249619482496 0.030441400304414 0.060882800608828 0.0395738203957382
0 0.08599695585996955 0.03881278538812785 0.0624048706240487 0.0380517503805175
0 0.02054794520547945 0.17123287671232876 0.0380517503805175 0.0776255707762557
1 0.23059360730593606 0.22754946727549466 0.0471841704718417 0.0289193302891933
1 0.24885844748858446 0.18188736681887366 0.0380517503805175 0.0350076103500761
1 0.2207001522070015 0.271689497716895 0.0334855403348554 0.0502283105022831
1 0.1750380517503805 0.12404870624048706 0.0334855403348554 0.0441400304414003
1 0.0715372907153729 0.11035007610350075 0.0395738203957382 0.0471841704718417
1 0.0624048706240487 0.1780821917808219 0.030441400304414 0.0639269406392694
1 0.23211567732115676 0.4368340943683409 0.0441400304414003 0.0395738203957382
1 0.12861491628614916 0.3675799086757991 0.0563165905631659 0.0563165905631659
1 0.16362252663622526 0.2176560121765601 0.0350076103500761 0.0487062404870624
1 0.3280060882800609 0.1872146118721461 0.0532724505327245 0.076103500761035
1 0.3896499238964992 0.3386605783866058 0.0578386605783866 0.0380517503805175
1 0.2070015220700152 0.3242009132420091 0.0395738203957382 0.0334855403348554
1 0.2595129375951294 0.3158295281582953 0.0380517503805175 0.0319634703196347
1 0.3508371385083714 0.3226788432267884 0.0410958904109589 0.0365296803652968
1 0.3226788432267884 0.286910197869102 0.045662100456621 0.0289193302891933
5 0.3972602739726027 0.2465753424657534 0.0700152207001522 0.0730593607305936
5 0.2952815829528158 0.7009132420091324 0.091324200913242 0.0654490106544901
5 0.0334855403348554 0.9497716894977168 0.0639269406392694 0.0791476407914764
5 0.4497716894977169 0.926179604261796 0.1324200913242009 0.0684931506849315
5 0.20928462709284626 0.7831050228310502 0.0776255707762557 0.0684931506849315
5 0.1598173515981735 0.8592085235920852 0.0882800608828006 0.0776255707762557
5 0.2945205479452055 0.9619482496194824 0.1232876712328767 0.0730593607305936
5 0.13470319634703196 0.9467275494672754 0.1019786910197869 0.0791476407914764
5 0.2633181126331811 0.8706240487062404 0.0882800608828006 0.0578386605783866
5 0.3729071537290715 0.7975646879756468 0.1035007610350076 0.0730593607305936
5 0.952054794520548 0.16514459665144596 0.0958904109589041 0.1293759512937595
5 0.971841704718417 0.8165905631659056 0.0563165905631659 0.0806697108066971
5 0.9680365296803652 0.9512937595129376 0.0639269406392694 0.0943683409436834
5 0.806697108066971 0.9764079147640792 0.0852359208523592 0.0441400304414003
5 0.8987823439878234 0.8417047184170472 0.0745814307458143 0.0639269406392694
5 0.8698630136986302 0.9155251141552512 0.0989345509893455 0.0745814307458143
1 0.7374429223744292 0.84779299847793 0.0867579908675799 0.0730593607305936