1 0.9786910197869102 0.3028919330289193 0.0426179604261796 0.0426179604261796
1 0.710806697108067 0.1202435312024353 0.0426179604261796 0.0426179604261796
1 0.8226788432267884 0.12557077625570776 0.0502283105022831 0.0441400304414003
1 0.8470319634703196 0.4048706240487062 0.0532724505327245 0.060882800608828
1 0.8340943683409436 0.2929984779299848 0.060882800608828 0.0593607305936073
1 0.6712328767123288 0.5662100456621004 0.0487062404870624 0.0639269406392694
1 0.715372907153729 0.6613394216133942 0.0517503805175038 0.0563165905631659
1 0.8333333333333334 0.2024353120243531 0.0532724505327245 0.0487062404870624
1 0.7351598173515982 0.23363774733637746 0.0700152207001522 0.0502283105022831
1 0.6491628614916286 0.2808219178082192 0.0593607305936073 0.0502283105022831
5 0.9185692541856926 0.2503805175038052 0.0624048706240487 0.0715372907153729
1 0.9452054794520548 0.1963470319634703 0.0639269406392694 0.0700152207001522
5 0.969558599695586 0.0517503805175038 0.060882800608828 0.091324200913242
5 0.7519025875190258 0.04794520547945205 0.106544901065449 0.0806697108066971
5 0.6362252663622526 0.0624048706240487 0.091324200913242 0.060882800608828
5 0.5365296803652968 0.1400304414003044 0.0715372907153729 0.106544901065449
5 0.654490106544901 0.17579908675799086 0.0974124809741248 0.1080669710806697
5 0.5418569254185692 0.2899543378995434 0.1430745814307458 0.0654490106544901
5 0.5487062404870624 0.2526636225266362 0.0928462709284627 0.0730593607305936
5 0.5038051750380518 0.4041095890410959 0.0700152207001522 0.0715372907153729
5 0.5273972602739726 0.3493150684931507 0.0684931506849315 0.0593607305936073
5 0.7785388127853882 0.3249619482496195 0.0745814307458143 0.0958904109589041
5 0.6681887366818874 0.423896499238965 0.060882800608828 0.0989345509893455
5 0.7602739726027398 0.4269406392694064 0.0563165905631659 0.0593607305936073
5 0.756468797564688 0.5593607305936074 0.0547945205479452 0.0624048706240487
5 0.8949771689497716 0.5060882800608828 0.0943683409436834 0.0837138508371385
5 0.9497716894977168 0.380517503805175 0.0517503805175038 0.045662100456621
5 0.921613394216134 0.3257229832572298 0.0532724505327245 0.0426179604261796
5 0.9771689497716894 0.6331811263318112 0.0395738203957382 0.0974124809741248
1 0.8706240487062404 0.6621004566210046 0.0517503805175038 0.0395738203957382
5 0.939117199391172 0.7275494672754946 0.091324200913242 0.0882800608828006
5 0.6643835616438356 0.6788432267884322 0.0624048706240487 0.0821917808219178
5 0.713089802130898 0.7572298325722984 0.1415525114155251 0.0715372907153729
1 0.9634703196347032 0.8637747336377474 0.0730593607305936 0.0715372907153729
5 0.9208523592085236 0.969558599695586 0.15220700152207 0.060882800608828
5 0.0441400304414003 0.8881278538812786 0.0669710806697108 0.0593607305936073
5 0.0395738203957382 0.9649923896499238 0.076103500761035 0.0700152207001522
5 0.13470319634703196 0.9528158295281582 0.1019786910197869 0.091324200913242
5 0.2359208523592085 0.9710806697108066 0.060882800608828 0.0547945205479452