7 0.4824961948249619 0.6263318112633182 0.1856925418569254 0.1293759512937595
6 0.8439878234398782 0.2579908675799087 0.1019786910197869 0.1202435312024353
6 0.6004566210045662 0.4383561643835616 0.0471841704718417 0.045662100456621
6 0.7382039573820396 0.3188736681887367 0.0882800608828006 0.0745814307458143
3 0.6491628614916286 0.3409436834094368 0.0593607305936073 0.091324200913242
3 0.723744292237443 0.3972602739726027 0.0502283105022831 0.0395738203957382
3 0.5015220700152208 0.84779299847793 0.0684931506849315 0.0547945205479452
5 0.5616438356164384 0.16666666666666666 0.3074581430745814 0.1872146118721461
5 0.471841704718417 0.3394216133942161 0.2313546423135464 0.136986301369863
5 0.1354642313546423 0.7488584474885844 0.2709284627092846 0.2831050228310502
1 0.7884322678843226 0.05707762557077625 0.2252663622526636 0.1141552511415525