5 0.4878234398782344 0.510654490106545 0.0989345509893455 0.1689497716894977
5 0.14840182648401826 0.22298325722983256 0.1476407914764079 0.2054794520547945
5 0.2762557077625571 0.060882800608828 0.1263318112633181 0.1156773211567732
5 0.952054794520548 0.2252663622526636 0.0958904109589041 0.121765601217656
5 0.9101978691019786 0.0776255707762557 0.1796042617960426 0.1430745814307458
5 0.7496194824961948 0.0593607305936073 0.1293759512937595 0.106544901065449
5 0.7328767123287672 0.1811263318112633 0.0867579908675799 0.121765601217656
5 0.9383561643835616 0.8812785388127854 0.1141552511415525 0.2374429223744292
5 0.76103500761035 0.7313546423135464 0.1613394216133942 0.2085235920852359
5 0.6057838660578386 0.8051750380517504 0.1248097412480974 0.1095890410958904
5 0.6339421613394216 0.7275494672754946 0.0776255707762557 0.0791476407914764
5 0.8089802130898022 0.8919330289193302 0.1080669710806697 0.0578386605783866
5 0.8417047184170472 0.9771689497716894 0.0578386605783866 0.0395738203957382
5 0.8211567732115678 0.9345509893455098 0.0319634703196347 0.0395738203957382
5 0.7549467275494672 0.9299847792998478 0.076103500761035 0.0669710806697108
5 0.7039573820395738 0.9802130898021308 0.0532724505327245 0.0365296803652968
5 0.6887366818873668 0.9269406392694064 0.0471841704718417 0.0395738203957382
5 0.5692541856925418 0.9429223744292238 0.0639269406392694 0.0715372907153729
5 0.6301369863013698 0.928462709284627 0.0578386605783866 0.121765601217656
5 0.487062404870624 0.662861491628615 0.1643835616438356 0.1232876712328767
5 0.4429223744292237 0.815068493150685 0.1095890410958904 0.1111111111111111
5 0.2983257229832572 0.9094368340943684 0.0882800608828006 0.0867579908675799
5 0.4025875190258752 0.8926940639269406 0.0593607305936073 0.0410958904109589
5 0.5121765601217656 0.9101978691019786 0.0624048706240487 0.0334855403348554
5 0.439117199391172 0.9558599695585996 0.0654490106544901 0.060882800608828
5 0.3607305936073059 0.9817351598173516 0.0821917808219178 0.0365296803652968
5 0.20471841704718416 0.8843226788432268 0.0867579908675799 0.0791476407914764
5 0.21841704718417046 0.9726027397260274 0.1019786910197869 0.0547945205479452
5 0.3036529680365297 0.4832572298325723 0.1171993911719939 0.0928462709284627
5 0.22754946727549466 0.5509893455098934 0.0867579908675799 0.076103500761035
5 0.2747336377473364 0.6400304414003044 0.0684931506849315 0.0593607305936073
5 0.3234398782343988 0.5844748858447488 0.0837138508371385 0.0639269406392694
5 0.3226788432267884 0.7138508371385084 0.1156773211567732 0.0700152207001522
5 0.9353120243531202 0.5570776255707762 0.1293759512937595 0.1339421613394216
5 0.9337899543378996 0.4185692541856925 0.1324200913242009 0.1278538812785388
5 0.8013698630136986 0.4512937595129376 0.1019786910197869 0.1050228310502283
5 0.7519025875190258 0.5639269406392694 0.0974124809741248 0.0928462709284627
5 0.6400304414003044 0.4726027397260274 0.1050228310502283 0.0684931506849315
5 0.6757990867579908 0.4284627092846271 0.1095890410958904 0.0837138508371385
5 0.6613394216133942 0.5875190258751902 0.0593607305936073 0.106544901065449
5 0.573820395738204 0.1004566210045662 0.0669710806697108 0.076103500761035
5 0.5677321156773212 0.2039573820395738 0.1796042617960426 0.0852359208523592
5 0.547945205479452 0.15296803652968036 0.0852359208523592 0.0502283105022831
5 0.4063926940639269 0.3614916286149163 0.0517503805175038 0.0441400304414003
5 0.4056316590563166 0.1887366818873668 0.0745814307458143 0.076103500761035
5 0.3485540334855403 0.2929984779299848 0.0517503805175038 0.0563165905631659
5 0.5875190258751902 0.2990867579908676 0.0882800608828006 0.0867579908675799
5 0.8462709284627092 0.3242009132420091 0.1095890410958904 0.1187214611872146
5 0.8721461187214612 0.7077625570776256 0.106544901065449 0.121765601217656
5 0.2009132420091324 0.7039573820395738 0.1035007610350076 0.0958904109589041
5 0.2420091324200913 0.8006088280060882 0.1035007610350076 0.1035007610350076
5 0.256468797564688 0.1872146118721461 0.1019786910197869 0.1187214611872146
5 0.2815829528158295 0.3013698630136986 0.0943683409436834 0.0700152207001522
5 0.2709284627092846 0.4033485540334855 0.0821917808219178 0.0852359208523592
5 0.4779299847792998 0.10121765601217655 0.076103500761035 0.0654490106544901