7 0.350076103500761 0.0882800608828006 0.0882800608828006 0.1004566210045662
5 0.2876712328767123 0.21080669710806696 0.1796042617960426 0.1993911719939117
5 0.2914764079147641 0.7207001522070016 0.2085235920852359 0.3242009132420091
5 0.8964992389649924 0.7496194824961948 0.1035007610350076 0.0867579908675799
5 0.9421613394216134 0.941400304414003 0.1156773211567732 0.1141552511415525
5 0.954337899543379 0.5684931506849316 0.091324200913242 0.0928462709284627
7 0.939117199391172 0.4345509893455099 0.0974124809741248 0.1506849315068493
5 0.9467275494672754 0.6537290715372908 0.106544901065449 0.1232876712328767
5 0.8774733637747336 0.8340943683409436 0.0776255707762557 0.0974124809741248
5 0.799847792998478 0.8158295281582952 0.1171993911719939 0.136986301369863
3 0.4748858447488584 0.4383561643835616 0.197869101978691 0.2404870624048706
3 0.4794520547945205 0.7792998477929984 0.1552511415525114 0.4353120243531202
3 0.682648401826484 0.8866057838660578 0.1080669710806697 0.2176560121765601
3 0.786910197869102 0.3691019786910198 0.1796042617960426 0.7382039573820396
3 0.4855403348554033 0.15449010654490106 0.1613394216133942 0.3089802130898021
3 0.9406392694063926 0.17579908675799086 0.1187214611872146 0.3394216133942161