5 0.9429223744292238 0.07382039573820395 0.1111111111111111 0.1141552511415525
5 0.8401826484018264 0.06316590563165905 0.1339421613394216 0.0928462709284627
5 0.7138508371385084 0.0669710806697108 0.1339421613394216 0.1095890410958904
5 0.5981735159817352 0.07534246575342465 0.106544901065449 0.0958904109589041
5 0.3470319634703196 0.02054794520547945 0.1004566210045662 0.0410958904109589
5 0.228310502283105 0.05555555555555555 0.1430745814307458 0.1050228310502283
5 0.0273972602739726 0.20928462709284626 0.0547945205479452 0.1628614916286149
5 0.08295281582952815 0.09056316590563165 0.0989345509893455 0.1080669710806697
5 0.13774733637747336 0.2054794520547945 0.1354642313546423 0.091324200913242
5 0.3051750380517504 0.182648401826484 0.1963470319634703 0.076103500761035
5 0.4893455098934551 0.2313546423135464 0.1111111111111111 0.1126331811263318
5 0.4939117199391172 0.1278538812785388 0.0684931506849315 0.1156773211567732
5 0.593607305936073 0.1963470319634703 0.0852359208523592 0.1095890410958904
5 0.5943683409436834 0.3074581430745814 0.0898021308980213 0.0639269406392694
5 0.6902587519025876 0.2267884322678843 0.1050228310502283 0.1187214611872146
5 0.806697108066971 0.182648401826484 0.0791476407914764 0.0639269406392694
5 0.9315068493150684 0.1765601217656012 0.136986301369863 0.0821917808219178
5 0.8904109589041096 0.2937595129375951 0.1004566210045662 0.0943683409436834
5 0.6712328767123288 0.3866057838660578 0.1278538812785388 0.121765601217656
5 0.5182648401826484 0.3774733637747336 0.1476407914764079 0.106544901065449
5 0.3462709284627093 0.3668188736681887 0.1202435312024353 0.0974124809741248
5 0.18493150684931506 0.3264840182648402 0.1293759512937595 0.0898021308980213
5 0.0730593607305936 0.3698630136986301 0.0943683409436834 0.106544901065449
5 0.9353120243531202 0.5 0.1263318112633181 0.1232876712328767
5 0.6925418569254186 0.5319634703196348 0.1308980213089802 0.1445966514459665
5 0.5502283105022832 0.4969558599695586 0.1811263318112633 0.1050228310502283
5 0.4375951293759513 0.4779299847792998 0.0806697108066971 0.1156773211567732
5 0.3455098934550989 0.589041095890411 0.167427701674277 0.0791476407914764
5 0.3926940639269406 0.6894977168949772 0.121765601217656 0.1035007610350076
5 0.2800608828006088 0.7671232876712328 0.106544901065449 0.0882800608828006
5 0.19406392694063926 0.802130898021309 0.1476407914764079 0.1035007610350076
5 0.1080669710806697 0.8820395738203958 0.0974124809741248 0.0776255707762557
5 0.1552511415525114 0.4969558599695586 0.1095890410958904 0.0837138508371385
5 0.05555555555555555 0.6164383561643836 0.1111111111111111 0.1308980213089802
5 0.0578386605783866 0.7602739726027398 0.0791476407914764 0.1050228310502283
5 0.1704718417047184 0.9710806697108066 0.091324200913242 0.0578386605783866
5 0.3363774733637747 0.8896499238964992 0.0882800608828006 0.0776255707762557
5 0.7397260273972602 0.9535768645357686 0.0943683409436834 0.0776255707762557
5 0.8006088280060882 0.8691019786910198 0.1035007610350076 0.0791476407914764
5 0.8706240487062404 0.9642313546423136 0.1126331811263318 0.0715372907153729
5 0.5098934550989346 0.8554033485540334 0.1278538812785388 0.1035007610350076
5 0.5220700152207002 0.6202435312024354 0.1035007610350076 0.1171993911719939
7 0.8987823439878234 0.7884322678843226 0.0745814307458143 0.0700152207001522
7 0.860730593607306 0.634703196347032 0.0410958904109589 0.0547945205479452
6 0.830289193302892 0.684931506849315 0.0380517503805175 0.0273972602739726
6 0.7945205479452054 0.743531202435312 0.015220700152207 0.0167427701674277
6 0.8006088280060882 0.7199391171993912 0.0182648401826484 0.0121765601217656
6 0.8295281582952816 0.7754946727549468 0.0182648401826484 0.0197869101978691
6 0.7724505327245054 0.7275494672754946 0.0197869101978691 0.015220700152207
6 0.7336377473363774 0.6917808219178082 0.0213089802130898 0.0167427701674277
6 0.7724505327245054 0.636986301369863 0.0136986301369863 0.0136986301369863
7 0.8713850837138508 0.6894977168949772 0.0410958904109589 0.0395738203957382
6 0.923896499238965 0.6765601217656012 0.0182648401826484 0.0136986301369863