1 0.07229832572298325 0.22146118721461186 0.0593607305936073 0.0410958904109589
1 0.0502283105022831 0.1187214611872146 0.0487062404870624 0.0517503805175038
1 0.1811263318112633 0.0350076103500761 0.0395738203957382 0.0426179604261796
1 0.02511415525114155 0.1933028919330289 0.0289193302891933 0.0578386605783866
5 0.02663622526636225 0.03881278538812785 0.0471841704718417 0.0715372907153729
5 0.09208523592085235 0.03729071537290715 0.0715372907153729 0.0532724505327245
5 0.11796042617960426 0.0943683409436834 0.0928462709284627 0.0547945205479452
5 0.18797564687975646 0.136986301369863 0.0532724505327245 0.0517503805175038
5 0.1461187214611872 0.18188736681887366 0.0487062404870624 0.0593607305936073
5 0.19254185692541856 0.4444444444444444 0.1050228310502283 0.0700152207001522
5 0.0867579908675799 0.4581430745814307 0.1004566210045662 0.0547945205479452
5 0.0319634703196347 0.5966514459665144 0.0547945205479452 0.0882800608828006
5 0.0715372907153729 0.5312024353120244 0.076103500761035 0.0730593607305936
5 0.1552511415525114 0.5213089802130898 0.076103500761035 0.0532724505327245
5 0.2557077625570776 0.525875190258752 0.0852359208523592 0.0502283105022831
5 0.30441400304414 0.6156773211567732 0.0943683409436834 0.0715372907153729
5 0.3234398782343988 0.558599695585997 0.0471841704718417 0.0547945205479452
5 0.3569254185692542 0.5296803652968036 0.0471841704718417 0.0365296803652968
5 0.1628614916286149 0.6293759512937596 0.1004566210045662 0.0593607305936073
5 0.0471841704718417 0.6910197869101978 0.0882800608828006 0.0791476407914764
5 0.14079147640791476 0.7473363774733638 0.0593607305936073 0.0852359208523592
5 0.19558599695585996 0.7290715372907154 0.0624048706240487 0.0852359208523592
5 0.03729071537290715 0.832572298325723 0.0745814307458143 0.167427701674277
5 0.1659056316590563 0.9155251141552512 0.1248097412480974 0.0898021308980213
5 0.1278538812785388 0.8417047184170472 0.0426179604261796 0.0578386605783866
5 0.09208523592085235 0.9657534246575342 0.0745814307458143 0.0563165905631659
5 0.3105022831050228 0.784627092846271 0.121765601217656 0.0715372907153729
5 0.3531202435312024 0.7100456621004566 0.121765601217656 0.0898021308980213
5 0.2480974124809741 0.6940639269406392 0.0517503805175038 0.0882800608828006
5 0.4208523592085236 0.6681887366818874 0.1019786910197869 0.1156773211567732
5 0.4642313546423135 0.786910197869102 0.0943683409436834 0.0821917808219178
5 0.408675799086758 0.8713850837138508 0.0654490106544901 0.1050228310502283
5 0.5312024353120244 0.8820395738203958 0.1643835616438356 0.0867579908675799
5 0.2846270928462709 0.898021308980213 0.091324200913242 0.0882800608828006
5 0.4094368340943683 0.9581430745814308 0.1430745814307458 0.0837138508371385
5 0.6841704718417048 0.9398782343987824 0.1019786910197869 0.1019786910197869
5 0.6841704718417048 0.3744292237442922 0.0928462709284627 0.0700152207001522
5 0.604261796042618 0.4155251141552511 0.0943683409436834 0.0791476407914764
5 0.7024353120243532 0.471841704718417 0.1019786910197869 0.106544901065449
5 0.6301369863013698 0.510654490106545 0.060882800608828 0.0654490106544901
5 0.8143074581430746 0.4604261796042618 0.106544901065449 0.0776255707762557
5 0.7937595129375952 0.3789954337899543 0.0989345509893455 0.0791476407914764
5 0.954337899543379 0.4353120243531202 0.0730593607305936 0.1156773211567732
5 0.786910197869102 0.545662100456621 0.091324200913242 0.0806697108066971
5 0.8470319634703196 0.6986301369863014 0.1141552511415525 0.0852359208523592
5 0.8318112633181126 0.634703196347032 0.1111111111111111 0.0852359208523592
5 0.7503805175038052 0.6643835616438356 0.0852359208523592 0.1415525114155251