5 0.710806697108067 0.0319634703196347 0.0730593607305936 0.0578386605783866
5 0.8135464231354642 0.07686453576864535 0.0715372907153729 0.0593607305936073
5 0.8006088280060882 0.0228310502283105 0.0730593607305936 0.0365296803652968
5 0.926179604261796 0.01902587519025875 0.0776255707762557 0.0289193302891933
5 0.7382039573820396 0.08751902587519025 0.0730593607305936 0.0441400304414003
0 0.928462709284627 0.0593607305936073 0.0700152207001522 0.030441400304414
0 0.9155251141552512 0.1187214611872146 0.0715372907153729 0.0700152207001522
0 0.9771689497716894 0.11187214611872145 0.0395738203957382 0.0502283105022831
0 0.8424657534246576 0.1461187214611872 0.0684931506849315 0.0426179604261796
0 0.9802130898021308 0.167427701674277 0.0395738203957382 0.0487062404870624
0 0.9269406392694064 0.17275494672754946 0.0578386605783866 0.0380517503805175
0 0.880517503805175 0.1948249619482496 0.0410958904109589 0.0547945205479452
0 0.9505327245053272 0.2237442922374429 0.0776255707762557 0.045662100456621
0 0.9337899543378996 0.2998477929984779 0.0989345509893455 0.0517503805175038
0 0.9505327245053272 0.2663622526636225 0.0563165905631659 0.0273972602739726
0 0.7442922374429224 0.167427701674277 0.0426179604261796 0.0517503805175038
0 0.8006088280060882 0.1856925418569254 0.0487062404870624 0.0578386605783866
0 0.8439878234398782 0.23363774733637746 0.0441400304414003 0.0441400304414003
0 0.8546423135464232 0.2785388127853881 0.0563165905631659 0.0487062404870624
0 0.7526636225266362 0.2267884322678843 0.0532724505327245 0.0578386605783866
0 0.8706240487062404 0.350076103500761 0.0700152207001522 0.060882800608828
0 0.7975646879756468 0.3302891933028919 0.0517503805175038 0.0517503805175038
0 0.8013698630136986 0.2800608828006088 0.0380517503805175 0.0365296803652968
0 0.7092846270928462 0.243531202435312 0.0426179604261796 0.060882800608828
0 0.7146118721461188 0.3105022831050228 0.0471841704718417 0.0578386605783866
0 0.7511415525114156 0.3569254185692542 0.0441400304414003 0.0654490106544901
0 0.6636225266362252 0.2785388127853881 0.0426179604261796 0.060882800608828
0 0.6248097412480974 0.3264840182648402 0.0380517503805175 0.0745814307458143
0 0.6354642313546424 0.2100456621004566 0.0350076103500761 0.0882800608828006
0 0.7427701674277016 0.4284627092846271 0.0517503805175038 0.0624048706240487
5 0.617199391171994 0.4063926940639269 0.1050228310502283 0.0547945205479452
0 0.6202435312024354 0.0289193302891933 0.0380517503805175 0.030441400304414
0 0.5334855403348554 0.02207001522070015 0.0380517503805175 0.0441400304414003
0 0.5837138508371386 0.0243531202435312 0.0289193302891933 0.030441400304414
0 0.5768645357686454 0.09969558599695585 0.0243531202435312 0.0319634703196347
0 0.5974124809741248 0.08295281582952815 0.0319634703196347 0.0350076103500761
0 0.4178082191780822 0.0517503805175038 0.0350076103500761 0.0395738203957382
0 0.454337899543379 0.0060882800608828 0.0410958904109589 0.0121765601217656
0 0.5068493150684932 0.06925418569254185 0.0487062404870624 0.0350076103500761
0 0.545662100456621 0.13622526636225266 0.0441400304414003 0.0441400304414003
0 0.6377473363774734 0.12709284627092846 0.0426179604261796 0.0350076103500761
0 0.593607305936073 0.1598173515981735 0.0395738203957382 0.0273972602739726
0 0.4931506849315068 0.1445966514459665 0.0426179604261796 0.0426179604261796
0 0.5083713850837138 0.1993911719939117 0.0639269406392694 0.0334855403348554
0 0.4322678843226788 0.16362252663622526 0.0365296803652968 0.0624048706240487
0 0.4056316590563166 0.20015220700152206 0.0350076103500761 0.0380517503805175
0 0.3546423135464231 0.02359208523592085 0.0426179604261796 0.0471841704718417
0 0.2884322678843227 0.01141552511415525 0.0380517503805175 0.0228310502283105
0 0.3066971080669711 0.07229832572298325 0.0410958904109589 0.0471841704718417
0 0.22298325722983256 0.0319634703196347 0.0319634703196347 0.0273972602739726
0 0.1689497716894977 0.04946727549467275 0.045662100456621 0.0532724505327245
0 0.2671232876712329 0.1156773211567732 0.0715372907153729 0.0487062404870624
0 0.365296803652968 0.13774733637747336 0.0426179604261796 0.0410958904109589
0 0.319634703196347 0.17275494672754946 0.0517503805175038 0.0441400304414003
0 0.3470319634703196 0.2191780821917808 0.060882800608828 0.0365296803652968
0 0.22602739726027396 0.2115677321156773 0.0532724505327245 0.045662100456621
0 0.2808219178082192 0.20928462709284626 0.0380517503805175 0.0350076103500761
0 0.16210045662100456 0.15905631659056316 0.0715372907153729 0.0532724505327245
0 0.1917808219178082 0.11035007610350075 0.0487062404870624 0.0319634703196347
0 0.1050228310502283 0.01750380517503805 0.0517503805175038 0.0258751902587519
0 0.03729071537290715 0.0350076103500761 0.0289193302891933 0.0334855403348554
0 0.0547945205479452 0.0837138508371385 0.0700152207001522 0.0243531202435312
0 0.060882800608828 0.1263318112633181 0.0273972602739726 0.0487062404870624
0 0.07686453576864535 0.197869101978691 0.0563165905631659 0.0395738203957382
0 0.0426179604261796 0.24124809741248096 0.0639269406392694 0.0471841704718417
0 0.0806697108066971 0.286910197869102 0.0700152207001522 0.0441400304414003
0 0.03576864535768645 0.3127853881278539 0.0502283105022831 0.0471841704718417
0 0.0958904109589041 0.4033485540334855 0.0426179604261796 0.0517503805175038
0 0.03729071537290715 0.3789954337899543 0.0624048706240487 0.0365296803652968
0 0.02359208523592085 0.4178082191780822 0.0471841704718417 0.0471841704718417
0 0.22754946727549466 0.2838660578386606 0.0410958904109589 0.0410958904109589
0 0.2929984779299848 0.2831050228310502 0.0380517503805175 0.030441400304414
0 0.3188736681887367 0.3234398782343988 0.0350076103500761 0.0289193302891933
0 0.15144596651445966 0.24124809741248096 0.0350076103500761 0.0258751902587519
0 0.14992389649923896 0.3987823439878234 0.0258751902587519 0.030441400304414
0 0.3812785388127854 0.3736681887366819 0.0350076103500761 0.0441400304414003
0 0.3995433789954338 0.2907153729071537 0.0350076103500761 0.0426179604261796
0 0.4117199391171994 0.334855403348554 0.0167427701674277 0.0273972602739726
0 0.4832572298325723 0.2610350076103501 0.0441400304414003 0.0410958904109589
0 0.5547945205479452 0.2625570776255708 0.0532724505327245 0.0380517503805175
0 0.515220700152207 0.3143074581430746 0.0441400304414003 0.0289193302891933
0 0.4573820395738204 0.393455098934551 0.0867579908675799 0.0654490106544901
0 0.3105022831050228 0.3972602739726027 0.0273972602739726 0.030441400304414
0 0.3561643835616438 0.4140030441400304 0.0487062404870624 0.0426179604261796
0 0.3713850837138508 0.4741248097412481 0.030441400304414 0.0410958904109589
0 0.24277016742770166 0.4779299847792998 0.0532724505327245 0.0365296803652968
0 0.3051750380517504 0.4946727549467275 0.0410958904109589 0.030441400304414
0 0.4596651445966514 0.5 0.0517503805175038 0.0441400304414003
0 0.350076103500761 0.5677321156773212 0.0517503805175038 0.060882800608828
0 0.18949771689497716 0.5068493150684932 0.0410958904109589 0.0334855403348554
0 0.09969558599695585 0.5220700152207002 0.0563165905631659 0.0365296803652968
0 0.02968036529680365 0.4984779299847793 0.0410958904109589 0.0441400304414003
0 0.08143074581430745 0.4817351598173516 0.0471841704718417 0.0319634703196347
0 0.15905631659056316 0.4322678843226788 0.0532724505327245 0.0273972602739726
0 0.1141552511415525 0.5662100456621004 0.0395738203957382 0.030441400304414
0 0.20776255707762556 0.5662100456621004 0.0319634703196347 0.0426179604261796
0 0.2557077625570776 0.5380517503805176 0.0395738203957382 0.0319634703196347
0 0.2572298325722983 0.606544901065449 0.0365296803652968 0.0532724505327245
0 0.1719939117199391 0.6057838660578386 0.0334855403348554 0.0395738203957382
0 0.3949771689497717 0.547945205479452 0.0228310502283105 0.0334855403348554
0 0.4216133942161339 0.5030441400304414 0.0182648401826484 0.0380517503805175
1 0.682648401826484 0.936834094368341 0.0502283105022831 0.0441400304414003
1 0.7526636225266362 0.9665144596651446 0.0471841704718417 0.0578386605783866
1 0.636986301369863 0.8866057838660578 0.0593607305936073 0.0410958904109589
1 0.4809741248097412 0.7633181126331812 0.0517503805175038 0.0502283105022831
1 0.2359208523592085 0.89117199391172 0.0547945205479452 0.0410958904109589
1 0.1917808219178082 0.8394216133942162 0.0517503805175038 0.0441400304414003
1 0.19558599695585996 0.773972602739726 0.0380517503805175 0.0410958904109589
1 0.0578386605783866 0.8774733637747336 0.0578386605783866 0.0410958904109589
1 0.2146118721461187 0.9687975646879756 0.0395738203957382 0.0380517503805175
1 0.3097412480974125 0.7907153729071538 0.0502283105022831 0.0410958904109589
1 0.24277016742770166 0.791476407914764 0.0380517503805175 0.0395738203957382
5 0.3919330289193303 0.7884322678843226 0.0684931506849315 0.0639269406392694
5 0.3675799086757991 0.8896499238964992 0.0684931506849315 0.0684931506849315
5 0.4687975646879756 0.8736681887366818 0.0730593607305936 0.0669710806697108
5 0.4505327245053272 0.9497716894977168 0.0791476407914764 0.0700152207001522
5 0.3203957382039574 0.9649923896499238 0.0563165905631659 0.0487062404870624
5 0.0624048706240487 0.9786910197869102 0.0669710806697108 0.0395738203957382
5 0.05403348554033485 0.9406392694063926 0.0684931506849315 0.0395738203957382
5 0.1263318112633181 0.952054794520548 0.0547945205479452 0.0563165905631659
5 0.5502283105022832 0.9429223744292238 0.0837138508371385 0.0776255707762557
5 0.5700152207001522 0.8203957382039574 0.0563165905631659 0.0639269406392694
3 0.8333333333333334 0.6887366818873668 0.3302891933028919 0.3089802130898021
6 0.532724505327245 0.5684931506849316 0.0182648401826484 0.0167427701674277
6 0.5494672754946728 0.545662100456621 0.0121765601217656 0.0106544901065449
6 0.5768645357686454 0.5882800608828006 0.0121765601217656 0.0106544901065449
6 0.6027397260273972 0.5190258751902588 0.0213089802130898 0.015220700152207
6 0.6301369863013698 0.6263318112633182 0.015220700152207 0.0167427701674277
6 0.636986301369863 0.4878234398782344 0.0258751902587519 0.0289193302891933
5 0.3386605783866058 0.7016742770167428 0.0563165905631659 0.045662100456621
5 0.2420091324200913 0.7214611872146118 0.060882800608828 0.0487062404870624
5 0.4299847792998478 0.7062404870624048 0.0502283105022831 0.0395738203957382