5 0.8706240487062404 0.5835866261398176 0.2039573820395738 0.17325227963525835
5 0.8508371385083714 0.22796352583586627 0.1278538812785388 0.10638297872340426
5 0.7275494672754946 0.135258358662614 0.1156773211567732 0.11854103343465046
5 0.8668188736681888 0.925531914893617 0.1963470319634703 0.14893617021276595
5 0.6377473363774734 0.6937689969604863 0.1461187214611872 0.15653495440729484
5 0.9353120243531202 0.07522796352583587 0.1293759512937595 0.135258358662614
5 0.7724505327245054 0.3776595744680851 0.1445966514459665 0.135258358662614
5 0.7853881278538812 0.7667173252279635 0.0882800608828006 0.06838905775075987
5 0.07382039573820395 0.959726443768997 0.1415525114155251 0.07446808510638298
5 0.04337899543378995 0.824468085106383 0.0745814307458143 0.11398176291793313
5 0.24277016742770166 0.8799392097264438 0.1689497716894977 0.1398176291793313
5 0.1141552511415525 0.6504559270516718 0.1765601217656012 0.13069908814589665
5 0.5319634703196348 0.9141337386018237 0.1963470319634703 0.1717325227963526
5 0.5974124809741248 0.29027355623100304 0.1111111111111111 0.11854103343465046
5 0.1917808219178082 0.0737082066869301 0.1461187214611872 0.1474164133738602
5 0.4041095890410959 0.5121580547112462 0.1080669710806697 0.11246200607902736
5 0.3858447488584475 0.756838905775076 0.1445966514459665 0.14285714285714285
5 0.6118721461187214 0.46048632218844987 0.1491628614916286 0.14893617021276595
5 0.5388127853881278 0.13829787234042554 0.1278538812785388 0.11246200607902736
5 0.3744292237442922 0.17249240121580547 0.1248097412480974 0.1413373860182371
5 0.3759512937595129 0.32978723404255317 0.167427701674277 0.11854103343465046
5 0.9474885844748858 0.3768996960486322 0.0867579908675799 0.12462006079027356
5 0.2191780821917808 0.446048632218845 0.1126331811263318 0.10486322188449848