5 0.8683409436834094 0.1385083713850837 0.1689497716894977 0.076103500761035
5 0.8744292237442922 0.0532724505327245 0.1780821917808219 0.091324200913242
5 0.9809741248097412 0.0654490106544901 0.0380517503805175 0.1308980213089802
5 0.878234398782344 0.23515981735159816 0.0943683409436834 0.0898021308980213
5 0.9657534246575342 0.21385083713850836 0.0684931506849315 0.0928462709284627
5 0.6940639269406392 0.3013698630136986 0.0700152207001522 0.0791476407914764
5 0.7024353120243532 0.21385083713850836 0.1415525114155251 0.0745814307458143
5 0.7313546423135464 0.12557077625570776 0.0989345509893455 0.0928462709284627
5 0.6225266362252664 0.1324200913242009 0.0821917808219178 0.0943683409436834
5 0.69558599695586 0.03272450532724505 0.1430745814307458 0.0654490106544901
5 0.7777777777777778 0.2990867579908676 0.0974124809741248 0.0837138508371385
5 0.8843226788432268 0.4969558599695586 0.106544901065449 0.1019786910197869
5 0.9528158295281582 0.4436834094368341 0.0943683409436834 0.1202435312024353
5 0.9482496194824962 0.3386605783866058 0.1035007610350076 0.0806697108066971
5 0.8584474885844748 0.3873668188736682 0.1187214611872146 0.0776255707762557
5 0.9505327245053272 0.7267884322678844 0.0989345509893455 0.1080669710806697
5 0.9490106544901066 0.6385083713850838 0.0654490106544901 0.0776255707762557
5 0.9710806697108066 0.547945205479452 0.0578386605783866 0.0821917808219178
5 0.7473363774733638 0.4025875190258752 0.0669710806697108 0.0684931506849315
5 0.791476407914764 0.4786910197869102 0.0852359208523592 0.0654490106544901
5 0.6841704718417048 0.6035007610350076 0.0776255707762557 0.0898021308980213
5 0.6255707762557078 0.4794520547945205 0.1004566210045662 0.0974124809741248
5 0.5509893455098934 0.6187214611872146 0.1248097412480974 0.1171993911719939
5 0.6872146118721462 0.7138508371385084 0.0776255707762557 0.091324200913242
5 0.5753424657534246 0.7823439878234398 0.1035007610350076 0.0974124809741248
5 0.6103500761035008 0.8995433789954338 0.1308980213089802 0.0669710806697108
5 0.7929984779299848 0.8698630136986302 0.1400304414003044 0.0806697108066971
5 0.8059360730593608 0.7777777777777778 0.1324200913242009 0.0791476407914764
5 0.9429223744292238 0.9079147640791476 0.1141552511415525 0.1050228310502283
5 0.5357686453576864 0.2519025875190259 0.1643835616438356 0.1293759512937595
5 0.5121765601217656 0.3873668188736682 0.1415525114155251 0.0806697108066971
5 0.4984779299847793 0.5060882800608828 0.1445966514459665 0.0167427701674277
5 0.3820395738203957 0.6111111111111112 0.0852359208523592 0.1202435312024353
5 0.4368340943683409 0.875951293759513 0.1400304414003044 0.1415525114155251
5 0.834855403348554 0.682648401826484 0.1111111111111111 0.0958904109589041