5 0.2191780821917808 0.9208523592085236 0.0639269406392694 0.0578386605783866
5 0.0730593607305936 0.815068493150685 0.091324200913242 0.0806697108066971
5 0.14231354642313546 0.9771689497716894 0.0867579908675799 0.045662100456621
5 0.3949771689497717 0.7907153729071538 0.1476407914764079 0.0958904109589041
5 0.5829528158295282 0.875951293759513 0.1308980213089802 0.1141552511415525
5 0.5882800608828006 0.6095890410958904 0.0563165905631659 0.0654490106544901
5 0.634703196347032 0.6841704718417048 0.1035007610350076 0.0837138508371385
5 0.2511415525114155 0.525875190258752 0.0700152207001522 0.0745814307458143
5 0.8668188736681888 0.1780821917808219 0.0745814307458143 0.0943683409436834
5 0.6818873668188736 0.1415525114155251 0.076103500761035 0.076103500761035
5 0.4642313546423135 0.2328767123287671 0.0882800608828006 0.060882800608828
5 0.3371385083713851 0.20928462709284626 0.0745814307458143 0.0654490106544901
5 0.02663622526636225 0.0715372907153729 0.0502283105022831 0.0639269406392694
5 0.04337899543378995 0.1491628614916286 0.0776255707762557 0.0517503805175038
5 0.1324200913242009 0.0730593607305936 0.121765601217656 0.0821917808219178
5 0.2990867579908676 0.03576864535768645 0.0989345509893455 0.0319634703196347
5 0.4200913242009132 0.319634703196347 0.0943683409436834 0.0547945205479452
5 0.2640791476407915 0.3866057838660578 0.0624048706240487 0.0426179604261796
5 0.1202435312024353 0.24581430745814306 0.0882800608828006 0.0715372907153729
5 0.7336377473363774 0.3318112633181126 0.0821917808219178 0.076103500761035
5 0.850076103500761 0.3873668188736682 0.0958904109589041 0.0928462709284627
5 0.7313546423135464 0.4200913242009132 0.0715372907153729 0.0852359208523592
5 0.9573820395738204 0.4687975646879756 0.0852359208523592 0.106544901065449
5 0.8614916286149162 0.5684931506849316 0.1004566210045662 0.0928462709284627
5 0.958904109589041 0.7884322678843226 0.0821917808219178 0.1156773211567732
5 0.9619482496194824 0.9353120243531202 0.0578386605783866 0.0928462709284627
5 0.8409436834094368 0.8280060882800608 0.1111111111111111 0.0882800608828006
5 0.8333333333333334 0.9558599695585996 0.0958904109589041 0.0882800608828006
5 0.5159817351598174 0.5449010654490106 0.0730593607305936 0.076103500761035
5 0.3462709284627093 0.6080669710806698 0.1050228310502283 0.0745814307458143
5 0.24277016742770166 0.6331811263318112 0.0776255707762557 0.0730593607305936
5 0.3340943683409437 0.11796042617960426 0.0928462709284627 0.0867579908675799
5 0.23059360730593606 0.1796042617960426 0.0624048706240487 0.0639269406392694
5 0.7983257229832572 0.08295281582952815 0.0776255707762557 0.0776255707762557
5 0.898021308980213 0.045662100456621 0.0730593607305936 0.0547945205479452
5 0.971841704718417 0.3432267884322679 0.0563165905631659 0.0928462709284627
5 0.4353120243531202 0.4307458143074581 0.0882800608828006 0.0821917808219178
5 0.4155251141552511 0.5296803652968036 0.121765601217656 0.0882800608828006
5 0.0882800608828006 0.5852359208523592 0.0852359208523592 0.1050228310502283
5 0.1126331811263318 0.5091324200913242 0.136986301369863 0.1080669710806697
5 0.2762557077625571 0.8417047184170472 0.0928462709284627 0.0943683409436834
5 0.17732115677321156 0.7321156773211568 0.1171993911719939 0.1248097412480974
5 0.3995433789954338 0.6872146118721462 0.0989345509893455 0.0715372907153729