7 0.5121765601217656 0.4824961948249619 0.0837138508371385 0.1035007610350076
7 0.3120243531202435 0.4018264840182648 0.0943683409436834 0.0578386605783866
7 0.8439878234398782 0.4231354642313546 0.0745814307458143 0.0730593607305936
7 0.8074581430745814 0.9155251141552512 0.0898021308980213 0.0745814307458143
7 0.754185692541857 0.9863013698630136 0.0898021308980213 0.0213089802130898
7 0.0974124809741248 0.9246575342465754 0.1004566210045662 0.0928462709284627
6 0.541095890410959 0.6073059360730594 0.0258751902587519 0.030441400304414
6 0.3439878234398782 0.756468797564688 0.0273972602739726 0.030441400304414
6 0.4452054794520548 0.7450532724505328 0.0380517503805175 0.0228310502283105
6 0.3622526636225266 0.708523592085236 0.0213089802130898 0.0197869101978691
6 0.3508371385083714 0.665144596651446 0.0167427701674277 0.0182648401826484
6 0.3318112633181126 0.5136986301369864 0.0334855403348554 0.0289193302891933
6 0.4421613394216134 0.3843226788432268 0.0289193302891933 0.0197869101978691
6 0.756468797564688 0.530441400304414 0.0243531202435312 0.0441400304414003
6 0.8432267884322678 0.5076103500761036 0.0243531202435312 0.0228310502283105
6 0.8356164383561644 0.5996955859969558 0.0243531202435312 0.0213089802130898
6 0.7968036529680366 0.7496194824961948 0.0228310502283105 0.0197869101978691
6 0.9003044140030442 0.6773211567732116 0.0380517503805175 0.0273972602739726
7 0.8424657534246576 0.700152207001522 0.0532724505327245 0.0517503805175038
7 0.9337899543378996 0.5958904109589042 0.0654490106544901 0.0624048706240487
6 0.8546423135464232 0.5502283105022832 0.0289193302891933 0.0258751902587519
7 0.3127853881278539 0.936834094368341 0.0745814307458143 0.0471841704718417
7 0.21385083713850836 0.9840182648401826 0.0350076103500761 0.0289193302891933
7 0.17123287671232876 0.8546423135464232 0.0624048706240487 0.0380517503805175
6 0.4315068493150685 0.8904109589041096 0.0380517503805175 0.030441400304414
7 0.121765601217656 0.2404870624048706 0.0974124809741248 0.1004566210045662
7 0.167427701674277 0.3462709284627093 0.045662100456621 0.0471841704718417
7 0.2191780821917808 0.4421613394216134 0.0578386605783866 0.0776255707762557
7 0.02815829528158295 0.2541856925418569 0.0502283105022831 0.0791476407914764
7 0.0563165905631659 0.0471841704718417 0.0395738203957382 0.0426179604261796
7 0.15753424657534246 0.7328767123287672 0.0989345509893455 0.0867579908675799
7 0.02359208523592085 0.7290715372907154 0.0319634703196347 0.0365296803652968
7 0.2024353120243531 0.8112633181126332 0.045662100456621 0.0182648401826484
6 0.2222222222222222 0.7678843226788432 0.0182648401826484 0.0197869101978691
7 0.2595129375951294 0.6149162861491628 0.0319634703196347 0.030441400304414
5 0.02207001522070015 0.5525114155251142 0.0380517503805175 0.0943683409436834
5 0.0745814307458143 0.5342465753424658 0.0791476407914764 0.091324200913242
5 0.05555555555555555 0.4627092846270928 0.0928462709284627 0.0547945205479452
5 0.4878234398782344 0.9703196347031964 0.2420091324200913 0.0532724505327245
5 0.6925418569254186 0.2024353120243531 0.121765601217656 0.1308980213089802