5 0.06306990881458967 0.7933130699088146 0.10486322188449848 0.09422492401215805
1 0.6884498480243161 0.9513677811550152 0.10030395136778116 0.09422492401215805
1 0.9802431610942249 0.9354103343465046 0.03951367781155015 0.12917933130699089
1 0.9840425531914894 0.7401215805471124 0.031914893617021274 0.11550151975683891
1 0.9209726443768997 0.4376899696048632 0.06382978723404255 0.0668693009118541
1 0.9308510638297872 0.5364741641337386 0.06838905775075987 0.057750759878419454
1 0.9194528875379939 0.6117021276595744 0.06990881458966565 0.06838905775075987
5 0.9620060790273556 0.04027355623100304 0.07598784194528875 0.07142857142857142
1 0.8434650455927052 0.135258358662614 0.057750759878419454 0.0668693009118541
1 0.7689969604863222 0.4217325227963526 0.10030395136778116 0.10182370820668693
1 0.851063829787234 0.3799392097264438 0.060790273556231005 0.06990881458966565
1 0.8282674772036475 0.5721884498480243 0.0790273556231003 0.06231003039513678
1 0.8290273556231003 0.5113981762917933 0.07142857142857142 0.05015197568389058
3 0.31155015197568386 0.5053191489361702 0.41033434650455924 0.9893617021276596
0 0.6922492401215805 0.8503039513677811 0.09574468085106383 0.06838905775075987
0 0.5425531914893617 0.9574468085106383 0.060790273556231005 0.0851063829787234