5 0.11339421613394216 0.5866261398176292 0.0745814307458143 0.07598784194528875
5 0.2960426179604262 0.6504559270516718 0.0654490106544901 0.0729483282674772
5 0.19863013698630136 0.6785714285714286 0.1019786910197869 0.10790273556231003
5 0.0776255707762557 0.9361702127659575 0.0578386605783866 0.0486322188449848
5 0.14687975646879756 0.9498480243161094 0.0441400304414003 0.03951367781155015
1 0.2625570776255708 0.3518237082066869 0.0471841704718417 0.06838905775075987
5 0.528158295281583 0.33206686930091184 0.060882800608828 0.07750759878419453
1 0.18493150684931506 0.9711246200607903 0.0502283105022831 0.05167173252279635
5 0.23972602739726026 0.9240121580547113 0.0654490106544901 0.060790273556231005
5 0.4162861491628615 0.044072948328267476 0.1111111111111111 0.08206686930091185
5 0.530441400304414 0.016717325227963525 0.1232876712328767 0.03343465045592705
5 0.4299847792998478 0.1884498480243161 0.2815829528158295 0.16717325227963525
5 0.4497716894977169 0.4490881458966565 0.1567732115677321 0.21732522796352582
1 0.5684931506849316 0.8457446808510638 0.0502283105022831 0.06231003039513678
5 0.5532724505327246 0.7188449848024316 0.0806697108066971 0.08814589665653495
3 0.512937595129376 0.9832826747720365 0.076103500761035 0.03343465045592705
5 0.4939117199391172 0.9331306990881459 0.0837138508371385 0.07598784194528875
3 0.7245053272450532 0.41793313069908816 0.2770167427701674 0.4194528875379939
3 0.8470319634703196 0.16641337386018237 0.0715372907153729 0.07446808510638298
3 0.6575342465753424 0.09574468085106383 0.0852359208523592 0.19148936170212766
3 0.7343987823439878 0.9050151975683891 0.2541856925418569 0.1899696048632219
3 0.6567732115677322 0.7218844984802432 0.1202435312024353 0.17325227963525835
3 0.7884322678843226 0.030395136778115502 0.15220700152207 0.060790273556231005