5 0.8508371385083714 0.76103500761035 0.0730593607305936 0.0730593607305936
5 0.02968036529680365 0.9056316590563166 0.0563165905631659 0.0821917808219178
3 0.9231354642313546 0.3082191780821918 0.1537290715372907 0.2237442922374429
7 0.9657534246575342 0.15296803652968036 0.0228310502283105 0.0289193302891933
7 0.9497716894977168 0.1187214611872146 0.0213089802130898 0.0273972602739726
5 0.0319634703196347 0.821917808219178 0.060882800608828 0.076103500761035
5 0.19710806697108066 0.6103500761035008 0.0958904109589041 0.0882800608828006
3 0.423896499238965 0.4946727549467275 0.2815829528158295 0.3531202435312024
3 0.8363774733637748 0.6727549467275494 0.1385083713850837 0.076103500761035
3 0.7519025875190258 0.8797564687975646 0.136986301369863 0.2404870624048706
3 0.3150684931506849 0.9497716894977168 0.2222222222222222 0.1004566210045662
3 0.3181126331811263 0.76103500761035 0.1278538812785388 0.1735159817351598
3 0.5 0.17884322678843226 0.1872146118721461 0.2450532724505327
3 0.6445966514459666 0.0487062404870624 0.2328767123287671 0.0974124809741248