1 0.593607305936073 0.6253799392097265 0.1035007610350076 0.10486322188449848
5 0.6704718417047184 0.6071428571428571 0.0715372907153729 0.12006079027355623
5 0.6506849315068494 0.7325227963525835 0.1385083713850837 0.11246200607902736
1 0.4786910197869102 0.6344984802431611 0.0837138508371385 0.11702127659574468
5 0.6575342465753424 0.4703647416413374 0.1278538812785388 0.09574468085106383
1 0.4421613394216134 0.9506079027355623 0.1445966514459665 0.09878419452887538
5 0.5669710806697108 0.044072948328267476 0.1963470319634703 0.08814589665653495
5 0.4992389649923896 0.25227963525835867 0.15220700152207 0.2066869300911854
5 0.654490106544901 0.26367781155015196 0.15220700152207 0.2811550151975684
5 0.512937595129376 0.4688449848024316 0.2009132420091324 0.19300911854103345
5 0.5357686453576864 0.75 0.1035007610350076 0.12006079027355623
5 0.5692541856925418 0.8890577507598785 0.1582952815829528 0.1276595744680851
5 0.3866057838660578 0.756838905775076 0.091324200913242 0.11550151975683891
1 0.332572298325723 0.9095744680851063 0.1841704718417047 0.18085106382978725
5 0.0624048706240487 0.9665653495440729 0.1248097412480974 0.0668693009118541
5 0.0532724505327245 0.8761398176291794 0.106544901065449 0.12310030395136778
5 0.1095890410958904 0.763677811550152 0.136986301369863 0.10182370820668693
5 0.04642313546423135 0.44984802431610943 0.0928462709284627 0.15501519756838905
5 0.0867579908675799 0.5980243161094225 0.1735159817351598 0.196048632218845
5 0.2625570776255708 0.6246200607902735 0.1537290715372907 0.1398176291793313
5 0.17732115677321156 0.9050151975683891 0.1111111111111111 0.08054711246200608
5 0.23972602739726026 0.7788753799392097 0.1659056316590563 0.1413373860182371
5 0.0745814307458143 0.08890577507598785 0.1491628614916286 0.1778115501519757
5 0.21689497716894976 0.07674772036474165 0.1263318112633181 0.1534954407294833
5 0.3622526636225266 0.07674772036474165 0.1339421613394216 0.1534954407294833
5 0.3059360730593607 0.4088145896656535 0.106544901065449 0.08814589665653495
5 0.24885844748858446 0.506079027355623 0.0776255707762557 0.0729483282674772
5 0.13165905631659056 0.3951367781155015 0.1111111111111111 0.0911854103343465
5 0.0563165905631659 0.24924012158054712 0.1126331811263318 0.08814589665653495
5 0.2298325722983257 0.2682370820668693 0.2313546423135464 0.1656534954407295
3 0.8729071537290716 0.5683890577507599 0.0441400304414003 0.060790273556231005
3 0.9277016742770168 0.1641337386018237 0.0410958904109589 0.0547112462006079
3 0.9003044140030442 0.29711246200607905 0.0563165905631659 0.06534954407294832