5 0.8439878234398782 0.09665144596651445 0.3120243531202435 0.1933028919330289
5 0.7222222222222222 0.3257229832572298 0.2846270928462709 0.2709284627092846
5 0.3896499238964992 0.3919330289193303 0.273972602739726 0.2663622526636225
5 0.9444444444444444 0.5958904109589042 0.1080669710806697 0.1050228310502283
1 0.11796042617960426 0.741248097412481 0.2359208523592085 0.2983257229832572
5 0.502283105022831 0.8508371385083714 0.2222222222222222 0.1887366818873668
5 0.895738203957382 0.8264840182648402 0.1080669710806697 0.0821917808219178
5 0.9170471841704718 0.9558599695585996 0.0958904109589041 0.0882800608828006
5 0.8226788432267884 0.6430745814307458 0.0593607305936073 0.0593607305936073
5 0.6963470319634704 0.8356164383561644 0.1111111111111111 0.1126331811263318
5 0.3980213089802131 0.6621004566210046 0.1567732115677321 0.136986301369863
5 0.7968036529680366 0.7465753424657534 0.1080669710806697 0.0684931506849315
5 0.967275494672755 0.4124809741248097 0.0654490106544901 0.1248097412480974
5 0.6704718417047184 0.6681887366818874 0.1506849315068493 0.091324200913242
5 0.560882800608828 0.09056316590563165 0.1750380517503805 0.1385083713850837
5 0.3203957382039574 0.07077625570776255 0.2054794520547945 0.1415525114155251