5 0.0289193302891933 0.3434650455927052 0.0578386605783866 0.15501519756838905
1 0.2039573820395738 0.5858662613981763 0.0974124809741248 0.10790273556231003
1 0.2876712328767123 0.6390577507598785 0.0974124809741248 0.08966565349544073
1 0.3158295281582953 0.723404255319149 0.0593607305936073 0.06990881458966565
1 0.20015220700152206 0.4027355623100304 0.1202435312024353 0.1398176291793313
1 0.3165905631659056 0.4878419452887538 0.0974124809741248 0.10638297872340426
1 0.3561643835616438 0.30319148936170215 0.1126331811263318 0.1474164133738602
1 0.4079147640791476 0.5129179331306991 0.0730593607305936 0.10182370820668693
1 0.484779299847793 0.5113981762917933 0.0563165905631659 0.09270516717325228
1 0.106544901065449 0.6565349544072948 0.0882800608828006 0.0851063829787234
1 0.1445966514459665 0.8890577507598785 0.2678843226788432 0.22188449848024316
1 0.10273972602739725 0.12158054711246201 0.1171993911719939 0.11854103343465046
5 0.2990867579908676 0.11854103343465046 0.1841704718417047 0.20364741641337386