5 0.7047184170471842 0.7488584474885844 0.1704718417047184 0.1704718417047184
1 0.6925418569254186 0.3721461187214612 0.0821917808219178 0.0837138508371385
1 0.7800608828006088 0.3987823439878234 0.0867579908675799 0.0700152207001522
5 0.8120243531202436 0.2922374429223744 0.1111111111111111 0.121765601217656
5 0.7062404870624048 0.256468797564688 0.0821917808219178 0.0898021308980213
5 0.6187214611872146 0.6149162861491628 0.1141552511415525 0.0791476407914764
5 0.9528158295281582 0.5197869101978692 0.0669710806697108 0.0745814307458143
5 0.4269406392694064 0.8637747336377474 0.1628614916286149 0.1263318112633181
5 0.3417047184170472 0.928462709284627 0.1080669710806697 0.0791476407914764
5 0.578386605783866 0.9687975646879756 0.0791476407914764 0.0532724505327245
5 0.5403348554033486 0.7115677321156774 0.0852359208523592 0.1293759512937595
5 0.6050228310502284 0.7229832572298326 0.0441400304414003 0.0487062404870624
1 0.7275494672754946 0.4550989345509893 0.0639269406392694 0.0365296803652968