1 0.4551671732522796 0.880517503805175 0.08358662613981763 0.0928462709284627
1 0.48404255319148937 0.7792998477929984 0.08358662613981763 0.1035007610350076
1 0.5835866261398176 0.8165905631659056 0.1033434650455927 0.0898021308980213
5 0.9034954407294833 0.8812785388127854 0.09878419452887538 0.1126331811263318
5 0.1033434650455927 0.3866057838660578 0.1276595744680851 0.213089802130898
3 0.18768996960486323 0.7465753424657534 0.3662613981762918 0.1719939117199391
3 0.21124620060790272 0.5768645357686454 0.3404255319148936 0.15220700152207
3 0.10486322188449848 0.1354642313546423 0.0851063829787234 0.2678843226788432
3 0.40425531914893614 0.13165905631659056 0.09422492401215805 0.2389649923896499
3 0.30015197568389057 0.2503805175038052 0.08358662613981763 0.5007610350076104
3 0.26367781155015196 0.9193302891933028 0.16261398176291794 0.1613394216133942