0 0.7290715372907154 0.9307458143074582 0.0882800608828006 0.0958904109589041
0 0.9771689497716894 0.8987823439878234 0.045662100456621 0.0715372907153729
0 0.8645357686453576 0.9604261796042618 0.0730593607305936 0.0669710806697108
0 0.895738203957382 0.7945205479452054 0.0745814307458143 0.0700152207001522
0 0.8051750380517504 0.7899543378995434 0.1035007610350076 0.0821917808219178
0 0.8691019786910198 0.8751902587519026 0.0730593607305936 0.0852359208523592
0 0.9642313546423136 0.7062404870624048 0.0715372907153729 0.060882800608828
0 0.8645357686453576 0.7016742770167428 0.0852359208523592 0.0639269406392694
0 0.9634703196347032 0.8249619482496194 0.045662100456621 0.0700152207001522
0 0.9307458143074582 0.908675799086758 0.0471841704718417 0.060882800608828
0 0.9627092846270928 0.9764079147640792 0.0745814307458143 0.0471841704718417
5 0.09817351598173515 0.6438356164383562 0.0654490106544901 0.0487062404870624
5 0.1643835616438356 0.6255707762557078 0.0487062404870624 0.0487062404870624
5 0.1187214611872146 0.8767123287671232 0.0547945205479452 0.0700152207001522
5 0.2070015220700152 0.9710806697108066 0.045662100456621 0.045662100456621
5 0.24581430745814306 0.9863013698630136 0.0471841704718417 0.0243531202435312
5 0.558599695585997 0.9619482496194824 0.0730593607305936 0.0700152207001522
3 0.1796042617960426 0.6872146118721462 0.0821917808219178 0.0654490106544901
3 0.7496194824961948 0.654490106544901 0.1293759512937595 0.060882800608828
3 0.730593607305936 0.5875190258751902 0.1095890410958904 0.0395738203957382
3 0.3554033485540335 0.9786910197869102 0.0989345509893455 0.0426179604261796
0 0.0547945205479452 0.9657534246575342 0.0943683409436834 0.0684931506849315