5 0.14992389649923896 0.2549467275494673 0.1324200913242009 0.1689497716894977
5 0.1491628614916286 0.1050228310502283 0.0943683409436834 0.1004566210045662
6 0.3470319634703196 0.05403348554033485 0.015220700152207 0.0167427701674277
6 0.03424657534246575 0.4178082191780822 0.0289193302891933 0.0289193302891933
6 0.2709284627092846 0.20167427701674276 0.0182648401826484 0.0228310502283105
6 0.6727549467275494 0.1080669710806697 0.0273972602739726 0.0243531202435312
6 0.5722983257229832 0.06621004566210045 0.0243531202435312 0.0197869101978691
6 0.4931506849315068 0.11491628614916286 0.0395738203957382 0.0258751902587519
6 0.4764079147640791 0.0821917808219178 0.0243531202435312 0.015220700152207
6 0.5076103500761036 0.07382039573820395 0.0136986301369863 0.0167427701674277
6 0.5334855403348554 0.015220700152207 0.0197869101978691 0.015220700152207
6 0.7176560121765602 0.228310502283105 0.0167427701674277 0.0243531202435312
6 0.7488584474885844 0.2922374429223744 0.030441400304414 0.0213089802130898
6 0.7595129375951294 0.2640791476407915 0.0182648401826484 0.0167427701674277
6 0.769406392694064 0.317351598173516 0.0136986301369863 0.0197869101978691
6 0.73896499238965 0.21537290715372906 0.0136986301369863 0.0289193302891933
6 0.8972602739726028 0.21080669710806696 0.0136986301369863 0.0228310502283105
6 0.8843226788432268 0.1476407914764079 0.015220700152207 0.0243531202435312
6 0.9193302891933028 0.18797564687975646 0.0182648401826484 0.0197869101978691
6 0.9101978691019786 0.08599695585996955 0.0182648401826484 0.0167427701674277
6 0.908675799086758 0.05555555555555555 0.030441400304414 0.0197869101978691
6 0.8987823439878234 0.2640791476407915 0.0167427701674277 0.0258751902587519
6 0.9299847792998478 0.24124809741248096 0.0243531202435312 0.0258751902587519
6 0.7275494672754946 0.4117199391171994 0.0182648401826484 0.0167427701674277
6 0.7625570776255708 0.4033485540334855 0.0334855403348554 0.015220700152207
6 0.1354642313546423 0.4048706240487062 0.0273972602739726 0.0365296803652968
6 0.0639269406392694 0.5471841704718418 0.015220700152207 0.0197869101978691
6 0.2343987823439878 0.5768645357686454 0.0213089802130898 0.015220700152207
6 0.2267884322678843 0.07686453576864535 0.015220700152207 0.0136986301369863