5 0.7450532724505328 0.8614916286149162 0.1111111111111111 0.1187214611872146
5 0.20624048706240486 0.11035007610350075 0.0624048706240487 0.0654490106544901
5 0.21080669710806696 0.19863013698630136 0.0776255707762557 0.0958904109589041
5 0.0684931506849315 0.1506849315068493 0.0943683409436834 0.0943683409436834
5 0.1430745814307458 0.2777777777777778 0.0852359208523592 0.0684931506849315
5 0.04185692541856925 0.4200913242009132 0.0471841704718417 0.0821917808219178
5 0.2800608828006088 0.1719939117199391 0.076103500761035 0.1187214611872146
5 0.10730593607305935 0.3371385083713851 0.0532724505327245 0.0502283105022831
5 0.02815829528158295 0.5190258751902588 0.0502283105022831 0.0974124809741248
5 0.10882800608828005 0.525875190258752 0.0776255707762557 0.0958904109589041
3 0.7754946727549468 0.4025875190258752 0.2602739726027397 0.7777777777777778
3 0.7602739726027398 0.969558599695586 0.2024353120243531 0.060882800608828
3 0.845509893455099 0.8599695585996956 0.0928462709284627 0.1004566210045662
3 0.3310502283105023 0.4977168949771689 0.3576864535768645 0.3409436834094368
3 0.3234398782343988 0.8417047184170472 0.2024353120243531 0.3165905631659056
3 0.3767123287671233 0.06773211567732115 0.2754946727549467 0.1354642313546423