0 0.9269406392694064 0.8546423135464232 0.0700152207001522 0.0654490106544901
0 0.9360730593607306 0.9512937595129376 0.1278538812785388 0.091324200913242
0 0.9383561643835616 0.6659056316590564 0.0684931506849315 0.0593607305936073
0 0.9596651445966514 0.754185692541857 0.0806697108066971 0.0837138508371385
0 0.952054794520548 0.5875190258751902 0.0958904109589041 0.0669710806697108
0 0.9269406392694064 0.4794520547945205 0.0700152207001522 0.0852359208523592
0 0.926179604261796 0.3554033485540335 0.0624048706240487 0.0684931506849315
0 0.9155251141552512 0.18493150684931506 0.0745814307458143 0.0745814307458143
0 0.8127853881278538 0.10273972602739725 0.0791476407914764 0.0624048706240487
0 0.9459665144596652 0.06621004566210045 0.1019786910197869 0.0806697108066971
0 0.806697108066971 0.8569254185692542 0.0821917808219178 0.060882800608828
0 0.8409436834094368 0.76103500761035 0.0958904109589041 0.0730593607305936
0 0.821917808219178 0.6156773211567732 0.091324200913242 0.0745814307458143
0 0.8257229832572298 0.487062404870624 0.0928462709284627 0.0791476407914764
0 0.8287671232876712 0.380517503805175 0.0898021308980213 0.076103500761035
0 0.8074581430745814 0.2519025875190259 0.0715372907153729 0.0654490106544901
0 0.7671232876712328 0.18645357686453576 0.0791476407914764 0.0654490106544901
0 0.743531202435312 0.04490106544901065 0.0867579908675799 0.0776255707762557
0 0.6552511415525114 0.11491628614916286 0.0776255707762557 0.0654490106544901
0 0.6963470319634704 0.2656012176560122 0.0837138508371385 0.0837138508371385
0 0.7374429223744292 0.3713850837138508 0.0654490106544901 0.0700152207001522
0 0.7374429223744292 0.4901065449010654 0.0837138508371385 0.0791476407914764
0 0.6856925418569254 0.5730593607305936 0.0715372907153729 0.0837138508371385
0 0.6742770167427702 0.6514459665144596 0.076103500761035 0.0791476407914764
0 0.7016742770167428 0.7359208523592086 0.0882800608828006 0.0654490106544901
0 0.6689497716894978 0.8333333333333334 0.0928462709284627 0.0776255707762557
0 0.5905631659056316 0.700152207001522 0.0578386605783866 0.0487062404870624
0 0.5038051750380518 0.8394216133942162 0.091324200913242 0.0684931506849315
0 0.532724505327245 0.02815829528158295 0.0882800608828006 0.0563165905631659
0 0.4231354642313546 0.07229832572298325 0.0791476407914764 0.0563165905631659
0 0.502283105022831 0.1765601217656012 0.091324200913242 0.0639269406392694
0 0.6164383561643836 0.258751902587519 0.0730593607305936 0.076103500761035
0 0.634703196347032 0.17275494672754946 0.0639269406392694 0.0502283105022831
0 0.3401826484018265 0.02968036529680365 0.0624048706240487 0.0593607305936073
0 0.6529680365296804 0.02968036529680365 0.0639269406392694 0.0593607305936073
0 0.65220700152207 0.3858447488584475 0.0745814307458143 0.0684931506849315
0 0.4977168949771689 0.2579908675799087 0.091324200913242 0.0624048706240487
0 0.4992389649923896 0.3462709284627093 0.076103500761035 0.0684931506849315
0 0.5814307458143074 0.3371385083713851 0.0578386605783866 0.0654490106544901
0 0.5981735159817352 0.45662100456621 0.0791476407914764 0.0639269406392694
0 0.5844748858447488 0.5235920852359208 0.0791476407914764 0.0700152207001522
0 0.4863013698630137 0.4824961948249619 0.0837138508371385 0.076103500761035
0 0.4939117199391172 0.5852359208523592 0.0837138508371385 0.0806697108066971
0 0.5601217656012176 0.576103500761035 0.0578386605783866 0.0563165905631659
0 0.5083713850837138 0.7503805175038052 0.0791476407914764 0.0639269406392694
0 0.408675799086758 0.1491628614916286 0.0867579908675799 0.0700152207001522
0 0.3203957382039574 0.12557077625570776 0.0806697108066971 0.0867579908675799
0 0.2990867579908676 0.2161339421613394 0.0654490106544901 0.0639269406392694
0 0.2252663622526636 0.2191780821917808 0.0700152207001522 0.0882800608828006
0 0.23668188736681886 0.1126331811263318 0.0654490106544901 0.0791476407914764
0 0.4124809741248097 0.2975646879756469 0.060882800608828 0.0654490106544901
0 0.2747336377473364 0.317351598173516 0.0837138508371385 0.0837138508371385
0 0.1659056316590563 0.3097412480974125 0.0821917808219178 0.0776255707762557
0 0.258751902587519 0.4178082191780822 0.0821917808219178 0.0806697108066971
0 0.4048706240487062 0.4079147640791476 0.091324200913242 0.0852359208523592
0 0.3150684931506849 0.5342465753424658 0.0791476407914764 0.0730593607305936
0 0.1750380517503805 0.4619482496194825 0.0821917808219178 0.0776255707762557
0 0.3964992389649924 0.5669710806697108 0.0563165905631659 0.0532724505327245
0 0.1248097412480974 0.5449010654490106 0.0852359208523592 0.0821917808219178
0 0.2039573820395738 0.5776255707762558 0.0791476407914764 0.0806697108066971
0 0.3097412480974125 0.6339421613394216 0.0806697108066971 0.0837138508371385
0 0.319634703196347 0.7359208523592086 0.0882800608828006 0.0684931506849315
0 0.4786910197869102 0.6529680365296804 0.0776255707762557 0.0669710806697108
0 0.4185692541856925 0.743531202435312 0.0943683409436834 0.0806697108066971
0 0.3949771689497717 0.8401826484018264 0.0989345509893455 0.0791476407914764