1 0.6232876712328768 0.12252663622526636 0.1141552511415525 0.1628614916286149
1 0.4779299847792998 0.05555555555555555 0.1796042617960426 0.1019786910197869
1 0.4893455098934551 0.2070015220700152 0.0989345509893455 0.1643835616438356
1 0.5928462709284628 0.2732115677321157 0.0989345509893455 0.1293759512937595
1 0.541095890410959 0.4170471841704718 0.1415525114155251 0.15220700152207
1 0.2990867579908676 0.3386605783866058 0.1902587519025875 0.1598173515981735
1 0.3904109589041096 0.4208523592085236 0.1111111111111111 0.1293759512937595
1 0.3249619482496195 0.576103500761035 0.1263318112633181 0.1719939117199391
1 0.454337899543379 0.6073059360730594 0.1324200913242009 0.213089802130898
1 0.576103500761035 0.693302891933029 0.0958904109589041 0.1019786910197869
1 0.3333333333333333 0.6894977168949772 0.1187214611872146 0.0882800608828006
1 0.4604261796042618 0.799847792998478 0.1598173515981735 0.1263318112633181
5 0.3257229832572298 0.9307458143074582 0.1339421613394216 0.0958904109589041
1 0.2998477929984779 0.8310502283105022 0.136986301369863 0.0943683409436834
1 0.17579908675799086 0.5494672754946728 0.1780821917808219 0.1552511415525114
1 0.1004566210045662 0.3942161339421613 0.1248097412480974 0.15220700152207
1 0.14992389649923896 0.2990867579908676 0.0867579908675799 0.0867579908675799
1 0.1735159817351598 0.2313546423135464 0.1552511415525114 0.076103500761035
1 0.3143074581430746 0.14535768645357686 0.2024353120243531 0.2085235920852359
6 0.10578386605783865 0.7853881278538812 0.0380517503805175 0.0639269406392694
6 0.0715372907153729 0.6948249619482496 0.076103500761035 0.0563165905631659
7 0.593607305936073 0.9406392694063926 0.106544901065449 0.0791476407914764
7 0.6263318112633182 0.830289193302892 0.1324200913242009 0.1171993911719939
5 0.6225266362252664 0.606544901065449 0.091324200913242 0.0563165905631659
7 0.6103500761035008 0.5388127853881278 0.0578386605783866 0.076103500761035
5 0.6704718417047184 0.5060882800608828 0.0563165905631659 0.1141552511415525
5 0.726027397260274 0.4345509893455099 0.106544901065449 0.0958904109589041
5 0.7290715372907154 0.3089802130898021 0.0791476407914764 0.1491628614916286
5 0.8432267884322678 0.3371385083713851 0.1187214611872146 0.1628614916286149
5 0.845509893455099 0.4832572298325723 0.1171993911719939 0.1141552511415525
5 0.9337899543378996 0.4063926940639269 0.0715372907153729 0.106544901065449
5 0.9482496194824962 0.2960426179604262 0.0791476407914764 0.1141552511415525
5 0.8394216133942162 0.182648401826484 0.1019786910197869 0.106544901065449
5 0.941400304414003 0.16057838660578386 0.0806697108066971 0.1324200913242009
5 0.754185692541857 0.0654490106544901 0.1324200913242009 0.1035007610350076
5 0.895738203957382 0.6453576864535768 0.0958904109589041 0.1643835616438356
5 0.7519025875190258 0.7526636225266362 0.106544901065449 0.1293759512937595
5 0.769406392694064 0.6423135464231354 0.1111111111111111 0.121765601217656
7 0.7359208523592086 0.928462709284627 0.1263318112633181 0.091324200913242
5 0.7922374429223744 0.8386605783866058 0.0867579908675799 0.0943683409436834
5 0.8462709284627092 0.7496194824961948 0.1035007610350076 0.0684931506849315
5 0.8926940639269406 0.8729071537290716 0.0958904109589041 0.1324200913242009