5 0.601978691019787 0.9033485540334856 0.1476407914764079 0.1171993911719939
5 0.1171993911719939 0.3774733637747336 0.091324200913242 0.1400304414003044
5 0.16971080669710806 0.2602739726027397 0.1019786910197869 0.0943683409436834
5 0.20776255707762556 0.4931506849315068 0.1019786910197869 0.121765601217656
5 0.3127853881278539 0.5898021308980214 0.0958904109589041 0.0989345509893455
5 0.3812785388127854 0.4756468797564688 0.1780821917808219 0.1293759512937595
5 0.4208523592085236 0.5989345509893456 0.0837138508371385 0.0867579908675799
5 0.3219178082191781 0.1598173515981735 0.1719939117199391 0.136986301369863
5 0.3523592085235921 0.2724505327245053 0.1019786910197869 0.0791476407914764
5 0.4041095890410959 0.3485540334855403 0.1019786910197869 0.0730593607305936
5 0.4992389649923896 0.2222222222222222 0.1187214611872146 0.1400304414003044
5 0.604261796042618 0.23363774733637746 0.060882800608828 0.1415525114155251
5 0.6757990867579908 0.18036529680365296 0.0730593607305936 0.1019786910197869
5 0.745814307458143 0.10578386605783865 0.136986301369863 0.1293759512937595
5 0.8561643835616438 0.167427701674277 0.0989345509893455 0.121765601217656
5 0.9140030441400304 0.09665144596651445 0.0867579908675799 0.1019786910197869
5 0.5639269406392694 0.5038051750380518 0.1019786910197869 0.1339421613394216
5 0.5875190258751902 0.3721461187214612 0.1339421613394216 0.0837138508371385
5 0.0928462709284627 0.5502283105022832 0.0943683409436834 0.0867579908675799
5 0.1202435312024353 0.7534246575342466 0.1035007610350076 0.121765601217656
5 0.18036529680365296 0.6468797564687976 0.1019786910197869 0.136986301369863
5 0.1293759512937595 0.9018264840182648 0.091324200913242 0.1141552511415525
5 0.2678843226788432 0.8850837138508372 0.1095890410958904 0.1111111111111111
5 0.3592085235920852 0.7298325722983258 0.1095890410958904 0.0989345509893455
5 0.4931506849315068 0.6986301369863014 0.1035007610350076 0.1035007610350076
5 0.4200913242009132 0.8584474885844748 0.1339421613394216 0.1339421613394216
5 0.58675799086758 0.6491628614916286 0.0806697108066971 0.0532724505327245
5 0.713089802130898 0.76103500761035 0.1872146118721461 0.15220700152207
5 0.8881278538812786 0.7770167427701674 0.1111111111111111 0.1628614916286149
5 0.7161339421613394 0.545662100456621 0.1567732115677321 0.2024353120243531
5 0.8462709284627092 0.6331811263318112 0.0791476407914764 0.0943683409436834
5 0.9459665144596652 0.6286149162861492 0.0837138508371385 0.0943683409436834
5 0.8881278538812786 0.4680365296803653 0.1111111111111111 0.1598173515981735
5 0.8538812785388128 0.9307458143074582 0.0791476407914764 0.1141552511415525
5 0.8850837138508372 0.3143074581430746 0.0989345509893455 0.0867579908675799
5 0.7602739726027398 0.2945205479452055 0.1141552511415525 0.1324200913242009
5 0.06468797564687975 0.17123287671232876 0.0989345509893455 0.1141552511415525
5 0.13470319634703196 0.07838660578386605 0.1111111111111111 0.0989345509893455